1272551452444065800
1272567328065150978
1272552081765826565
1272552094126321664
1272553146481598464
1272553807994589185
1272554665142558720
1272555164541517824
1272560130371002368
1272562718785052679
1272584922650128384
1272625749837533184
1272628407264665601
1272700278878474241
1272800031796584449
1273415881809256448
1273432189267587073
1273808716396023808
1274063501653245953
1272555900784394241
1272555942681468928
1272555953561501701
1272556662222737408
1272556690605510657
1272556839021019136
1272556974148911104
1272557294459420672
1272558872901947393
1272558994113134593
1272559255682527232
1272560722015391748
1272561426171748353
1272562336151339011
1272564011356356610
1272565344616488961
1272565410018312205
1272565682102812681
1272568039939149825
1272568510552715266
1272568558455848960
1272568560544555009
1272571113764249602
1272573270676721665
1272575418407813121
1272588194077462531
1272588760270716929
1272591363981352960
1272592984316542977
1272597694314250242
1272601446421278720
1272603548254158848
1272604204297785350
1272620045932343296
1272620985120960512
1272621023221997571
1272624017300688898
1272624301284474886
1272626602942312449
1272626715399983105
1272629560803237895
1272631392149667846
1272634126668087296
1272641303269031936
1272641975175589889
1272658518965989377
1272660118329384965
1272716671862673408
1272720184814387200
1272756067127173120
1272773130033889282
1272779882968289280
1272781740298383360
1272784422429814784
1272785554783055873
1272793846917861376
1272807570202386432
1272834572183535619
1272868668041506816
1272912684116213762
1273090568294264832
1273103473324822530
1273183877998223363
1272556022067068930
1272556053994110977
1272570132456407040
1272647103093735424
1272662798485475328
1273012452075220993
1272556071492730881
1272556821228765184
1272556147388661761
1272556230972751877
1272556527845625857
1272580166561206273
1272603591895891969
1273135777556414465
1272556330738425856
1272770006464503808
1273135756274536450
1272556385155383298
1273135745369341953
1272556527719768066
1272615457095405570
1272556577292193798
1272556753910194176
1272782228498546688
1273135706064461824
1272556634192175111
1273135681158742016
1272556727230136320
1273135669154627584
1272556798537617414
1272599003809669124
1272556864782434309
1273135639450484736
1272556982105444352
1272557056457875459
1272562580268044288
1272576378567905280
1272557150343135234
1272557216864915457
1272620444743618561
1272718641566486528
1272557279733338120
1272593151547629573
1273135547410796544
1272558305748103168
1272562381206495240
1272905206074945540
1272562235601231878
1272598832908386305
1272620255907643392