1277622705605554177
1277625180093734912
1277676560309501952
1277690353915555842
1277761570311823360
1277794935937228807
1277834573670383617
1277933931497549830
1277936004611977224
1278324928320847872
1278411704586690560
1300818666586542081
1277623193855946757
1277623220108173313
1277626254146093057
1277626254519345159
1277626434089914369
1277630439134343168
1277631306558517248
1277631349361463296
1277632997672583174
1277693041755607040
1277696286750314496
1277697468965236737
1277698634658742281
1277700509785182208
1277704503190577154
1277705477854564353
1277708021729296384
1277708352957661185
1277709756510228481
1277710542464049153
1277710870345322496
1277712225923477504
1277724700022456320
1277730990211895298
1277743186694324225
1277771985649614853
1277791115207299078
1277826340025057280
1277829565230903296
1277836166444707840
1277837621541117952
1277843765542215680
1277844123467182080
1277847821996167168
1277867082512691200
1277871911201058816
1277911554403549184
1277921499555303425
1277934199807324162
1277964889533759492
1277965664829886464
1277969603675611144
1277979309039222784
1278010237979631616
1278026440395587585
1278165003686703104
1278791973273395200
1277623313574039563
1277623990018695168
1277624323860291584
1277632116839178241
1277662078199685120
1277698043962253312
1277699650468929540
1277700993170370560
1277701772690292736
1277702434744340481
1277702489500942341
1277703093514383361
1277703857724948482
1277704410542587909
1277704892509859840
1277706457656549376
1277706561821872128
1277707997075189760
1277708206278672386
1277709368281137155
1277710375136358400
1277710580355403777
1277714003825958914
1277714791663112199
1277715391255654411
1277715915828756486
1277716435771539456
1277717064786952192
1277719753218379777
1277720046853292032
1277721204720373765
1277721775128875008
1277722447106789379
1277723142195052544
1277726220470431744
1277726640257277952
1277727039123009541
1277728091880775683
1277728951826251776
1277729504790753281
1277733066744762368
1277735059127242753
1277735151603200002
1277736334359179266
1277736527410290690
1277738532757438466
1277741610244194304
1277743707203276802
1277746215392706561
1277752385084043265
1277752565300703239
1277752812386975745
1277764200815890433
1277768541983424518
1277769401924796416
1277774803861200898
1277780269571997698
1277780642579845121
1277781904532672513
1277785448652423175
1277786358950461440
1277791408431267840
1277793674529771521
1277798749553733637
1277800420459474945
1277802577971814405
1277803668780093441
1277805211755610112
1277806332108615680
1277810559979868161
1277815056131067904
1277815101320503296
1277815854059663360
1277823918573641728
1277824979954831360
1277837307597541381
1277841484314624001
1277842869189926912
1277842885807755264
1277843037348073473
1277843829106700292
1277846875232776192
1277847424359424000
1277847483008217088
1277849998948855809
1277851376064880641
1277852067596505089
1277854092866408448
1277854272990871552
1277855832961474560
1277864873125392384
1277871536213389312
1277878768670060544
1277879238906056706
1277880650851332096
1277880722460602368
1277884950419836929
1277886729064779776
1277889392745615360
1277890385826639872
1277891553776762880
1277892056611016704
1277895286027886592
1277897873942892544
1277899731751047168
1277899925548924929
1277906371611156482
1277907475031678978
1277914495554392065
1277916266397929472
1277917741383639041
1277926784345018369
1277926867715198977
1277932396567056384
1277940307410247680
1277948481915834369
1277959037678731265
1277965048204296201
1277969418899714049
1277971636092731392
1277972658378862592
1277974473673601025
1277981646147538944
1277982526040969219
1278026327463882753
1278032828765175809
1278074234653290496
1278183308552294400
1278198831331471362
1279757486090850305
1277624065566609408
1277700258374574080
1277703781350850561
1277722366769074185
1277740523567153155
1277740699811799040
1277750162690052096
1277809633231503360
1277841506263396353
1277847831143780352
1277857091416358912
1277870774439854080
1277900301756968961
1277907906114060293
1277919251429539841
1277930546505691136
1277965015589376000
1277970828152328193
1277980781592248326
1278003266933207041
1278131056076623873
1278649143813120001
1277624139860279296
1277631059371458560
1277706163732115456
1277707690094051330
1277716620060897280
1277721150173392896
1277724861620785156
1277735012033576963
1277747138080849920
1277770962159710210
1277775189502242816
1277779960875364354
1277800388863750147
1277809523814776833
1277833856213630976
1277851878789971969
1277852751184064513
1277879753345826816
1277897373780520960
1277908266018844672
1277914531084328967
1277933222375063552
1277933906327670784
1277942110570926080
1277971415983992837
1278325801386078210
1279548585487396864
1277624422552272896
1277624709966729216
1277631102505701378
1277700896219152384
1277712570909106179
1277715671980400644
1277717583232466945
1277719904930500608
1277720084925079553
1277725222670663681
1277728585156120576
1277743723846103040
1277767119132917771
1277808631535276032
1277810735964319744
1277829896342044675
1277847860009218054
1277850763440427014
1277864096268861441
1277866436871049217
1277878981593714688
1277880314690404352
1277897478734577664
1277930898491674624
1277934274822488067
1277624760718016513
1277720424957214720
1277735905986514945
1277762146017910784
1277811588054102018
1277624957711892483
1277653177395888128
1277625597364183040
1278212283248922625
1277625583279706113
1277627530963386368
1277630520034242560
1277632488467304448
1277636393649549312
1277646541193388036
1277647676595732481
1277652927985876992
1277653226574102528
1277658512009703426
1277658837684609024
1277667105970610176
1277671981463322624
1277680548740075521
1277695481120948224
1277744013228101632
1277756816324263942
1277764309351833601
1277787605115928576
1277885162294935553
1277972971806572547
1277982541753077761
1278064344966803458
1278145886045044736
1278152344279146496
1278587710027030528
1277625797793153024
1277863355231821824
1277626009945280513
1277626206700142594
1277628069583429634
1277714406063955970
1277626484929245184
1277627961303171072
1277844721101082625
1277909277382975489
1277626862110257154
1277627027781271554
1277627822194991104
1277631324501577731
1277699343827578880
1277699877007474696
1277704393874460672
1277705719857340416
1277709309586128897
1277709741607858179
1277723385846513666
1277725671222128642
1277743222979207169
1277836619941363712
1277843252243128320
1277899278468481025
1277902814115778561
1277925063627608072
1277970946163240964
1277978738559340544
1277627823453360131
1277628210424025088
1277699495040634880
1277702947045072896
1277714522632073222
1277724174371389441
1277743292277538816
1277745762890330114
1277751320489984003
1277770526778368000
1277812178452692992
1277813526007025666
1277817245335531520
1277839749030567936
1277848853396492288
1277861571356692482
1277864352041906177
1277895365392502785
1277902103306997760
1277910490551709697
1277915329788891136
1278560753256206336
1277628211644555265
1277628472811229184
1277629587891998726
1277830826340696065
1278186260822188032
1277629385886109696
1277808086347022339
1277863328669458432
1277629520321941504
1277714225121673228
1277629688425394183
1277694687915188226
1277712803244265473
1277713554578321411
1277725532705173506
1277729463292186625
1277737561906176000
1277741124237570048
1277765739961704449
1277776503036448768
1277778569696075777
1277785282117394434
1277847017968898048
1277869138468376577
1277887446961840135
1278381224935985152
1278440989338800135
1277629846798184448
1277629922022957057
1277630095058964480
1277630174788489216
1277630334285123585
1277722731421851650
1277734675075813377
1277741546922586112
1277630222918131712
1277635262999416833
1277638799309316108
1277641231359713281
1277696823583358981
1277700337793720320
1277703329301307392
1277704638322470912
1277706000741675008
1277706201439055873
1277706697960828929
1277707074709983233
1277716054609928193
1277733783618363392
1277735234402910208
1277737927569813506
1277738946353672193
1277743719811350533
1277746420393684992
1277748568074399744
1277750619051364352
1277758102071390208
1277763470679699456
1277804016500723712
1277828818275885058
1277837731624890368
1277846149051944960
1277851922968371200
1277861825003106304
1277868764776681472
1277870661466066945
1277878387323875329
1277883941886689281
1277884070136098816
1277917011528556547
1277926020448837633
1277952718456397831
1277966793613520899
1277988767656181761
1278005939011047425
1278045110232510465
1278054882323423235
1278080790371250176
1278205558840049665
1278266544548700160
1279651759166648321
1279953904105635841
1277630327171829762
1277632344086712323
1277630418565705728
1277653311672348672
1277735548946460675
1277743979401003008
1277775785458204673
1277859612633358341
1277914247964418048
1277631945825026052
1277632561209106435
1277650426448547841
1277656008634937344
1277702010134020098
1277710219896815617
1277752398203817986
1277843531160268801
1278945149238861825
1280654231276380160
1277644025152053250
1277684630892810240
1277708977627856899
1277710769740820480
1277732352886792192
1277735201330868226
1277735561948803080
1277736094138863616
1277762421873139713
1277795914187526146
1277826565213024256
1277915749080842241