1276595770813296642
1276567345192894469
1276568336793579520
1276569348405149697
1276798848082440192
1276575270166659072
1277963217797431305
1277980999570227202
1277997692761718784
1277999861279993856
1278037874529775617
1278497537717080064
1276572921318838272
1276570711151325184
1276571079977439233
1276573124243468294
1276578691129073664
1276606769603776513
1276623215226281984
1276629775122083842
1277031946535809025
1277043641333084160
1277065207567835136
1277067069326942209
1277314751190704129
1277330543185661952
1277349674500984833
1277603047049486336
1277709587374837760
1276572395600478208
1276597773199126528
1276575061470822400
1276590340535775232
1276575728197304321
1276575887463514112
1276593255761809414
1276596137416409088