1275849429820596230
1275819440890765312
1275835068632625152
1276207707096338435
1275816357268000769
1275816731366342659
1275817209030250498
1275817380845780992
1275817431416659968
1275818554407829505
1275818826827853824
1275818949037391879
1275818995065794560
1275819028527923202
1275819381319249920
1275819637167411203
1275821381448392704
1275823915823009793
1275825937108566018
1275830823749648385
1275831750837571590
1275836582793281538
1275844101540319233
1275845472331214851
1275847250435022850
1275853865095704582
1275856206800867330
1275868301277659139
1275870170154561537
1275880457255694336
1275881100892680192
1275889476997468160
1275891066219032576
1275893250520494081
1275899354214215681
1275908380477911040
1275977698477776898
1275980993502027776
1275981228005613568
1275981297836580864
1275981401318395904
1275981725210947585
1275982153638125569
1275982516994936833
1275982590554537990
1275982921476837376
1275983312314605571
1275983422578712577
1275983564799172610
1275983920635486210
1275984203251884032
1275984481405501441
1275985603126005768
1275985639645892611
1275985910224560128
1275986566192812034
1275987119954186246
1275987274308739072
1275987919568809984
1275989066476109826
1275990632209756165
1275990815194714115
1275990831791562752
1275990874653155328
1275990975333228544
1275991464875626496
1275991539924242433
1275991650460983297
1275992273289990144
1275992282710315009
1275992299483418624
1275992384980111363
1275992456270680067
1275992600386899969
1275992630292332545
1275992673208479744
1275992693701840896
1275992745505624065
1275992761481732096
1275994281518473217
1275994446946017282
1275994999935696896
1275995364341014530
1275995398415552512
1275995688598454275
1275995857184317440
1275995994698797056
1275996673915969538
1275996806988681216
1275997337945608192
1275997396993019905
1275998355634761729
1276000349170601984
1276000394582405125
1276001050739257344
1276001246160322560
1276003802794151936
1276003848113586176
1276004482476920832
1276006020565938178
1276006577523302401
1276009689965367296
1276010625102217216
1276010746485358592
1276012629719494656
1276017382956380161
1276018292495351808
1276020996303093760
1276022997669773313
1276029528905744396
1276030175533305858
1276035393050247168
1276056220357533696
1276062568218533889
1276068151537655809
1276072226706673664
1276072274488102915
1276072390984978437
1276077941772910592
1276078608273080322
1276080665826598912
1276080783913091080
1276087527368208384
1276092265786675200
1276094024986890240
1276094388632944640
1276096056707764226
1276098990103298051
1275816940360085506
1275817040574476295
1275940499849789440
1275984932276277249
1275992680854687744
1275995412508409857
1275997398469431297
1276003017066766336
1276004144915120133
1276096785161879552
1275817048547958792
1275818034737930240
1275818945090473984
1275856290322014210
1275897885830320130
1275923285319000066
1275956241869783041
1275982388544196610
1275987271498387458
1275990194966220802
1276002933767897093
1276037095866261504
1276096817588027393
1275817395526000646
1275856341358325760
1275959852209041408
1275985432443043846
1275990354265812992
1275992174904180736
1275996867936112642
1276002962536640512
1276097087348883457
1275817457865949184
1275985542451208192
1276096935678676992
1275818604248862727
1276097174154199040
1275818742187003904
1275857058626187266
1275992233259479040
1276097011457146880
1275818836076437509
1275819113269600259
1275819117178572800
1275819532691464193
1275819964474277889
1275820157953335296
1275822006605418498
1275982184202018816
1275986579090108416
1275992429989068800
1276046386258014208
1276097221302378496
1275991176320028672
1275819235407794178
1275820279428608003
1275982262870388737
1275992510280720387
1275819337253879814
1275992547844857856
1275819439620055040
1276002761461641219
1275819523980091392
1275990084924342278
1276149989421522952
1275820637857165314
1275857255733374976
1275989586574000129
1275997446234091532
1275820639157354496
1275820640382132225
1275820641833439235
1275881578321842183
1275907188960223234
1275954404793909249
1275989028509229057
1275991884498972672
1276004720105213953
1276150140592586758
1276305784461295621
1275820786432061440
1275866225025957896
1275866408153473025
1275979155092443137
1275986081389981701
1276004628098887689
1275820884469731329
1275821176430960641
1275979125803692032
1275991490737700864
1276011004015587328
1275844585932103680
1275848797222993921
1275856613006589953
1275979097857052672
1275985547224367106
1275991432591966208
1276001515040387072
1276010976501026816
1276018954830577665