1270119624730767360
1270119742255312897
1270122811730821124
1270125101724381198
1270127434306895873
1270127517366652933
1270128734847164416
1270129647662047232
1270129956010422278
1270130836340273152
1270136648878047232
1270152093538627584
1270164445122236416
1270173747673088000
1270173978959785984
1270174550991556608
1270174876133818369
1270175075485069312
1270175224370040833
1270180019369902081
1270188009296736256
1270188193418063872
1270221705156235264
1270223001351421952
1270240782033674240
1270274704163700736
1270277614729670657
1270306146146848769
1270306867403796481
1270307969209597953
1270313446660333569
1270338282065481730
1270345257486557187
1270347613875982337
1270390719329398791
1270418176166289408
1270427456881688578
1270427637589127175
1270445517974188033
1270472935149625344
1270486114038476800
1270594569894105088
1270638758799511552
1270647469337047045
1270913103715282945
1270913270979805184
1271542085036978178
1277596936019869696
1279731048855687168
1310524908670193664
1311006420998008839
1312503506377478145