1273364044292947968
1273373640919310337
1273374936841715712
1273375259970932743
1273376136333078531
1273382171756113920
1273382519786934273
1273387713044131844
1273399780618702848
1273427537369067520
1273485212937142272
1273574182891196419
1273576867820421120
1273586242018566145
1273598049047076864
1273598144971001856
1273599717843353602
1273676389754044417
1273723412070961152
1273775366629441536
1273952606109536257
1273967172876791816
1274159342569369602
1274163575980986368
1274188191461978112
1274335168707387393
1274407767927689216
1274408409920491520
1274425933865398273
1274692712214802432
1274874803552260097
1274876741085990912
1274896139825881090
1275014206430023688
1275149932756779008
1275153149708255232
1275181427898925056
1275209966186631171
1275255944306405376
1275362014001614851
1275516825263095809
1275531119698550784
1275539445396041728
1275554041716588544
1275606650053853185
1275706738705084418
1275775194070691840
1275787667993755658