1270738253990281217
1270769632077479936
1270865040313384963
1271739380235894785
1270739586000584707
1270739611933949952
1270740964374544385
1270741162819756033
1270741204154580993
1270741662466215938
1270742096606093312
1270748153306742790
1270750887863095296
1270761570562265089
1270769267210883081
1270786102991958016
1270789509093953536
1270795745973678080
1270796878603366400
1270797775681335301
1270814679158439942
1270824660805062657
1270824808847212544
1270827252058652673
1270831854501888007
1270843851503071233
1270857911028387841
1270907491157598209
1270910863122108416
1270917728321372161
1270917802673790976
1270918126130147329
1270949038481747968
1270958674433896448
1270960356492480513
1270987053631705096
1270987472374312961
1271035366741626882
1270761717853798403
1270965157150285825
1271035651476119552
1271035879264522240
1270740300517060608
1270740438534828032
1270740500434296834
1270740608441741315
1270990696955215873
1270740973195341827
1270741032553132035
1270763890855444480
1270990190555914240
1271083454218690561
1270741233913204737
1270848968076021765
1270902788650864642
1271160088443699202
1270741278901391360
1270749298087669761
1270982518213410816
1270741819572224001
1270745418473918464
1270746275344838656
1270741369053761538
1270743659483484166
1270967470548045835
1270741633823322118
1270741895321391106
1270741680837341186
1270754776469442565
1270967441385021440
1270742138633048065
1270742140084195328
1270743512896724994
1270773507710992385
1270764439906721795
1270785721314545668
1270967347596197890