1271498623105335297
1271537709572591619
1271489555376545793
1271491010674282504
1271530209431506944
1271581048237940737
1271605150742917120
1271624530843316225
1271792182333235200
1271806744746881025
1272247051154100225
1272863324091318277
1274217384719659010
1271515618517364736
1271643963838074881
1272670525156847617
1272676274092244992
1272677215403032576
1273153821372538886
1271502032193703939
1271502157259382791
1271502272271396865
1271503826307223552
1271509779895074821
1271510925216866304
1271520364934369281
1271522148864135173
1271546207949783041
1271556698365325312
1271565136877191174
1271566442408947713
1271568136416817152
1271570752735719430
1271581155037503492
1271583067816095744
1271590705480204288
1271592224233385984
1271600537062924288
1271603632526548993
1271605137598005249
1271611576026628096
1271614768256868352
1271617980040802307
1271624289545064453
1271628427519381504
1271650671159242761
1271687145078566912
1271709664602755072
1271809651638628354
1271915750538739712
1271935423300984833
1272247000767979520
1273035735625416704
1273305889974308864