1268201552046628865
1268201734939213825
1268207956803432449
1268212016751292416
1268218408908099584
1268229747886002177
1268229796686897152
1268263459973562369
1268548320399699970
1268561553265242112
1270118797622599681
1268324163867074571
1268325623455535104
1268328471056584704
1268328660282617856
1268423514945658881
1268508831035920384
1268643548838199298
1268723730114473984
1268727665353207809
1268963800184696837
1269112717929074689
1269232314581745665
1269386136029462535
1269978813175336963
1268209796198662147
1268211024978722816
1268211076140724224
1268211094042152963
1268213982739017730
1268214156030689280
1268220224870010881
1268221999287074823
1268226717996314624
1268235320505630721
1268235351908388866
1268261429460770822
1268345982854369281
1268363692082556929
1268410852522070016
1268421125668835329
1268463099956387841
1268209999991488513
1268210175669760001
1268219952344952833
1268210088663285760
1268210215603896327
1268210297359208449
1268210372055642117
1268210580541673480
1268210662070726656
1268211245875781633
1268210804505051140
1268210873300123648
1270735565722247168