1271098954596225025
1271115042314833920
1272044473703231490
1271519951397019649
1271556051419217924
1271604965765677056
1271648389046792193
1273390716119666688
1277290109746982915
1271086658511876098
1271090255450570763
1271108943301967873
1271128367270526976
1271129763940311043
1271133325294477313
1271161971812052992
1271173355740319744
1271237496823861250
1271298786548219906
1271307280042962945
1271327311757840389
1271339215024844800
1271348476127973377
1271348556960538624
1271351168531197952
1271360849169481728
1271371275034783745
1271462946619752448
1271496072746143744
1271540981381443584
1271564431982395393
1271650688649527296
1272121435062849536
1272291820379258885
1272381256362127360
1272384388534239233
1272402185410600961
1272520608186863618
1273186990494609408
1273480279932276736
1273744895782473729
1280575046365437952
1283649559768399872
1283655699952590848