1268210951142154241
1268211082822385666
1268211176405696513
1268211288787861509
1268451197079425024
1268211537539477507
1268211671065137152
1268212046602153989
1268211813528854528
1268220430810099712
1268211890276139009
1268212018802237441
1268221814779633664
1268212303092162561
1268222112537251840
1268243034392715267
1268726045378666496
1268213330889457665
1268214280131837952
1268214494754455552
1268214871201644546
1268215509914435584
1268215646128607239
1268216460985479173
1268216873818226689
1268218918507696128
1268220036411342848
1268220627254751239
1268223328650530817
1268223710080581637
1268231125421473793
1268234713946296325
1268238734425821187
1268240303011647490
1268242255451652098
1268251230406672385
1268329922117935104
1268356195989028864
1268429592051810304
1268504255478009856
1268213292046192642
1268240638421733380
1268243096480944129
1268213376607543296
1268221617550831616
1269676344796835840
1268225093399769089
1268232581126000648
1268221303187574785
1268236012528062464
1268448973993529345
1269676265214107649
1269676290551889921