1268463193359151104
1268463490848690176
1268463612282023936
1268463612495933442
1268464560723365888
1268464673902538752
1268465230411190272
1268467916678275072
1268468746550571008
1268469660388855809
1268474018169884672
1268475852188196865
1268479437743558656
1268480913677090817
1268488039619276801
1268529194893524993
1268530981138575360
1268531010637041669
1268549964441030657
1268560089775931392
1268580721485996033
1268596456480542720
1268597158665740291
1268603302691799046
1268607401197961222
1268607475613229056
1268611730155790336
1268614716479270912
1268621154270375937
1268625269100863489
1268628687701893121
1268628867683663873
1268629396476301313
1268667548259794947
1268667900220538881
1268696311961808896
1268696593269551105
1268780445056917505
1268808581119434758
1269199456500699138
1269211070411026432
1269305179712761860
1269597907604430849
1269676173262352384
1270286642297876480
1280461486398164994