1270434252765659139
1270434604017758213
1270438512593010691
1270438792302940169
1270441415818924032
1270442526869241857
1270464277720203264
1270490308950753280
1270491071743737857
1270501784960643072
1270505666336239625
1270507148422733824
1270553201930940416
1270569363821613057
1270579731545587712
1270605036834500608
1270654256215883776
1270669863376297989
1270674086826520578
1270679887204974593
1270687917594247169
1270689894378221569
1270746232567279616
1270750586451816449
1270784703214358530
1270895826068357121
1271045227978113024
1271274534591750144
1271457854591889408
1271610629065826306
1272675686797500418
1270434679489994755
1270435985172676613
1270436806417240066
1270438425271959558
1270440966432780288
1270441557666279424
1270443343814615040
1270453776940273664
1270461250691125248
1270494037183774726
1270505337100079105
1270522901998063616
1270532629989920768
1270675374062649349
1270707165133758465
1270793834054778880
1270796436725088256
1272162053638238208
1272177886498340865
1272209725527121921
1272214846612725760
1272235575504809985
1272236324557373441
1272245669152030720
1272290295841865729
1272311907693854721
1272312478194634752
1272339980308938759
1272348235332562946
1272356152509181953
1272364848584720385
1272366577703432197
1272398075965763585
1272531475238285322
1272618485403828226
1272654593139159042
1272741274605453319
1272813596850950144
1272815543330975745
1272816049935863808
1272820705244196869
1272821519241089024
1272835441822019584
1272835487460478976
1272864817053925377
1272875844541841409
1272887541683957763
1272888770602258432
1272894538084954118
1272936986555428870
1273158231498674183
1273159303269167104
1273161413985538050
1273164035459031041
1273177090758709248
1275270220890816512