1274085959760519168
1274025285093150720
1274043198122463234
1274157853595455488
1274235381760704517
1276262182305574923
1274033178316083202
1274033984507465730
1274034292285419521
1274035363607011328
1274035673683673088
1274036475458277377
1274039075104677888
1274040544692494353
1274042791841214464
1274048102647955466
1274051117568208898
1274052254153076736
1274052665056649216
1274054687122210816
1274055808343515138
1274075387933401089
1274082729873768450
1274108570015903744
1274139940486553600
1274146974296662017
1274163270132338692
1274175206244986880
1274194973944975360
1274272279141036035
1274277903765659649
1274384468573212672
1274035631694512128
1274036570996248576
1274043261582278656
1274063394199519232
1274176946717577218
1274356546374336512
1274407431594967041
1274435601526333442
1274563413599899649
1274606472136196096
1274738840901570560
1275206065571823616
1275169955890245633