1271926851561291782
1271936883484999682
1271949489759272960
1271950535407611906
1271966275628085252
1271966761139744768
1271972320240963585
1272049637529137152
1272061797252706305
1272065833167196162
1272076968209420288
1272079027411566592
1272090126647164929
1272094556192940033
1272152820842524678
1272180411058270208
1272191992525541377
1272216670832963585
1272223197665132545
1272227757464989697
1272261714390777858
1272354591460544513
1272374118243958786
1272434418414649349
1272472507358961664
1272620847044407303