1272813202607427585
1272814006965686273
1272814141963505664
1272814850390077440
1272818839928127488
1272819547138031616
1272819980799815681
1272820387147952128
1272822663715553282
1272823272653062146
1272827654807474176
1272830155887648769
1272838351972962313
1272847926398791681
1272848983887695874
1272851182935998465
1272852863505530897
1272878876218318848
1272882522054148108
1272897717551931392
1272916248586678277
1272938263565815813
1272974779109257216
1272979676114321414
1273116803120664582
1273329969561812993
1273617044437561346