1270462892404547589
1270469277661962241
1270470172088901632
1270484638142795777
1270498546777763841
1270526258045243393
1270538362382843912
1270549741584121856
1270551849180057601
1270557565005504515
1270574303633903621
1270577848743575557
1270583292094566400
1270583473129115648
1270651582837698560
1270675688572542981
1270678330199756806
1270679274622726144
1270696143702327300
1270720105496768523
1271084513800720384
1271086033631772672
1271086231246405634
1271087803925848064
1271105151365873665
1272234346414563328
1270471228910981120
1270475838337748992
1270524383778480129
1270525704967458817
1272930604590362624