1268519089947004934
1268519295451107328
1268520931456057352
1268522210785988608
1268524005960663044
1268533019821977604
1268567538973188096
1268519269538713601
1268519451483389954
1268572342713810944
1268585989238333444
1268599956706918402
1268600977831100416
1268657232838832129
1268957667810250756
1268771662926921729
1268520721535447041
1268524891755642881
1268520123876466689
1268523582562295809
1268520339069435907
1268521959022870529
1268523842512793601
1268525912368140288
1269676128685289472
1269676148062949376
1268672024437821442
1268672086270189568
1268798270794371072
1269099125208838146
1268521221395800064
1268521888474636290
1268538961858891776
1268546961524875267