1267457641682472961
1267458384225120257
1267466888365236226
1267470165899427840
1267471142618628098
1267476956351729665
1267495294452879364
1267503245351464960
1267547169629880326
1267562214195683329
1267565653621272576
1267567029168431104
1267574973243297792
1267695826249408512
1267709153457381382
1267711234691997697
1267740733211119616
1268678528326721536
1267461030071791619
1267520112170610689
1271550146602508290
1267460662092918785
1267467884441284610
1267462549672468480
1267470279510577152
1267472278209642496
1267475560193757185
1267476052424753154
1267487917116731397
1270745883672342529