1271536083361128449
1271536451704979456
1271538255352094720
1271549534724739072
1271553900118564864
1271555229977362432
1271556834571280384
1271561718867492864
1271574463646031872
1271577803109040133
1271579972830969858
1271589383733415940
1271605053665804288
1271605394121646081
1271605993147781123
1271613060612886528
1271613899914297344
1271615342054383617
1271629028697313280
1271632032423194624
1271637446623662080
1271639984714506241
1271644581575057408
1271644954620686336
1271646464238915584
1271648489706082304
1271649018750414848
1271650482918998016
1271654252872642562
1271654278453587969
1271659143481495552
1271661380781867013
1271668440877551616
1271670872261029889
1271674247262416896
1271682493738029057
1271696129822875648
1271697953267175424
1271698485516144640
1271765269149626368
1271774975272288257
1271781612385177608
1271783746702802945
1271787371608956928
1271790561092145152
1271810944298102785
1271811586005651462
1271812895047704576
1271814986721943554
1271818648810897411
1271835974939615235
1271841134701142016
1271841990532116480
1271843554017476608
1271849963627012098
1271863118088503296
1271875427699617792
1271891277026648065
1271901020260630529
1271939838493822977
1271967916490014721
1271969980591071232
1271997070480683008
1272026601908125702
1272027034126938112
1272028359430508544
1272032865166012416
1272196739974467586
1272243884446420994
1272318425684013056
1272397621731233798
1272701499731214336
1273423528117833728
1273454704702500864
1273745459635458057
1274181610326253568
1276615833930870784
1271536279935582209
1271543063916183564
1271546208037847046
1271575927940661251
1271604513150025730
1271611894827085830
1271647722148204544
1271681012372615169
1271707668500094985
1271768837009158146
1271853960530280453