1275687718102712325
1277653520783757314
1278391169035186181
1274064325146279936
1274432224235073536
1274756520664641537
1274767210825859072
1274781127279026178
1275093233496993792
1275661361943543808
1275887135665643520
1276024608827666433
1276638511664267264
1276996207114665984
1277711045822464001
1278086655069630466
1273740478408568832
1273776231444443137
1273779872075137025
1273808523588071424
1276021018314682368
1274790409487736833
1275459103075250176
1273607448448901120
1273607449845661697
1273608752399355905
1273618597454045184
1288002992529178625
1288011686847426560
1288013770514665475
1288019282648018944
1288050475951165440
1288077776692576256
1288078191593230341
1288078841848750080
1288082758728916995
1288086210129416193
1288094523281887235
1288107433680764935
1288107849168457728
1288122348638412803
1288125385041829889
1288127083810414598
1288134469564735493
1288146620802936835
1288193253683200001
1288204460465041410
1288208612767145984
1288214650925056000
1288222164966047744
1288222265646211073
1288239391056498688
1288253670803595274
1288270206800924673
1288273414348775424
1288293230715572230
1288300086309445632
1288300837115240450
1288301596347117569
1288307825538629632
1288324048498262016
1288351329010593792
1288414689295314946
1288423886141390848
1288452608349306880
1288459054604525568
1288465451836567552
1288553460510732288
1288574046079053825
1288687720655548418
1288690333338001408
1288690786620420096
1288764824118349825
1288789469655699457
1288790690907017216
1288798116204941313
1288901633607258112
1289191321630961664
1289364664220913664
1289493742991208450
1289532171695337472
1289601990767472642
1289748459747078145
1289749826578522112
1289786704283361280
1290051549138423811
1290061482370072577
1290105105472040966
1290156020317081602
1290170196586446848
1290244563227959302
1290260856270229506
1290282309107810305
1290522321585876992
1290592777118593026
1290692421475618816
1290802962013589507
1291239622383734787
1291769594730831872
1291794378034421760
1291827283003674624
1291847406171107331
1291991354990448640
1292122885063139328
1292124956021710848
1292151510558638080
1292173903318712322
1292253432171106304
1292305483269799951
1292365436969979904
1292886151125012480
1293201499649126401
1294031900194082817
1294296699590991873
1294819981683757059
1295225923143376896
1296208719764652033
1296934401729798144
1297317283950460931
1288042695349477377
1288065600707846144
1288173254268588035
1288208416293322755
1288225432849068033
1288256981074096135
1288300124083376128
1288332649677729792
1288353758313947136
1288567381590253573
1288778249003294720
1288781299008905218
1288863976906985477
1288984013508616198
1288991086275366912
1289110748573171712
1289220088130932736
1289241695461154818
1289267003660759040
1289382001078759424
1289493772959494144
1289527368806051840
1289895192581922816
1290012254876753920
1290263079205220352
1290311017734406146
1290490322435203074
1290677955283152897
1291852851120144385
1291991472137412608
1292078190060613632
1292272197185048576
1292321350036660225
1292454448367902722
1292548076838608897
1292903859409637382
1293196483311947777
1294821046974062592
1296202607887814656
1298426927775129607
1298799239720566785
1273611377266098176
1273612682344751104
1273614984279478275
1273618099917541377
1273644107160829953
1273649684771463170
1273653426123968515
1273655456905531393
1273678583962181633
1273836435888455680
1273849627763236864
1273857214227181569
1273948512238133257
1273951609165398016
1273981487457513473
1274029932918665216
1274189904558174210
1274193024344457217
1274193254917959682
1274200213096263685
1274223877518835712
1274224569021116417
1274235488304377856
1274242370221912064