1272528494023585800
1272529510651609090
1272529652393926656
1272529794908000257
1272529894874976257
1272530224467542019
1272530331581779973
1272530870415626241
1272531010127790089
1272531251023486978
1272531894165479427
1272531942613962753
1272531999333515266
1272532069122551816
1272532465463238657
1272532717545152516
1272532913838489600
1272534454507057152
1272534868795297792
1272536406745808896
1272537249641570304
1272537487546748928
1272537648104701952
1272537785900154882
1272538296485281793
1272540304869076998
1272540543797596161
1272541297904168960
1272542854246694913
1272543361984016387
1272549542827905024
1272556011711279104
1272575930536308742
1272580308928352256
1272580443523567616
1272586250600558593
1272603533402165257
1272684655213457408
1272685716808622081