1271059410929045505
1270750825191792644
1270778377553797120
1270788933987627008
1270796787079614464
1270759855683522560
1270761872514408448
1270825257067319298
1270859332029202437
1270863233251852288
1270902109047848960
1270907892942753793
1270964836684517376
1271028126768865280
1271098683669598209
1271221675556651008
1271484945773576192
1271551945514209285
1271553606467141633
1271580735426551808
1271583608424271872
1271597239878717440
1271648519649099778
1271739187457294339
1272033480772399104
1273266927855493121
1278370268365426691