1276097417776111616
1276098555145596929
1276098834754531328
1276101462205095940
1276101625774583808
1276102669191569408
1276103088403693568
1276103914421719043
1276105349465018368
1276105627576741889
1276108402515759105
1276112000691703808
1276112777007038464
1276117204283658240
1276188715069648897
1276244415456186368
1276400355765518336
1276403149742505987
1276099756671021057
1276099802334445569
1276103138273984524
1276103668799025155
1276104288574541829
1276105366565269505
1276106602903470080
1276106842964361222
1276107182656966659
1276108034750775297
1276108171397009408
1276109166659145729
1276109513808998401
1276111343020580864
1276113229526323200
1276113707081310213
1276117562602983425
1276117576846921728
1276119064604262405
1276119691891744768
1276120289328467969
1276122940325662720
1276123116465467392
1276125456945864704
1276126910691639298
1276127141650890753
1276128769254793216
1276129004542660609
1276130661829492737
1276131181248098304
1276131462392184832
1276132885783863296
1276133363250876416
1276133815963049988
1276134801486024704
1276135295772024832
1276136303214485505
1276138392103858177
1276139888522526720
1276143097840373760
1276144347218673664
1276147149236047872
1276147819942940672
1276152476786360320
1276155903599874051
1276156947306250242
1276157655917223939
1276158263449526277
1276159121675431936
1276160073291780097
1276163125742575619
1276166187232169989
1276168100103233536
1276168871075069957
1276169897463222275
1276170990288957440
1276171215942582274
1276171883549986816
1276172302401634306
1276180897134493696
1276181723093532672
1276184328079396875
1276194088103141377
1276196016195321858
1276196332122902533
1276197366438211587
1276198425403568130
1276198772570296321
1276199275685437440
1276200647642284038
1276201587715825667
1276201687909163009
1276203708284616705
1276209862473547776
1276214560412905473
1276216477356523521
1276217198088826880
1276221142911668224
1276222436892200961
1276233362580135936
1276236349444698113
1276237146219839489
1276237291669852164
1276237695543504897
1276240829259091971
1276246175222554627
1276246949172297732
1276262902731812864
1276263505025523712
1276277177684647936
1276279614298415104
1276283409980104704
1276283946880454657
1276293842841538561
1276295255294464000
1276296735111987208
1276298467619606529
1276305772985618434
1276321357085708288
1276341157648367617
1276356412441051137
1276386101838544896
1276390909714759680
1276394105346588672
1276401416706416641
1276412561320144898
1276426383531692032
1276430685402775553
1276431503036162066
1276448264087384064
1276458127215321091
1276462086944485376
1276466315855872000
1276467892872196098
1276472996924981249
1276475584177156096
1276485701505298434
1276503928126013440
1276549986906406912
1276595964887871489
1276783912178511872
1277198461218238467
1280537125868507138
1282974650427793409