1276610489301323781
1276604517191225344
1276883428583944192
1277430070358020096
1278073576877371395
1276619979593445382
1276953760015753216
1276973663271546880
1276982792820338688
1276997096785182722
1277031896388636673
1277047135117225985
1277060191733690368
1277064192558800897
1277075148009603073
1277076761860288515
1277092835007893504
1277139006833254400
1277573267646283779
1277707724533325824
1277817498348343297
1277837059525185536
1277877112062595073
1277975258151018497
1278255026511675394
1278283689861021697
1278451554211762178
1278646879392153600
1279239241386676224