1271460157088727043
1271460687152324611
1271462603093573633
1271464134404644864
1271465784225796097
1271485156113735682
1271487458333556737
1271487588378054661
1271500370053869573
1271515876307677185
1271595025290260480
1271617250944937984
1271622054593196033
1271641490104692736
1271700457602326530
1271742758361989121
1271748005306281984
1271797274222477315
1271809865552408578
1271816068978245632
1271837083045421057
1271849451766734848
1271852383287599105
1271460976039276547
1271461202066104320
1271461296333033474
1271522503731658765
1271911075487744001
1271461347906277383
1271462448000831488
1271461459432792064
1271461559420760065
1271461661166178304
1271462532688089088
1271462537305997315
1271462707313729547
1271462956258246663
1271463420341022720
1271463088362082309
1271998132067332097
1271463175087624194
1271463347666509825
1271463527375605760
1271463619264499712
1271464531110264833
1271467149131870208
1271464703928291336
1271470269807370243
1271464766607949824
1271464839588839424
1271465877054074880
1271466874929365003
1271467925149347842
1271500295319814151
1271775830893645826
1272223420277616640
1271468680342274048
1271517241905946624
1271641057923485697
1271853960068919296
1271934104703918083
1272517623004246016
1272738635289292800
1274154096342306816