1273269411407966211
1273287246431518721
1273302723727970307
1273278556601233409
1273278845307813888
1273279180650643456
1273282104420208641
1273286105224396802
1273290195434004481
1273292648502173696
1273297736649936896
1273310230802165760
1273332960457039877
1273338496216731649
1273341956513394689
1273511817785094145
1273521180541161472
1273549415211503616
1274042581958242307
1274052421313081346
1273275188537425930
1273275230203584518
1273276330201800704
1273277960494043136
1273292896427483138
1273294883856347137
1273297099958792192
1273298122337206277
1273315386331508736
1273328723492814848
1273338619755814912
1273344875652661252
1273373930057863169
1273401990798733314
1273436093895999488
1273524262108790784
1273592013968101378
1273599634989080577
1278092690962481152
1284500931652939776
1285227838744993793
1273511800655544320
1273535871778725890
1273275329625436160
1273275584156557312
1273276178091003904
1274271431786815490
1273275395144650753
1273275449737691142
1273275518268387329
1273275578511233025
1273275659154886656
1273275736305139712
1273275860414533632
1273276200002207746
1273304274618003461
1273276498737233921
1273537403886596096
1273276773598474240
1273276775834038272
1273278995555954688
1273281789516185600
1273363372789006338
1273567632579391492
1273618622527700994
1273665425532993537
1273984914413817857
1274113365259038720
1275065592962154496
1277170346026848257
1273277339435184129
1273277341356175362
1276431121882976259
1273277514698424323
1273280376555950080
1273277609170931713
1273280368016101377
1273344573972942848
1273278554701209600
1273278557083643904
1273564865559269382
1273278832242495489
1273278833597308935
1273288957569220614