1267503469533020162
1267509827699453954
1267506458658308099
1267506933315129344
1267507151745892352
1267507385897234433
1267507843936075784
1267508157753982981
1267508375773822981
1267508519407943680
1267508531177172994
1267508565163610112
1267508657308262400
1267508711859216385
1267508732906225670
1267508976058535937
1267509072296914945
1267509085559304192
1267509370050490370
1267509584006184964
1267509647428194314
1267509716390985732
1267509718081245196
1267509756551282689
1267509853477634048
1267509861014740992
1267509915842686980
1267509982699929604
1267510020100538369
1267510565280374784
1267510565381046274
1267510582435090434
1267510695349927937
1267510716380188675
1267510758532722688
1267510788203393025
1267510871590408193
1267510876116062208
1267511017606610952
1267511086212878336
1267511262281424902
1267511358003785728
1267511370930683904
1267511383521988609
1267511388177604608
1267511446046416908
1267511479936352256
1267511492942987265
1267511496944345094
1267511526283509766
1267511534458228736
1267511592943595520
1267511640016203776
1267511652288733184
1267511673092530179
1267511915384844289
1267511978186158086
1267512038441529344
1267512150903459840
1267512235024355329
1267512255882682374
1267512277135233024
1267512281300176896
1267512335628791808
1267512348069097472
1267512415517921283
1267512469385285637
1267512637471879168
1267512705260359680
1267512776206974989
1267512801133813766
1267512863742136320
1267512885481259010
1267512914644135937
1267512923221643267
1267512939730341890
1267512973129666561
1267512973553213441
1267513184795099139
1267513249936936961
1267513319964975106
1267513337950109699
1267513396490010626
1267513418090713089
1267513498139086851
1267513630825865216
1267513673381294089
1267513702695219200
1267513725407293440
1267513836942360584
1267513837068136455
1267513917246451712
1267513963182522370
1267514114315890688
1267514353152122881
1267514487256633346
1267514735303540742
1267514793566576640
1267514798129975301
1267514890081746945
1267514919341174786
1267514961120636929
1267515049201016836
1267515236581597187
1267515443192963080
1267515498197106689
1267515561489113088
1267515615406776321
1267515619597070337
1267515661879779331
1267515833825271808
1267515897813405697
1267516001534558216
1267516080936927235
1267516089287741440
1267516169327607810
1267516232598720512
1267516529484222464
1267516609436028928
1267516685315117057
1267516860959989772
1267516878039117824
1267516878139744256
1267517058058792961
1267517063121297411
1267517183980179457
1267517212484603905
1267517402452905984
1267517599753154567
1267517654161657857
1267517784419958785
1267518026523475969
1267518052272398344
1267518052997959681
1267518064750460928
1267518073453580292
1267518111164633088
1267518132920467457
1267518152151199744
1267518169645604864
1267518241506824192
1267518283445604361
1267518321467043845
1267518339062001664
1267518396691775495
1267518401087451138
1267518413200556032
1267518415415111686
1267518417151709187
1267518459304308737
1267518480598929408
1267518538971058181
1267518564090683392
1267518673322774528
1267518732282273793
1267518761587916800
1267518849274064901
1267518862230200321
1267518881641295872
1267518925618778118
1267518929418760194
1267518933353074697
1267518937073254400
1267518979184230400
1267518996393398278
1267519012755423234
1267519042535002119
1267519113888399360
1267519168494145537
1267519264279363592
1267519285699715072
1267519293727608833
1267519323553308672
1267519331707084805
1267519357283905537
1267519389026398210
1267519394625859586
1267519415416950784
1267519424371716097
1267519425403654145
1267519453669068800
1267519457632583680
1267519474477019137
1267519477991698439
1267519490302062592
1267519499286089728
1267519554080694273
1267519557985542147
1267519587442061315
1267519604554960900
1267519797941751810
1267519889461448707
1267519910525186052
1267519922948587526
1267519952254382080
1267519982361075713
1267520003244507137
1267520006042071040
1267520007342379008
1267520015978430466
1267520095200436226
1267520099449176065
1267520124090793989
1267520128889098240
1267520132907220993
1267520145192296455
1267520183012392960
1267520326264598528
1267520342395883522
1267520390101823495
1267520409538306051
1267520421760503813
1267520447475834882
1267520485107081216
1267520518678331392
1267520551947341824
1267520610693001216
1267520623770775553
1267520657744592897
1267520715584143363
1267520737213992961
1267520862711943174
1267520875278012418
1267520984745115649
1267521001283346432
1267521139670241280
1267521205990547458
1267521295182258176
1267521441232293898
1267521455811637257
1267521533972488197
1267521588175482880
1267521656010014728
1267521667842093057
1267521680840278016
1267521705611718657
1267521765233889280
1267521801980084224
1267521827456368642
1267521919777075200
1267521945228066817
1267522041399345159
1267522162685968384
1267522271968542725
1267522280260804613
1267522326633099265
1267522340369375233
1267522347550101504
1267522416978378752
1267522490349256705
1267522714182529025
1267522783963082763
1267522913541873664
1267522913785180166
1267522918323556353
1267522955686313987
1267523018474938370
1267523056316145666
1267523106874314752
1267523135915520003
1267523152474705920
1267523278912061440
1267523333924499457
1267523383769661445
1267523420922810370
1267523451121737728
1267523484634222592
1267523630902231041
1267523669296771075
1267523713706217473
1267523908032487425
1267523949463830528
1267524011078103042
1267524059362766848
1267524125452427265
1267524150744121345
1267524306348568576
1267524499613892608
1267524499878141955
1267524508027666434
1267524532685828098
1267524566177296385
1267524599916441601
1267524646146015237
1267524663107821568
1267524792804139009
1267524802555924481
1267524813725237248
1267524847032303622
1267524922902970375
1267524964741152768
1267525019451654144
1267525060971151360
1267525094789783552
1267525157758926849
1267525266517172228
1267525303561121799
1267525376068202502
1267525392740409344
1267525421601611778
1267525421886816256
1267525472247676928
1267525526585069570
1267525576652398597
1267525631841112064
1267525685322543104
1267525686459326465
1267525706780639232
1267525749612961797
1267525753077411843
1267525899643170816
1267525946191609860
1267526009214996480
1267526038248206340
1267526059165020160
1267526059353923584
1267526085283065858
1267526099845734400
1267526160017231878
1267526189578465280
1267526287666688002
1267526294532698113
1267526340892385286
1267526353018068993
1267526374274850816
1267526703884140546
1267526932540854280
1267527153945632772
1267527175046979584
1267527289585258497
1267527313496801280
1267527409739407360
1267527439657336833
1267527515196850182
1267527519646949383
1267527554564571137
1267527611380649988
1267527645086076942
1267527649263525897
1267527879455211521
1267527966776389634
1267528039233130500
1267528068777873409
1267528106413297668
1267528110796308481
1267528219454058497
1267528281324244992
1267528295433867264
1267528365856092160
1267528475029766150
1267528567606276096
1267528588879900672
1267528605237686273
1267528638909550592
1267528660095062018
1267528786406526983
1267528801032048645
1267528802193698817
1267528802789404674
1267528911266725888
1267528953679527937
1267529104917770240
1267529221632667649
1267529298405208064
1267529339589058567
1267529352125624320
1267529385310949376
1267529445038075904
1267529465111986178
1267529632783400965
1267529658570092545
1267529758943911942
1267529801096744962
1267529956558614528
1267529972626964484
1267529977072963585
1267530073235693572
1267530267679510530
1267530270217043976
1267530274369351682
1267530283097579520
1267530555668738048
1267530665232343045
1267530669330219008
1267530685092421632
1267530773411835908
1267530774158270464
1267530786674282498
1267530832496951301
1267530835491774469
1267530882614730758
1267530896057475072
1267531042543501319
1267531088571904000
1267531159447240707
1267531172751572993
1267531269103071232
1267531331539480576
1267531341454852098
1267531360106950657
1267531424090988544
1267531435151368200
1267531537324613634
1267531604681019395
1267531696301322240
1267531897854402563
1267532027672145920
1267532103668858882
1267532124128776194
1267532136862625800
1267532195993976842
1267532236817149952
1267532578258669568
1267532766209626112
1267532769426411522
1267532841572859906
1267532896493096960
1267532928260636687
1267533072003710976
1267533076743073792
1267533110385602563
1267533152580501507
1267533256746053632
1267533365936259072
1267533629615484931
1267533709726699521
1267533785731600384
1267533836130365441
1267534000706502658
1267534104062496770
1267534226200682496
1267534276083568644
1267534334732443648
1267534435735535619
1267534465040912386
1267534644280524807
1267534716389019655
1267534743215542272
1267534909889032192
1267534926276112385
1267535064230920193
1267535108594184200
1267535110833930252
1267535182585880579
1267535203041456128
1267535228878196739
1267535358650171394
1267535416896487425
1267535417341104139
1267535421103202304
1267535425171869704
1267535560647868422
1267535583037046784
1267535681213038594
1267535697247784960
1267535765719875586
1267535936923086851
1267536004837244929
1267536246940684288
1267536247196651520
1267536264414232584
1267536293266948098
1267536620724445184
1267536670976610309
1267536706867212289
1267536767185571840
1267536871854399490
1267536947712593920
1267536986128044033
1267537040008241153
1267537040515661824
1267537107482030082
1267537140713480192
1267537320993001474
1267537502518284288
1267537522999136258
1267537707313569792
1267537761105522694
1267537853774528513
1267537967528230916
1267538080522735616
1267538103486550016
1267538282688192519
1267538399138738176
1267538567166701573
1267538569184378881
1267538583293849600
1267538617574006787
1267538726231707652
1267538780694745089
1267538793516527616
1267538807559241730
1267538831345156105
1267538889809559553
1267538896042315776
1267538931370741760
1267538952770121728
1267539250989469696
1267539292378804225
1267539294304063494
1267539351300452353
1267539455969280000
1267539673804673030
1267539930093412359
1267540018509332480
1267540073274380290
1267540131264688128
1267540286592475138
1267540357736271879
1267540458848256002
1267540592956895232
1267540886013063176
1267540962257092610
1267541200514539523
1267541389564313600
1267541624617345024
1267541758809907202
1267541792863457291
1267541834856894464
1267541977157042177
1267541984190836740
1267542072959078407
1267542303977152512
1267542351431548928
1267542421048524805
1267542433908359168
1267542434034208769
1267542664758599680
1267542945877680130
1267542954719100928
1267543020662112272
1267543029830889474
1267543125754630151
1267543280880885762
1267543421335613441
1267543428331720706
1267543524989378561
1267543717356937216
1267543763414585344
1267544045393448969
1267544049268989952
1267544384486154242
1267544401049346049
1267544518213144576
1267544518699692032
1267544686316720129
1267544728435916800
1267544748904140802
1267544749554221057
1267544791685963779
1267544815383838722
1267545055721553923
1267545281534529539
1267545298861252610
1267545428419055617
1267545436111298565
1267545466473832448
1267545915780407299
1267545940740714496
1267546274900799488
1267546464248565771
1267546464932245504
1267546548495400975
1267546703797854213
1267546741269770240
1267546809989300224
1267547170439409665
1267547324156309505
1267547422798077957
1267547559410774020
1267547559507050496
1267547638418870273
1267547723571453953
1267547815414202372
1267547823396073474
1267548209771163651
1267548230318911495
1267548335910662146
1267548381448200195
1267548427912609799
1267548459218935816
1267548595177189376
1267548725284491264
1267548930386116610
1267548948031574024
1267549014595194889
1267549041866481664
1267549056861040640
1267549094244999171
1267549111353475072
1267549119742128138
1267549391956717571
1267549405219086337
1267549488689885187
1267549560307617800
1267549652154376192
1267549700552450049
1267549782568062978
1267549786527330304
1267549912721481733
1267550042627293189
1267550118770810880
1267550197900627968
1267550423843569665
1267550658892365826
1267550730010923012
1267550891768459264
1267551204437110787
1267551480816361472
1267551946363359232
1267552184939483136
1267552210549903360
1267552260952928257
1267552645465681922
1267552856850272257
1267552919601197058
1267553025188458496
1267553113193529344
1267553204956430336
1267553401694543875
1267553968210808837
1267554022501695488
1267554094488707073
1267554290962436101
1267554475813883907
1267554622962429952
1267554689593364482
1267554690184744960
1267554794606071810
1267554819486519296
1267554945840173057
1267555046696288258
1267555272521900032
1267555427744714752
1267555750827737092
1267555843031003137
1267555973683654656
1267555989907267588
1267556191019978752
1267556420679020554
1267556639730737154
1267556945965256704
1267557106145808384
1267557126227951617
1267557818418237447
1267558246296031233
1267558275605766144
1267558493881618434
1267558980534120449
1267559035190083584
1267559370826620933
1267559756232888320
1267560029261045761
1267560719534309376
1267560890439794691
1267560901726613505
1267560947557810182
1267561656697024512
1267561874180243464
1267561912168054787
1267561917230579712
1267562125792366593
1267562126496931847
1267562147489484800
1267562260630773761
1267562323117563904
1267562482098298880
1267562700831408134
1267562805709938690
1267562810118156293
1267562915219017729
1267563401506676743
1267563686278975490
1267563812305227776
1267564021823176709
1267564432877514752
1267564450422198273
1267564719524786179
1267564976258064384
1267565062203596810
1267565515502837761
1267565619907608577
1267565745879363585
1267565783833620493
1267566420960980993
1267566421053243394
1267566534274297858
1267566597092212736
1267566891104493568
1267567008712994817
1267567437081382912
1267567578484027392
1267567603805048832
1267567683761037315
1267567825780191236
1267568162339422209
1267568659293261824
1267568724120227840
1267568812037038081
1267568950038142982
1267568962960793601
1267569415870124032
1267569421196972033
1267569549827813386
1267569734511362049
1267570183310241793
1267570208442667009
1267570421693546497
1267570695203983360
1267570745531564033
1267570760073216000
1267570787210452993
1267571089611227137
1267571966048907265
1267572767064494082
1267572863973814273
1267573342225215489
1267573992304541702
1267574159355174912
1267574365077594114
1267574427912482819
1267574591477690368
1267574642769870848
1267574704551989249
1267574853005193224
1267574916280397826
1267575501662466048
1267576077708333057
1267576944553590788
1267577322133229568
1267577322401652754
1267577393256050689
1267577607291371520
1267577658956812288
1267577661712486400
1267578106363035649
1267578559943651330
1267578828097851392
1267578869646872576
1267579121388924930
1267579298208272394
1267579445038198784
1267579771636064256
1267579813839200256
1267579877030494208
1267580455949414403
1267580518180192258
1267580967008391168
1267581176694181888
1267581474510954502
1267581520912531463
1267581810172743681
1267581969078124546
1267582128776151041
1267582405713391617
1267582640623775746
1267583042874466310
1267583752219308033
1267584595148619778
1267585425226502146
1267585752365518849
1267585816181698561
1267586351727337472
1267586381724946435
1267586591574372363
1267586616668950529
1267586696373243905
1267586759736598531
1267586902141501440
1267586906415681536
1267587530976710656
1267588181513449474
1267588910684819456
1267589318085935110
1267589696550506503
1267589758382944258
1267591050261958657
1267591276502843397
1267591600609386503
1267591771954933761
1267592265079361539
1267592383832772616
1267592563734675456
1267592944317587463
1267593617217998854
1267593998694322178
1267594308850454530
1267594484927381505
1267594791191183360
1267594829355200518
1267594862733524992
1267594900650045444
1267595278066036743
1267595315663773697
1267595508735868930
1267595548066021382
1267595563165515783
1267595664323723269
1267596037025337350
1267596267020079104
1267596661905219584
1267596741941104642
1267596788388761600
1267596930768502784
1267596951438217218
1267597097936846849
1267597454507233285
1267597592864710658
1267597681821536258
1267597895198560257
1267597984658624512
1267598222584721410
1267598742569603072
1267599472143609856
1267599862226436102
1267599862276775939
1267600282646540289
1267600340846809089
1267600474695483392
1267600516600803328
1267600642744279041
1267600814547202048
1267600923276324864
1267601527952363525
1267601674006335490
1267602022938836999
1267602316196220929
1267602341194129409
1267602399998377985
1267602689740816384
1267602807051431937
1267602945538961409
1267603360594694144
1267603373466910720
1267603448435888128
1267603880310956032
1267604103187791874
1267604799333306369
1267605159493935106
1267605512142667779
1267605733870153729
1267605835200462848
1267606828885647362
1267607302783275009
1267608334582132737
1267608460679577600
1267609681523904512
1267610105350164482
1267610574504038400
1267612399084822528
1267612617406808070
1267613078293708802
1267613628288516097
1267615221692002304
1267615624622006273
1267616035789836294
1267616127955451904
1267616371564843009
1267616618361819137
1267616685592199174
1267616857269374980
1267617239106236416
1267617839344566273
1267618732362342404
1267618732987334656
1267619327764807682
1267619378507313152
1267619390993960961
1267620514857656323
1267621376543936512
1267624487069065216
1267626253332463616
1267626764299309061
1267626802811408385
1267627590539452417
1267627855573405696
1267628136293900288
1267628149359198210
1267628150219067392
1267628282981187585
1267628467920789504
1267629084756017152
1267629503632695297
1267629906474631168
1267631374023999489
1267631432928645120
1267631799364202496
1267632338579656706
1267632464475779074
1267634939823964161
1267635937506443265
1267636302750474240
1267637489411534849
1267638726592610310
1267638807051960320
1267639662450896897
1267641327342309378
1267641469545791488
1267641549770407936
1267641948266991618
1267642648908660745
1267643798038904832
1267644054948450305
1267644162997772289
1267644334146543616
1267644872665690113
1267646309986639873
1267646771523715073
1267647689795137536
1267648197209600000
1267649108099117056
1267649640737968134
1267652014739263492
1267652408781529089
1267653604300795907
1267656405894549504
1267656539478818816
1267657764903497728
1267658217938714626
1267658326701158402
1267659480407441413
1267661451671437312
1267661540125077504
1267661837224435714
1267662118557380608
1267662990532325376
1267662990947553281
1267663628397711360
1267663788322553858
1267664093915181057
1267664304125341696
1267664332013395970
1267664534103195648
1267665113630171136
1267665352701415430
1267665809561849856
1267666224923545602
1267666898256347136
1267667071753732097
1267667166477893634
1267670137693515776
1267673114927697920
1267673975527596032
1267674403992735751
1267674629960658945
1267674898325024768
1267675200172077056
1267675950931722240
1267677759456722944
1267677826263572480
1267679780712955905
1267679830629208064
1267680460815163399
1267681319980597248
1267682305621065729
1267682809650352128
1267683454705172482
1267684986284433413
1267685525760077824
1267685763967340549
1267685908872146944
1267685954510180352
1267687581715759105
1267687803271479296
1267689360947908609
1267690018753167360
1267690506030649344
1267690794871373826
1267692111685615616
1267693596511092736
1267693857157849089
1267694339662073856
1267694939799986177
1267695412519075840
1267695697329106946
1267695706996797440
1267695836395257856
1267698210455252992
1267698357096583169
1267698436595306496
1267699440103505922
1267701324864348160
1267701372914368513
1267701419110543360
1267701419722719232
1267701755434995714
1267701805187645441
1267701926541623296
1267702195404845056
1267703386926874626
1267703751026098176
1267704292514738176
1267705115118579714
1267705269431275521
1267706028445110272
1267706557070020614
1267706712200491014
1267708197118160896
1267708964738871296
1267709518231687169
1267710173260505091
1267710224166600704
1267710231103995905
1267713008924409858
1267715176830103557
1267716473860116483
1267718079888400387
1267718142874267648
1267718318103957505
1267718506608353281
1267718580650627073
1267721757575659521
1267721836957249536
1267722994023088135
1267723061752725504
1267724211138654210
1267726396354371584
1267726992343998464
1267727406791626752
1267727646122627072
1267728158368976896
1267728304619941889
1267728325889294336
1267728593725128707
1267729224099442689
1267734114888822786
1267734604724817952
1267735015921717250
1267735649152573441
1267736328558370817
1267736681190494212
1267736714652667905
1267737159596990464
1267737499545137152
1267737905549713408
1267738518509375488
1267739508121862144
1267743681378836481
1267746445001662466
1267746571044524033
1267747422383607808
1267747451479429128
1267748147767283713
1267752115432239104
1267753558239297536
1267756985539276800
1267758646122987520
1267758927736954882
1267758978399825922
1267760450487410695
1267760874426523650
1267763483212500993
1267763504020205571
1267763843440226306
1267764067814510592
1267764727696035841
1267765030130520064
1267765365951598592
1267765432951484416
1267768112507531265
1267768670459133954
1267768984822329351
1267769114812170247
1267769450847260672
1267770051177799681
1267771955064823808
1267772664636076032
1267772911676469249
1267774119808061440
1267774420803674113
1267775259593379841
1267776707248955392
1267778083194580992
1267778420995436546
1267780125489270784
1267783262962880512
1267785834075500545
1267788820365352960
1267790517762273282
1267792029041324032
1267792586225352704
1267796751710183424
1267799929445122049
1267800283456757761
1267800832830889985
1267800916729769984
1267801856266440706
1267802723757539328
1267804460929003528
1267807212665049088
1267818585658806272
1267818733373755397
1267819727683874816
1267821695466745856
1267822114398072834
1267824512696897536
1267824918009311233
1267827550417416192
1267833451350089728
1267833489312878594
1267834815312588800
1267835284617494528
1267836652019482631
1267838317309186049
1267838539586207748
1267866792262807552
1267866888568266758
1267867588350050306
1267870005347016704
1267872244845461511
1267883460380831752
1267884831666397184
1267921002752815105
1267980151201153024
1267981590245912578
1268004977718460417
1268006113749991424
1268053451964993536
1268059205753286657
1268061718627811329
1268077388602183681
1268088843506454530
1268100088804421637
1268109965970952192
1268154572016463872
1268185798416969728
1268208057760141313
1268234930221469701
1268299329967656961
1269034028784431104
1269108460874072064
1270673838364192768
1267506656243601410
1267516616683802626
1267538944180097025
1267546863655432193
1267676935678615554
1268075734033104896
1268094932977422336
1267506608327852034
1267534406421557252
1267597551198486528
1267660662970347520
1267519235686903812
1267525389724856321
1267525832626581504
1267533051044737025
1267535140336603137
1267538013506146305
1267542727501242383
1267562772373610498
1267597744333602816
1267601548613427201
1267622671409459200
1267626911121002497
1267665772203180033
1267668925631913984
1267674470455693314
1267674751784321026
1267678941508259841
1267679042402226176
1267679189110591489
1267827075886444553
1268012044911030272
1268279377789440004
1267523848808943617
1267537874423025666
1267543544702664707
1267548137545256961
1267548464990257153
1267558739923664896
1267637212780400647
1267851391227310082
1268027227465187329
1268410109656530944