1271866741178675201
1271873741341982721
1271876466758877184
1271876962626273281
1271877618678333444
1271879074726715399
1271879797598273537
1271880318279172096
1271881658401083392
1271882040162557954
1271882406673424384
1271883328820580354
1271884880771760128
1271887201450819584
1271887863328600066
1271889298346987520
1271891839751278594
1271891985842880512
1271895119327834112
1271895244796243972
1271895354133405696
1271896604589592581
1271897875014811648
1271899988520366082
1271901443902103553
1271908271163617281
1271913569769029632
1271917719106060293
1271918628569591809
1271920906374385665
1271928829146251264
1271933014608678912
1271934398699466753
1271944634181140480
1271950874118676480
1271958021212499969
1271960387966111744
1271965861214146567
1271967445436243974
1271967738966077440
1271967875109093378
1271968138683461633
1271968493844430849
1271968687491145728
1271968868983017472
1271969862437335042
1271970175953203206
1271972379237982208
1271975977309134848
1271976471297474565
1271978630394994691
1271978975015743488
1271979849154953216
1271981015712456706
1271983811803242497
1271984361244680195
1271991647501500416
1271992017598308352
1271993216343126016
1271996027369861120
1271998224325320704
1272008675339665408
1272008769191452676
1272024131933024256
1272026224970346496
1272029370652061697
1272032248834019328
1272033649240801285
1272035458222927873
1272036685203865601
1272045417904168965
1272049697239134208
1272054601215283206
1272061134024003584
1272065090259496967
1272078111509708800
1272084605617803265
1272086639163117574
1272087218568519682
1272087870472441856
1272094570281676800
1272104563231928321
1272104842761089025
1272133146352418816
1272143602479742977
1272163944656965636
1272172956832149504
1272179991577595905
1272181233146048512
1272200880184573958
1272224305326194694
1272226154716573696
1272230231127085063
1272231339106791424
1272233134067716098
1272233470392258560
1272235809916084225
1272239823802322945
1272342513706303488
1272397903693328392
1272424805980086272
1272435190422437889
1272541616604098560
1272811066943254535
1297963477676548097
1298019110035632128
1298042166674173955
1298190255129014272
1298246035605794817
1298307264470818816
1298540258007621633
1299685398617026560
1299756732034551808
1299881839067369478
1299906682793926658
1300016477219762177
1300114690744483841