1275821189731160065
1275844521671233538
1275848874389839872
1275856209397141504
1275979043100295169
1275982141709520897
1275986071462064129
1275988907163889664
1275995798015270912
1276010926462963712
1275821286770368512
1275823305136599041
1275844496786366475
1275856208419790849
1275890558867853316
1275980287604817927
1275985763159740416
1275985975336992770
1275986038519988227
1275987342025777154
1275989171962855425
1275991325070983169
1275992462247550976
1275992827848265729
1275996725900193792
1275997772215394305
1276006661262622728
1276010894208774146
1276023811901710336
1276119253649952770
1276415901525520384
1275821357146791937
1275836647884685312
1275844447989895172
1275847655155957760
1275856207295795200
1275859028552437762
1275977108859293696
1275977635517140992
1275977724830629890
1275981879250993154
1275985945695789056
1275989116719693824
1275990898543919109
1275996626830667777
1276003117260292098
1275822074141872133
1275844469817061376
1275848716537249794
1275856207597764608
1275866294097674240
1275977409611915265
1275985357964795905
1275985455377457153
1275985975240507392
1275986273371590657
1275996689732599808
1276002419856588801
1276003142694469635
1275829883902590977
1275834902399684609
1275856534996750343
1276020897195884544