1268303360395894785
1268306539812499456
1268319831494975489
1268321053878530048
1268324842031456259
1268326782526042112
1268327988979875840
1268485390463352833
1268495409984528386
1268499549062119424
1268522130032885760
1268554571800076293
1268583921731530753
1268588841864171522
1268698581378011136
1268780844254146560
1268831939579936770
1269422397116911617
1269683655934263296
1269814748322893825
1269829227269980160
1269830363611901952
1269951550086090752
1270038821120307200
1270270870347374592
1270436726994022405
1270687868248260608
1270722987008725000
1270750329957736448
1270770274515013634
1270788158737780741
1270824984517185536
1270832119133147138