1271548140865323008
1271548339176308737
1271549747371872262
1271550377410863105
1271550745654046720
1271552264377860096
1271552431676162048
1271553384793980935
1271553438665629698
1271555359505674240
1271559243846606850
1271560812189102085
1271561599170510854
1271569020261556224
1271570879168872450
1271573198740623361
1271573923596046338
1271574377172103168
1271575681177202689
1271576800674496513
1271581049580027905
1271603972244221953
1271626486580047872
1271629541748936705
1271635232504963077
1271648008707457026
1271653271506022401
1271655734120513536
1271670358597394432
1271744321885175808
1271759211626737665
1271918737948581891
1271919338568679425
1271921316506017792
1271932943863291904
1271957909145034758
1271966636791209986
1271976791268143104
1272073054676561920
1272096596331646977
1272109688276938754
1272163709767442434
1272210615679975424
1272243859658022912
1272397453954887681
1272509589611778049
1272602694725898240
1272931904652746752
1273035671884763137
1271565366326689800
1271567154471751685
1271857148276998144
1271560278950453252
1271563510036656130
1271564486575448064
1271564527960821760
1271565577920937985
1271570950522376192
1271571582801121288
1271582310203224066
1271616148484714496
1271634668245471235
1271637887264702467
1271779440012509185
1271789674156228609
1272096358237798402