1268126222657216512
1268128630284210177
1268131767539490816
1268132040412557312
1268132140778237952
1268134283895549953
1268137848936583168
1268138539381899266
1268140380261924864
1268142400029024258
1268143847088873473
1268145965745217536
1268146849736790017
1268175333045370880
1268175749137170433
1268190000782311425
1268203821253095424
1268234855067893760
1268265125422657536
1268268557546242048
1268275464348598273
1268325800232681472
1268402983278084096
1268451901550415872
1268649520432365576
1268860938674995202
1269524550129238021
1269925658844639233
1273183291299020800
1277187417506799616
1299272672459792386
1307420408023527425
1309488658014187527