1270077521552343042
1270431671301443584
1270074370724069378
1270144778060156932
1270359670331445249
1270371465309847553
1270410859748175873
1270076199096791040
1270076586830827520
1270078142405840899
1270078763703758848
1270090486104145927
1270093074643824641
1270174199357808640
1270183398250700802
1270188102846345217
1270188876502568960
1270227535738044416
1270286711382302720
1270423132055072769
1270668592070168576
1273161384176607232
1270078545973444609
1270081731723436034
1276172705277059075
1270106329751977984
1270132341864882177
1270133532485128197
1270315451709521922
1270541902752780288
1270542125222920192
1270637097695817730
1270093795842023431
1270147194050371584
1270220425348427777
1270399791135064072
1270483326441123841
1271553832561053696