1267471382566363137
1267471701274693633
1267475043728097282
1267478467035054080
1267481533650255877
1267482975895261184
1267509533884190720
1267518857587167233
1267519398937387008
1267535065220857856
1267535148280696834
1267552689631694851
1267645567418748931
1267651398130434048
1267675866055806977
1267680711550447616
1267704690957004801
1267759246579429376
1267806482575306752
1267910031653122051
1268027663287029762
1268252752217378816
1267493753469702144
1267477484200747014
1267480366316523520
1267480713068032000
1267481715892793347
1267485282347204616
1267485416959197184
1267488255668297728
1267489766137827328
1267490097580122113
1267497244695150595
1267517921246535681
1267570011939442694
1267577016381050880
1267596032914993159
1267640992380915712
1267650238342410240
1267722331893334017
1267776405560938496
1267777096828370947
1267793127500165120
1267816338413649925
1267848882379091969
1274131816463532032
1267477566891458560
1267481142929883136
1267491007458947072
1267546577658351619
1267730868249989122
1267477963928469505
1267479691373486080
1267478209932726273
1267478248499417090
1267480701835894788
1267478488463880194
1267478645301534724
1267478717128945665
1267478848544931845
1267480770114924546
1267481607625232384
1267482064229711872
1267479055093452805
1267537870484639744
1267810793648578560
1268026507819200514
1268152495160717312
1268236191360483329
1267482066318512128
1267482067513815042
1267560068821680129
1267482077592801286
1267546481483034625
1267580618617032705
1267743295293161473
1267482251836755969
1267483068853628928
1267483161853865993
1267483274206732288
1267487200972804096
1270269151676899329
1267483671029784578
1267484997696589826
1267508503213719553
1267568065543356419
1267486817219227655
1267506409333231616