1270014078266859521
1270014200157528065
1270014355644362754
1270014957413957635
1270016106728615937
1270018566788722688
1270018885044092932
1270025268300787713
1270031660352856064
1270038582741184513
1270039026725249026
1270039580129910784
1270041874234032129
1270044429328375808
1270058275451666433
1270060984720404480
1270068860897673216
1270071243560103942
1270078305946001413
1270085206024871937
1270092274245009408
1270096023373955074
1270121675007373312
1270123638017200129
1270126045665075201
1270138780389965830
1270143251127906304
1270155359970353153
1270164650437439489
1270167116562534403
1270180055625486336
1270215388647714818
1270225832514998273
1270233608263888896
1270234398584000512
1270235784935690242
1270237364347076608
1270239056857722881
1270241753832931329
1270243473032011776
1270244476267532288
1270247395457204224
1270248697318834177
1270251258385969152
1270256555418464256
1270260050041303043
1270274684945383424
1270283836161765377
1270285412934676481
1270286218681606146
1270304681353347072
1270309189873631232
1270315443908116481
1270365947489136641
1270368925126209537
1270370749614682112
1270429050067091461
1270666151555674113
1278926047552008194
1270014707215347713
1270014839474307072
1270046425901039628
1270116223007682560
1270116630153113602
1270118077204660225
1270118546169724929
1270119439242014722
1270119833758167040
1270121891114684418
1270122434918780930
1270123764349636610
1270124427305521153
1270125118312890369
1270125482848202752
1270126604493217795
1270126973403033600
1270130781302796289
1270133469260271619
1270134233332428800
1270134384109195264
1270136309999382528
1270139594244317193
1270142223385059329
1270146563948580864
1270146619036651528
1270152886039842816
1270158061525782531
1270161681512087553
1270164457235210240
1270171860324491265
1270174598877736960
1270178893979418625
1270179699482902528
1270180094406012928
1270182421548285955
1270183470757707778
1270188586588086272
1270194932754481152
1270200675385765888
1270206195161133057
1270014933648977921
1270015043703357440
1270125525789442048
1270137555007102977
1270138419239202816
1270141346712559616
1270143611968118787
1270150368807223297
1270153162041643008
1270227304971735042
1270234930933452801
1270237006040367116
1270245503985266688
1270270608526290944
1270276347865300992
1270309295440244737
1270015049818611712
1270117963975340032
1270206534694379520
1270015149336911873
1270118055499182084
1270015239183052800
1270118126978576393
1270120035982467078
1270236521639972864
1270868482897240064
1270307471467450374
1270015406581993474
1270016230100000769
1270122082370752512
1270133188019531782
1270015504250519552
1270106710380707841
1270119644909764608
1270177456335523840
1270015637054730241
1270080010649579520
1270352710559240192
1270456347331616771
1270637935738662912
1270015726078828547
1270016027112411137
1270016182104600577
1270118529635954690
1270280823728635914
1270362461556944899
1270521094194319361
1270675198916861952
1272763139348557825
1270016309443670016
1270016477945569280
1270016535084630017
1270016610103943173
1270120161832509440
1270016909946339328
1270019784428716033
1270017077097758720
1270120630281789441
1270017363547688962
1270121587484889088
1270017488554799104
1270024896052166657
1270069032880930818
1270121838472028162
1270017572038205440
1270081375627030529
1270017674697998338
1270033242821922819
1270225383452008448
1270362950478561285
1270018154996137989
1270052964032557056
1270074140976918528
1270077148544397312
1270226285432897537
1270288173747310599
1270374953074991110
1270414270057103360
1270436659125989379
1270457860850401286
1270048035641286657
1270052188098871304
1270074115941113857
1270117766801039363
1270142978401673216
1270157309864325120
1270219726069706757