1275562900208435202
1275087000870293504
1275150193420308483
1275086973745745920
1275089339458785280
1275089870340239360
1275090525893398528
1275090729656696837
1275099751902441472
1275113333633331200
1275139946303549440
1275141296106074112
1275142630666469376
1275152415386411011
1275157524405268481
1275172229089824771
1275183920116531203
1275199576153026565
1275199971709648896
1275201312976592896
1275242719145852928
1275245630479151105
1275247773177253888
1275249346687242245
1275249383517216768
1275255842472935426
1275256086103130113
1275257083898793984
1275295206301147136
1275300764194398208
1275301583618600960
1275322796357402625
1275324760117952513
1275361155201085442
1275379726018842640
1275396683489296386
1275688468434337792
1275087048320454656
1275087160442449921
1275087656205066242
1275087123838898177
1275087189588803586
1275087283105005568
1275087433936310272
1275087361836232706
1275092156001259520
1275087411702308865
1275388027565719552
1275392346813689856
1275087548579184640
1275134783115259904
1275087601662337025
1275087680003551232
1275087753148018688
1275087852632707073
1275087929036152833
1275777282691330048
1275088135484051457
1275131658052628480
1275088249099358210
1275088863632003072
1275088393412792320
1275088478984863746
1275089428843724802
1275088613202628608
1275142207125590018
1275088675509059585
1275090558000730115
1275090746799001606
1275088997933617154
1275090435048968193
1275094336846397440
1275098057881731072
1275091229412376577
1275092420615528448
1275135751919939585
1275140592712839168
1275144925156380672
1275251573732638721