1267912329963827200
1267916666530344963
1267919820982542336
1267931565247680516
1267944519447674880
1267949055335968774
1268030769475313664
1268047810198298625
1268138960796123138
1268155523699863552
1268172703615397898
1268541366281351172
1269059082012495873
1270002097405210625
1270044986575327235
1270096878214897664
1271540160144961536
1271585739109736450
1272689139293569024
1272929031533416448
1274640857094905856
1275605382329761794
1267960903267422210
1268085966515908609
1268311916834783232
1268313378948186112
1268320192825667585
1267923067776323584
1268050099462012928