1273002344200929280
1273002347577454592
1273002600208625664
1273002795604430848
1273003057085890566
1273003803126759426
1273003938460164102
1273004930169630720
1273005048797237249
1273006525733314560
1273009285589618689
1273012201230446592
1273014751027757056
1273018009414766592
1273018399820591104
1273020627046281217
1273022321771585536
1273029121665187840
1273029171732766721
1273029737460436992
1273031515853795328
1273031826299408384
1273032027336593410
1273032094319509509
1273034049318240257
1273040752008978433
1273043981430149120
1273045906858926080
1273047797542146048
1273078752046510080
1273079221804568576
1273081386308636674
1273090592126443520
1273090613315923968
1273117397898219520
1273118715157061636
1273120816348233728
1273121739036405760
1273125636467568640
1273134751113785344
1273139691093667840
1273148872102158337
1273154530507702272
1273162813670928384
1273165250225979392
1273166423007858688
1273169340481839104
1273173148549230596
1273174968667385856
1273175763106369536
1273176547910959107
1273176999155154945
1273182218429640705
1273185258234675200
1273185635571023872
1273187746153213953
1273189426588516352
1273190660628234244
1273195345728733185
1273202526834143232
1273208821461192709
1273212675728838656
1273215956278325248
1273228060364398593
1273245999037845506
1273247149598392330
1273255503704076288
1273261308813729792
1273279942709571584
1273310084555309056
1273374803097837568
1273557917413842944
1273569351715749888
1273846855089225728
1275529928260411392
1273002473553264645
1273009571263586310
1273244150780002306
1273010116334321666
1273032979242258433
1273037366140243968
1273067453480792064
1273068157477896192