1273995727262359553
1274062407380488198
1274118172187086848
1274246719425982466
1274338934919557120
1273995819834884103
1273996137637306368
1273996374233628673
1274010343149355013
1274011027462590466
1274011417914605574
1274014643317403658
1274016184195661824
1274018384963727362
1274020943615021057
1274022013225578498
1274031633016991746
1274032007949869056
1274033222373048321
1274035466195677184
1274055151876214786
1274057375880744963
1274066347492696064
1274066354849615872
1274082138321813506
1274086119685136384
1274093077628665860
1274098594677698561
1274112568701976576
1274114455438327809
1274148300220850176
1274151823134224384
1274161779619229697
1274167029831028741
1274172555755008001
1274189328030109696
1274207759072923648
1274228745771995137
1274232168483561473
1274235272280944641
1274239711352102914
1274246177349791744
1274251765551173633
1274256226927419393
1274269187372802049
1274276322420895745
1274287148879867905
1274296026732560385
1274296232345731072
1274296735758782465
1274323595703930887
1274325126427873280
1274331480873975808
1274339387501875202
1274340021680693249
1274342042299174912
1274396211605192704
1274698658110410752
1275356020190048256
1273996317812015104
1273997459094552576
1273998676814422018
1273998974626729986
1273999711872090114
1274004637142732800
1274015080892555271
1274034994739118083
1274056389665701896
1274087469932335104
1274088861581348864
1274095132619370496
1274108468677488640
1274129983452196865
1274143706233389057
1274145877079109633
1274166818052034562
1274191049695481862
1274237541558956032
1274280336218824704
1274302064265515008
1274349886436040705
1274403829228814336
1274459414217572354
1274475640297791488
1274476381850697728
1274495496745177089
1274627155683536896
1274675296894177281
1274751532580339712
1273996475618525185
1274000689392476160
1274009103363424267
1274017470425083904
1274053528848392193
1274096554085715969
1274120633476096000
1274251491453407232
1274304352300093440
1274546191099969537
1274662911563239425
1275034769223553025
1273996712319860737
1274000441458724865
1274032066414469121
1274103375454277632
1274107279323824131
1274109145730383872
1274111988851859458
1273996807656308736
1274001062907785221
1274040773730807809
1275801316434964482
1273997229297106945
1274340029037330433
1273997488119308298
1274053603271913472
1273997568733786117
1273997745829838850
1273997956413304832
1273998799422156801
1273998659668058112
1273998457150361602
1273999026199855108
1273999351875067904
1274009967293415424
1273998819068428291
1273998820339310596
1274014073051635713
1274235457207824384
1274138011496824833
1274063964117372928
1274076199661207552