1271959800742465536
1271960276326248450
1271960362473013249
1271961531358552066
1271962733672529920
1271967606841446400
1271968353968676866
1271972482933821440
1271972500747030529
1271973062167199745
1271974332588122112
1271985583263567874
1271989252499202048
1272007708439388161
1272026057953038336
1272045826236391424
1272078405580685312
1272085297828737024
1272143551984545792
1272167090212843525
1272547828326227974
1281965525497675776
1282219054363824129
1297951708165939200
1297953843628724228
1297954162500612096
1297954770527739904
1297955063869181955
1297956535641890816
1297956951398252552
1297958805855141888
1297960860212768768
1297961738143510530
1297962198397001728
1297962614916632579
1297963239452618752
1297964317057388545
1297966673237102598
1297966867563372545
1297967320862662656
1297967324587335680
1297968090999918592
1297968158943346690
1297968179965308937
1297968222340341760
1297969081778409473
1297969702132756480
1297971589468758016
1297972449628188672
1297973296873578504
1297973758573985792
1297974316278087681
1297974533455052800
1297974567080665088
1297975192967356416
1297977370884730880
1297978442755919872
1297979962033614849
1297980431493672960
1297980912139939840
1297981835750907904
1297983304801681408
1297984382377099269
1297987070997213184
1297987552889245699
1297988840506957828
1297989725811363840
1297989864533774338
1297991286452977665
1297992141436846081
1297995182017740802
1297995476868853761
1297998046471454720
1297999515446841344
1298000170618159105
1298003848288583681
1298004179550707715
1298004367614697472
1298005010199064580
1298007891962728448
1298010949371064320
1298011959854538753
1298015358394290182
1298018230489866240
1298021757950087175
1298021791462338560
1298022080185880583
1298022450202988544
1298025676184924176
1298026727797645313
1298026753978400768
1298027126143225856
1298031156689014789
1298031895721238528
1298034484357496832
1298035850760957952
1298036349551902720
1298036949056253952
1298037188223889408
1298038396321898496
1298038798719188994
1298039480046292992
1298041897798316033
1298042217060347904
1298043380622999557
1298044776755924992
1298046471401545728
1298047234156695552
1298051696170590209
1298052393544884224
1298055059511496707
1298056125338677248
1298057300687622145
1298057429373145090
1298060345886552067
1298063977440665600
1298068318188756992
1298070776525053952
1298073670921752577
1298083359055323136
1298090455788396545
1298107141073625088
1298122148054208517
1298122668915298306
1298134178714853377
1298135692212461571
1298137289915162624
1298144206691561472
1298144999146758145
1298148467601276928
1298158281936924674
1298163143865139200
1298173638458433536
1298178981573939200
1298182714319933440
1298182864958357510
1298185024735453185
1298200825811079168
1298212065681661954
1298214280647659520
1298215973934247937
1298223100769828866
1298223264481910784
1298226919570382848
1298229757864222721
1298232630555680769
1298233057820864512
1298234175913201664
1298238629085667330
1298241046942556160
1298242906524913664
1298245826163113984
1298246434026934272
1298247504589455360
1298250568985718785
1298250707682725889
1298251197644562432
1298252796848791555
1298257729425817602
1298268919065481218
1298271888792117250
1298280608481730563
1298281088897486848
1298294731206729728
1298294823137533953
1298300720865849345
1298326558139129857
1298330026048393219
1298332027247366147
1298353422891196418
1298354886422269956
1298356287416217600
1298370060994719744
1298376357089509382
1298383885982556160
1298420524197044225
1298428450403946497
1298450701903785984
1298454362923175938
1298472326569365506
1298487623519031297
1298507408394706944
1298514889808343041
1298531159954067456
1298553687967768576
1298554359391727616
1298598390339522560
1298605286048112646
1298630016310419456
1298673128722309121
1298700672724897792
1298705207187001344
1298713616464506880
1298753521253310465
1298778942883553281
1298806906866237441
1298823537202016256
1298849289800519680
1298859322013896704
1298859595239170048
1298865522864295938
1298883440927027201
1298894781242843140
1298895372962664448
1298896227778605057
1298896777182093312
1298923118619131904
1298944333484195842
1298953156722712576
1298962600202514433
1298965827874705409
1298979153153150978
1299003723079806976
1299018069776400390
1299028089037639683
1299034274629222400
1299045076237266944
1299045272685809666
1299046425498710019
1299071361651036160
1299080454113501190
1299084598723346432
1299151938760577024
1299179104642662400
1299222826113695745
1299239124805668871
1299251053418946560
1299265454012272641
1299277330465030144
1299288781703516165
1299298562698874880
1299300424483303425
1299349372082294785
1299382293535092736
1299388975967350785
1299422927436349442
1299423686567563264
1299427989898375170
1299435808521240576
1299446005205737472
1299448404989407238
1299450963862978561
1299453533918556160
1299455161643995140
1299457109575131139
1299457753681862656
1299459067950166016
1299482109535563776
1299483485703417856
1299502388575744001
1299512807990452230
1299536634896146432
1299553454613028864
1299554561112158209
1299586264266661890
1299586929726496768
1299598614990389248
1299599570809376768
1299617418990571520
1299646128095481856
1299651984329510912
1299658982634803205
1299662318649978882
1299666910770950144
1299702927834017792
1299710104053460993
1299732966155878401
1299737398922878977
1299738662045966337
1299739210874646528
1299747177552646156
1299753967388246016
1299755687027900418
1299759244074512387
1299766205998411776
1299766987053125632
1299771721541713920
1299775662325202945
1299783357698461696
1299787852755210242
1299793792833400833
1299794544112828424
1299805708012138497
1299849723562676224
1299872856021573632
1299874973042040837
1299881043705634816
1299882578141474817
1299893723925557253
1299910764355092482
1299921484903837696
1299921585369829377
1299924231233429504
1299928668366499842
1299937836934877185
1299938951948652550
1299944863614394368
1299958545689931777
1299962454672314369
1299966930258812935
1299971451697737730
1299974050400198661
1299990303512965122
1299998733933989888
1299998879958683649
1300001431110520832
1300003132026564609
1300004205793619969
1300008750259089408
1300012324837888008
1300014395750146048
1300025472793812995
1300025909899034625
1300028099141292033
1300038953807028225
1300042381371281408
1300056682916126722
1300056702608343042
1300064123284267010
1300065566787383298
1300068749488410624
1300077566032850944
1300078903554441217
1300079484281016322
1300079898162274305
1300080300614127617
1300086475548131332
1300097217009770500
1300108230778028033
1300111418260295680
1300116627988586496
1300120304145100800
1300122428299935744
1300133211767320576
1300139951959363584
1300143803462856704
1300143886136877057
1300144284600066048
1300146227326210053
1300152476470054912
1300153713714102272
1300154279823638531
1300156118195294208
1300160302927970304
1300162040166715392
1300167912783839232
1300170025475637250
1300173259791642626
1300174282694242304
1300178931027447808
1300179605190565888
1300184122292396033
1300184823072542720
1300186979737448449
1300190208420241409
1300194168594104323
1300194264459116544
1300196583879979010
1300201228173889536
1300202141487788032
1300207120323837954
1300224756940255232
1300226035888381952
1300234451570442241
1300239751153414146
1300243560915238917
1300249785371222016
1300260753337917446
1300265420469891073
1300267644994465792
1300269102938771457
1300271692208648193
1300284844522512385
1300288716410417155
1300290452202156033
1300296227590868994
1300298308091555841
1300298625914863621
1300310014939127808
1300314176905031681
1300320513651355650
1300334170263007232
1300335813708767232
1300341187094679553
1300345881640697856
1300348564934193155
1300349928540196864
1300351323221749760
1300352457374138368
1300356739896803328
1300356898370265089
1300361021341794304
1300363767188987906
1300366541855371269
1300367397610811394
1300369033112551425
1300372128538095617
1300378549417922561
1300382613723648000
1300382819605192710
1300385739469881344
1300387517032669184
1300387798416076803
1300388955272212481
1300390666413969408
1300394332571095040
1300394625874755585
1300399571798036480
1300400028163473408
1300405266635259906
1300406739737751553
1300413953705758723
1300415607045632000
1300417829288783874
1300420337771982850
1300421695442956288
1300422011110522881
1300423546448105472
1300431884732702725
1300435314649960448
1300436065602416640
1300436603274493952
1300448074540687360
1300450318493327361
1300463958248353792
1300475437613821957
1300484988136091652
1300489765771292672
1300493100113170433
1300498464875446280
1300503497515757568
1300508685882531842
1300533739223646208
1300538289649258496
1300540873738874880
1300559089114796032
1300563019022266368
1300598704097828865
1300599220928278528
1300607621473288193
1300635278399414272
1300637766460506114
1300646648914169856
1300650185920569345
1300659375640424450
1300667395368005633
1300673946338066432
1300678556385591296
1300678765174022146
1300689005441421314
1300712545997783041
1300729511718408192
1300736152304050178
1300740582457913345
1271969454646149121
1271970217959124993
1271971933391745024
1271975636987412480
1271983591988195328
1271983930057437185
1271988967882309633
1272008806285836290
1272008927111262214
1272045675610505224
1272060618107846656
1272143304419917824
1272400995574661120
1297962106210250752
1298234657876500481
1298533878911717381
1298658712366743554
1299630972996972548
1300035295962738689
1300237096947527680