1270857527987748872
1270858413220732928
1270896011980963841
1270920684814897153
1270935349800255488
1270966115167076352
1270990088659501056
1270833307106766849
1270833389625577472
1270833425382072321
1270834816523448321
1270835822917369858
1270835991188844548
1270837582289494021
1270837597099548672
1270838879067742209
1270839360900837376
1270853619944955918
1270863291984855040
1270865786249379841
1270866784682307584
1270868378715148289
1270869267706195968
1270870446418714624
1270872915404300294
1270875911446028291
1270877134135988225
1270898447655329792
1270905511446265869
1270909449713172498
1270944799441383424
1270946787566792705
1270951221088550919
1270953120663834624
1270960914867650560
1270969000353202177
1270978318464987137
1271006477919158273
1271022064309342208
1271039782798458882
1271050495705088002
1271050890007347203
1271062722659090432
1271079372766752770
1271082406112563200
1271083006350913542
1271085815704121352
1271086713255784449
1271087417806729216
1271090924156674053
1271094691556016128
1271140937134202880
1271180921530695680
1271185569008111617
1271189696417234945
1271237213313884161
1271238684839260166
1271288296375640071
1271301424106913793
1271374840495312896
1271550825685377025
1271550859604828160
1271553425944317954
1271558094531653632
1271570895463690240
1271576499313758209
1271579497956102144
1271669557355114497
1271683210200715275
1271694754196017155
1271805746448138241
1271858091919843330
1271863347172929537
1271921379890409472
1271937214562406401
1271940488677912577
1272061683977064448
1272096791127703557
1272161403403563008
1272175794345742336
1272206836431646721
1272288448536338438
1272374657950375937
1272462172371800065
1272634352535560195
1272656180284981248
1272712379026026496
1272732604664631297
1273206740432101376
1273308981277016064
1273357205488664579
1273383736852090880
1282081036634136579