1273920578387410947
1273355766670426118
1273355797880340480
1273355844139184128
1273355890851119104
1273356175732609030
1273357064140546048
1273357893992165380
1273360500454297600
1273360549951070208
1273360896312524800
1273366775401525255
1273367437069758466
1273372600396324868
1273374352956960768
1273375314488381440
1273377344884006915
1273385166690549762
1273396969608626176
1273400717248610304
1273400798547005443
1273407434296451072
1273407921028608000
1273418956284411905
1273428027251191808
1273438228100419584
1273508026620633090
1273517950704726016
1273571259800944642
1273607447001915392
1273608096502484997
1273609079429173250
1273613026835533824
1273634299439222785
1273677811912302592
1274544388572676101
1275577625474301952
1288010411300675594
1288013742068948992
1288019239786426368
1288037331249897472
1288061745358163970
1288073871535616000
1288075901612302336
1288078756712677382
1288090362909728768
1288101569368645632
1288107680075259904
1288117382058135558
1288118535273607173
1288130917974700033
1288134039308775424
1288179391172935682
1288188405264846851
1288188496801341441
1288330445642444800
1288378801332932609
1288634918902276096
1288651979489763329
1288674281472307203
1288704652658110464
1288734651775934464
1288756888184791040
1288837028340215809
1288947892833722368
1289185450570252289
1289370133912145920
1289493660615053314
1289586559738621955
1289601747627933700
1289744914146713601
1289838260328337409
1289884804406628356
1290048948854353920
1290049477374435328
1290092715510607875
1290149335192285184
1290244503786283014
1290325703649566721
1290344485675728896
1290633746539061250
1291175764856119297
1291970613993549825
1291991305078239233
1292081222970150912
1292114705503272963
1292201465184804864
1292203814100045824
1292451519300685824
1292453614166765568
1292701335373017089
1292767569531863046
1293005219140448257
1293171619201011713
1293937595781709824
1294285261912694785
1294771844323713025
1294786305910435841
1294819842667745282
1295164036863098888
1295225356195172354
1295230095083188227
1295265231954833408
1295275830399164419
1295311395047854087
1295334686739312640
1295403560071397376
1295498112115576832
1297639501913825281
1297780241830535168
1297991746941575169
1298499610948837377
1304306864025473025