1268151556429488133
1268142814723891202
1268147584054390784
1268148476589858822
1268160250877825029
1268162960167403522
1268164914918625280
1268165795453992969
1268167767477432320
1268167838411390979
1268169168592859137
1268169998679322633
1268171852112957440
1268182346282479616
1268184569603334145
1268185067366449159
1268187979501142016
1268218172630601729
1268233063881990152
1268244212824358912
1268245444779442182
1268247089806553098
1268248109144059904
1268250122334265344
1268267200940584961
1268312479400148992
1268397488580378629
1268410747161214977
1268447753350201344
1268144288325566466
1268167624225181701