1277938914712449025
1277941406426968075
1278038088330227716
1276549043573981186
1276566151229833216
1276541385131212802
1276591338327334912
1279235721962848256
1276542393186050048
1276544425649471491
1276545577937862656
1276548035552653312
1276554307840757760
1276656342057529344
1276663263854460929
1276711957211611137
1276813252597616640
1276840464222576640
1276946713895460867
1278980109563826176
1276542491160969255
1277949651480645632
1277954810218766339
1277958396625465344
1278497574891270145
1278643897292304384
1279233452026540032
1276544966177648640