1275904534003552259
1275907600819851266
1275914725969276929
1275916236107517957
1275982141768249345
1276016552131940357
1276426984936087553
1276531016480555009
1275909923931451392
1275919353133666304
1275933663214084096
1275946262789935104
1275946314430283776
1275947839391031296
1275949564671848448
1275950436785295360
1275954123595304962
1275965553090461698
1275968018754023436
1275968994030338048
1275969109486862336
1275969261618499586
1275969999316942849
1275970070242615302
1275970968062746625
1275971077202751489
1275971525317849088
1275972216501477376
1275972242325811200
1275972494382563328
1275972944087449600
1275973119421767680
1275973450306371584
1275974264211070977
1275974653853474820
1275975913176535040
1275976064460783618
1275976772320985090
1275976789714538496
1275976990861012993
1275977833224044544
1275977993064722433
1275978656377077760
1275978785507213312
1275980391996850177
1275980547580444674
1275982649203384321
1275983232056430594
1275983269025263616
1275983675973234688
1275983886410027012
1275984074826567682
1275984825334161408
1275985044486729728
1275985736223907840
1275987794947715072
1275988517223460864
1275989074222907394
1275990059804774402
1275991121802510336
1275993789153214464
1275997215912275968
1276002701583675392
1276005343777021952
1276009701650714624
1276010558307917824
1276011881602433035
1276012361682305024
1276013196739063810
1276013226480680963
1276014143368290306
1276015918192054272
1276016934765486080
1276017727954497536
1276017889254891521
1276019235966287872
1276019689223749635
1276022734502461441
1276025523345350656
1276025573672800258
1276027762747174912
1276028450877267969
1276030053843906570
1276031964990959616
1276033665018007554
1276033869775601664
1276034125716230145
1276038371123400705
1276041143680000000
1276041175770808320
1276042480421605376
1276042627608014848
1276042757631619072
1276042968118571009
1276043932577796097
1276045056483287041
1276047171029094401
1276047472150757376
1276052672718811141
1276055588888338432
1276058934500040705
1276062479421001733
1276065923388985345
1276074438220558343
1276076539168337920
1276085128750608385
1276105315986087936
1276106087738081280
1276117768593604608
1276123909335797760
1276127779730440192
1276130679969857536
1276132990146527234
1276136194011811842
1276137258991652865
1276138525864398848
1276140202847846400
1276140263111569409
1276146512024797184
1276148315755892745
1276153520597741569
1276163470006931460
1276166580972421126
1276168397256966144
1276196290162982917
1276208512373309443
1276275155493195777
1276275731274883072
1276291034520092672
1276301910061060097
1276306109985406982
1276317627347021826
1276362376372121600
1276373848078692352
1276380705757425664
1276578978640179201
1276627670286004224
1276668501307072512
1276673493409677312
1276695592425660417
1276803314034720771
1276842585948971008
1276847224597688321
1276946208611803137
1276975340343025664
1277045066444374016
1277124796979875841
1277127355438227456
1277340840172584960
1277341121975328768
1277465768209321988
1277466179716755456
1277501696814579713
1277503419771752454
1277701025214771200
1277967912792281092
1278034960025149440
1278043709221855234
1278148075593195520
1278182624633081856
1278329038680055811
1278373792192987136
1278409929821487105