1273715114567499781
1273728621828435969
1273957019100295168
1274018788623646720
1273700990168907776
1273704319825698816
1273709294135934981
1273709533156847628
1273728194420629506
1273787480420921344
1273816706524123138
1273834775497719808
1273836285023551488
1273906087201292289
1273951901256765440
1273990890931941376
1273992514396176397
1274099171214209027
1274465062544044032
1274613062046085120
1274614325722796033
1274741710267039744
1274839437059514368
1275049348699652096
1275078612362776576
1275130622902702084
1275881318438535169
1276318477813506050
1276318537360060416
1276318629282426884
1273760066303397889
1273762289070379009
1275307936106057728