1276284227319926785
1276295316770304006
1276300024100552706
1276305921694720000
1276331987880509440
1276362254477398016
1276435215351721987
1279003179154395136
1276263720155561992
1276270625317937153
1276317333309382656
1276364758099193857
1276788082117754880
1276263722428895232
1276271196695379972
1276271674162380802
1276274438405861380
1276275860157448193
1276276313159094273
1276276625722793984
1276277495772450818
1276277892570214400
1276278325112008706
1276284022466007042
1276288741926199296
1276290502078476289
1276290700502581256
1276298710889181190
1276302086683181057
1276308718494404609
1276313476567367681
1276345908054183937
1276347406200655872
1276455036290121729
1276460464709537793
1276506580540772353
1276533142829051905
1276541078364196869
1276704174844108802
1276918616227799045
1277784021829849089