1273300573832577024
1273314173703917568
1273316565371379712
1273338131509542912
1273338473743777798
1273352425504681986
1273390857928863744
1273418487096938496
1273463915712782336
1273491408578633728
1273491484767997958
1273499244121354246
1273552394505334786
1273623683857289218
1273808556844670976
1273314760797360129
1273358591609708546
1273366217202507782
1273720953571282957
1273775056947052544
1273305393868013568
1273319160785715200
1273328837498200068
1273347065301602304
1273384902734610432
1273387461561864192
1273388061674659853
1273396093418565637
1273401478372196354
1273407174593490944
1273423691553144832
1273441660832268289
1273447078593781769
1273447141898440705
1273447959133188097
1273452082419298305
1273461146444595202
1273462975286915072
1273475617196052480
1273479148409847809
1273496782027108352
1273528192733794304
1273530228783157250
1273587998915850241
1273588375203831809
1273595993435574275
1273606109119614977
1273618092665507840
1273647218600353793
1273651041028968449
1274012793784733703
1277290265200525313
1277290571485372416
1275802590622568448
1276107207256539141
1277284426225942528
1277819796600557568