1269021522699726850
1268986510352584704
1268987397024493568
1268988139743309825
1268988397126909953
1268988433453551616
1268988856264785922
1268988950246457345
1268989816823336960
1268989894828982275
1268990824219660288
1268991747696349185
1268991754868531201
1268992721336832000
1268997752278654976
1268997823896436737
1269001665715351553
1269002231820496896
1269002273948123138
1269003343420182529
1269003632826966016
1269003828306862080
1269005952000417792
1269005970581196802
1269006929650688000
1269009251038457856
1269009475618422796
1269010812154363904
1269011438552657920
1269013665719648256
1269014249667526656
1269016400913477632
1269017120517566466
1269017952462024704
1269018778471464961
1269019927517655041
1269020196100079625
1269023278724714497
1269026856159842305
1269027417710039040
1269028999889641473
1269029226113613829
1269030011346051074
1269033455817568256
1269034193151053824
1269034957567074304
1269036486931943432
1269038386834276354
1269040217257701377
1269042790710734848
1269044805423837184
1269049082447724545
1269049632232886277
1269050745053220864
1269051766655660032
1269054280020955136
1269054568635260929
1269055072404738049
1269061428087975937
1269062022416592896
1269064478236254208
1269066263978000387
1269066997666476034
1269067492397404160
1269070349552869377
1269071161704345605
1269076488092971014
1269076827806371840
1269080619654365184
1269083519139016704
1269084511758954496
1269086610462838784
1269086999480238081
1269087867885637638
1269089355974365184
1269090236849627136
1269090887021154304
1269091994736848897
1269092992507236352
1269093824137052160
1269093945323249665
1269096163623358464
1269096574992424961
1269100190356500480
1269100316114313216
1269100441947627520
1269102082251866114
1269102706729160705
1269103838876667904
1269104691029225473
1269105523783348224
1269105902843396097
1269106393979609088
1269109367221088260
1269109408484618241
1269110856995999745
1269111900463235077
1269114551808561153
1269115348147560448
1269115968946688000
1269116074802450432
1269117196816519169
1269117307315347456
1269117374235582464
1269119186636324864
1269120055071006720
1269120335334371329
1269120566507667456
1269120622497431552
1269122181465886722
1269122805670514689
1269124898795819008
1269125381921087488
1269125816236904449
1269126153450577920
1269127184079376384
1269127755607801857
1269132067578642433
1269139125870817280
1269142863192850432
1269146885584850946
1269147045224300545
1269147599883337733
1269148013538279427
1269148206471864321
1269150007019610114
1269151320298176512
1269151998521139200
1269152144914964480
1269154922353868805
1269156260064235520
1269157816691982336
1269158688297631744
1269159315673214977
1269161847405580288
1269163164589006851
1269163377311404034
1269165290203443200
1269165417341366274
1269165587516669957
1269166602487922689
1269166879974854656
1269169018432299013
1269170506646859776
1269170604269281280
1269171031945568257
1269171036156825602
1269175204669947905
1269177146947153921
1269178913860784129
1269183388453351424
1269183469495521281
1269185377828552710
1269185434988564481
1269186248947560448
1269186886632955905
1269187158423846912
1269187260492242945
1269187488700141569
1269187944352448512
1269188741454856193
1269188792059117568
1269190141320531971
1269192021228441600
1269192080397611009
1269193233588006915
1269193316786155523
1269193511942922240
1269195282463457280
1269195287484149761
1269195338365014018
1269197112434180096
1269197653579096064
1269198412945207297
1269199177004863489
1269199217572151297
1269199629616246784
1269200138179883009
1269200207952187392
1269200358510866434
1269200723373248512
1269203355185876992
1269203521657806848
1269204228368674817
1269204292461826048
1269206487643099139
1269207058164977664
1269207193544306688
1269210303004278784
1269210337334697985
1269213439664230400
1269214072425373699
1269214556930183168
1269214697183723520
1269215181977956352
1269215642957213697
1269215731088003072
1269215822779748352
1269219678032998400
1269220242288529410
1269221129136279558
1269223315425701888
1269224887639511041
1269225558962888704
1269226548994998272
1269226619215937537
1269227526603366400
1269227802034929664
1269228335671934976
1269228800207998976
1269229744257671174
1269231451737698305
1269231862209228803
1269232168955412481
1269232667255603201
1269233657253892097
1269233666087141377
1269234873816043520
1269237029512056832
1269238540019302401
1269239455052939269
1269240947319193602
1269241131461558272
1269241558752276482
1269244093781233664
1269247394014789632
1269250492766486528
1269250679958315009
1269250721859411969
1269254067093725185
1269254481213964288
1269255819926757376
1269256385658789888
1269256541250523136
1269256728715030529
1269257188066725889
1269257975870488576
1269258437915000832
1269261100677304321
1269262581631455232
1269262731770814466
1269264291997405185
1269264540098875393
1269267031410515971
1269270831638724608
1269272182401744896
1269275662721957889
1269276262876483584
1269281904567693312
1269283556850716674
1269283754767507456
1269284216916738053
1269286188449488897
1269286555342057472
1269287746373378048
1269290200657616897
1269290783506599936
1269292213365690368
1269292930579091456
1269293338135535621
1269294183199563778
1269294294206164993
1269295396590936067
1269295615760089089
1269297414252318720
1269300698711130113
1269302448620998656
1269303513387057154
1269304662261448705
1269306027297685504
1269309226037514246
1269310630688952321
1269315693503225858
1269315710863306753
1269316011582464002
1269320764722786304
1269325827361124355
1269327399771967488
1269328351967293441
1269332273817620481
1269332672482029571
1269333652648988672
1269334783093436417
1269335833267634177
1269339433591017472
1269341969987272704
1269342050769686528
1269342717139488768
1269344382542426114
1269346330008121344
1269350703153262592
1269352410696343554
1269353417387831296
1269354536931557378
1269355061433569280
1269355556088807425
1269359083641069568
1269359192911028230
1269359335328452608
1269359998024499200
1269360119881633793
1269368689276510208
1269369674539479040
1269370617817493504
1269374811740024832
1269375181719580678
1269378536571207681
1269381359459434496
1269384106690961408
1269385365837631488
1269392669903593472
1269395726511083528
1269406126925328384
1269409532679270404
1269409630129717248
1269415418243973121
1269421242387320832
1269435933071486977
1269437256726720512
1269438092227735552
1269438737433464833
1269446023434268672
1269450855650136064
1269451148882137088
1269458698847637512
1269462344423350273
1269471452937351168
1269486087157592067
1269487224376029185
1269488957571493893
1269493801330098177
1269494476512178176
1269527925906444288
1269538906002751488
1269544397730918401
1269544664543236096
1269544959302078464
1269545726721261569
1269546581625393153
1269559118110560256
1269566891665866752
1269567067193106432
1269581717158780929
1269581943479377920
1269621667963297792
1269625887273684994
1269855148064436225
1269873312810831874
1269879837436579841
1269896504912814081
1270191976676315142
1270260158375944192
1270264106159763456
1272751205974855683
1280820637909618689
1295064429671976960