1270201598099234816
1270220325691801606
1270346582597283842
1270375656640131073
1270815367196061696
1271300422532247552
1271579628377968640
1269727226720849920
1269728391965503489
1269735028453498884
1269777318991532035
1269786575732387840
1269811971853029382
1269813624014548998
1269823724032798720
1269868155611967488
1269872665537294336
1269881215634550793
1269881372166021123
1269921877306335232
1269980155705020416
1269981496489713664
1270062775814041600
1270076117005803522
1270076372631814153
1270083976309248000
1270155042885038080
1270169385185931269
1271553874298638337