1240058413867991040
1240058770614616067
1240059788236599300
1240061379177877505
1240069403389177856
1240074794038636544
1240087073647996930
1240098368635928576
1240117972724633601
1240118283438882817
1240119925680697344
1240125946633609216
1240126042494373889
1240127587189473280
1240144573428641792
1240168179264962561
1240171202351513600
1240174830814507008
1240175083907317761
1240175733059846144
1240183660260794370
1240197874287349760
1240200571380027398
1240243752171601922
1240245094499958784
1240247606766428161
1240248256514248707
1240259925118464006
1240264068507865094
1240264278419992576
1240290884287115265
1240298831054602241
1240314435534606336
1240323619596554245
1240327358483234817
1240330709635452928
1240398368939151361
1240399750345764865
1240402065115021316
1240437050584764423
1240448817805262850
1240456939785474048
1240477726621880321
1240575731450564608
1240630894999801859
1240734317455847436
1240865061507342338
1240958246703124480
1241127281965268992
1241158242430042115
1241168205831421954
1241344404058767360
1241344458937061376
1241344919802974208
1241345260233654273
1241346186709274625
1241347973604409345
1241364382216527873
1241369971877437441
1241370684430987266
1241370744304656384
1241379578897145857
1241386950940123136
1241401266195947520
1241406793823031298
1241408526850850821
1241409138606968832
1241427325138460678
1241442353845583875
1241442357943418884
1241473870261112832
1241481264546361344
1241505469790703712
1241507791069569024
1241523610260561920
1241524520126685185
1241536289264066560
1241574134665973761
1241577632967385088
1241585291267170305
1241587611212251136
1241603075955216384
1241612328149254151
1241629180682371073
1242702252231528452
1242986680161718272
1242989779609739264
1242990836394020864
1242990912231182336
1242991163696533507
1242991264699572225
1242992262813908992
1242992337870934016
1242993982323298306