1243468115045797890
1243472630595936257
1243475269035233281
1243476007639646208
1243476754691264513
1243478609114943489
1243484321865846790
1243487895224107011
1243487970725785600
1243491357773172736
1243491975820541952
1243492102064963585
1243501068794945537
1243509768293093377
1243531297424674816
1243537672712392705
1243539375771791361
1243547181421719552
1243571691336413185
1243602684659326980
1243699505784070147
1243830490169139200
1243941370278150144
1243945866966097920
1243946907904458752
1243947032475246592
1243966006763999232
1244017282482704389
1244051219242336257
1244058152963911681
1244102478221553664
1244106722542845952
1244218762007580673
1244226609462128640
1244228582727180288
1244239862775062528
1244243616228192257
1244244635578499072
1244250155282358272
1244268196774936576
1244408645695295490
1244555769401323520
1244562542351077379
1244566965269585920
1244617223748177921
1246407579858845697
1246407617255297025
1246409327956512768
1246416823911931904
1247791692272427009
1247792689321394177
1247794476950499334
1247796539986046977
1247854092078034944
1247869873444831232
1247888886052712448
1247909676894711809
1249273102858457089
1249277801171243009
1249278496511266817
1249279370184642562
1249279922658557952
1249282678358265856
1249298779838152704
1249316854012628993
1249548954531811328
1249944321421234177
1250366944093536263
1252638968409178113
1252641883722969094
1252643967537238019
1253402035388649472
1255073318190886912
1265258802867249154
1266655057824624640
1267361940088725504
1267395876382822403
1269556207611592707
1269557287338881032
1269570250556702722
1277175634637307914
1277289388246892545
1283354629099724801
1283394638930341889
1288049884625620992
1288052631588474880
1288052796428869632
1288162945386475521
1290354217253822464
1290486004005052426