1242135248684679172
1242455894564241411
1242119158357266435
1242119328444624911
1242958382811754496
1242119752299970561
1242136648558747649
1242376441574105088
1242119959045603329
1242568703599935496
1242120115115737091
1242120728100519936
1242147681046335493
1242176249201668103
1242320251552960512
1242320822074855424
1242330672460529664
1242421016632180738
1242490627595567104
1242558153557979139
1242120242589032448
1242120478308925447
1242120641937117185
1242124980940238853
1242134657501708290
1242135445867245569
1242121852002148355
1242124431469625344
1242135429341745156
1242153833179934720
1242124628832792576
1242125784464199680
1242155465187999746
1242175420038078465
1242313995962347520
1242339042689089536
1242461724978098176
1242479479177400324
1242663059996409856
1242663089121701888
1264447965302677504
1271236764754079745
1242127120265932800
1242165295269040131
1242750561566498817
1242886339382689795
1244888328962363392