1243246508184440832
1243247436388319240
1243250098227666944
1243257078766080001
1243265950725611523
1243292851582013440
1243300853957578752
1243309814148726784
1243316310106206208
1243349848096755714
1243363999141359616
1243381024463020033
1243381694809309189
1243389948356517888
1243390671043448832
1243407645920227329
1243413424589008902
1243422547883876352
1243428626332356608
1243432383577083905
1243450091693735937
1243467216957382657
1243471866595065857
1243473886663999488
1243492236333113347
1243499966137536513
1243582908478046208
1243589874994892801
1243654295586832384
1243902489767936000
1243903198206791681
1243919287259222017
1243964623566577666
1244040972876632068
1244153140687056897
1244154421199753217
1244217564487503872
1244327020126855168
1246045539390623745