1242860162458759168
1242860742392471552
1242860870801059840
1242861295273205762
1242861630888669184
1242861751026114560
1242861812489637888
1242863228667023360
1242863241321230341
1242865632183369728
1242865972941402112
1242869717561479168
1242870770394697728
1242883596312031234
1242906254126784517
1242916613742931969
1243282802499448832
1243535647027146753
1244694038504038400
1245547993173913601
1263688280178130947
1242870977052258305
1242882467826196480
1242912237024694273
1243078895563354112
1243370013852987393
1243763360178622466
1244142742982340610
1244184929359007744
1244655601877041152
1244768101448781824
1245753514548006913
1245795222178725889
1242871784547864577
1242871802046615554
1242874016551100424
1242874352007348225
1242884447520706562
1242886842027925504
1242910548724981760
1242926927700099072
1242943868712206337
1242950700952424450
1242951287848632320
1242954135877476357
1242955621210697728
1242963082952892416
1242971815535947783
1242977871863222272
1242987589893623808
1242990714994200576
1242992929724981249
1243004497053581314
1243029542152720384
1243055154246471680
1243078234478018560
1243078455475884033
1243079615947538432
1243089679089635328
1243091290041901056
1243112885980672005
1243450461195206658
1243468689766301696
1242901405217763328
1243022897666375680
1243535412166938625
1243277517047435264
1243453627299246080
1242871900214304768
1242901991459872769
1242915594426515456
1242871972247240711
1242885876062928896
1242872042078310412
1242872160714186752
1242873353641308161
1242875167941877762
1242872238824620037
1242872883954814979
1242873261442109441
1242874192820920323
1242872353043988480
1242872879764647936
1242872410262642688
1242872687216730113
1242876925590122497
1242901332891250688
1242908942579056640
1243000617385242625
1243040926693502976
1243046265501319168
1243081114744311813
1243433473991417856
1243810286873829376
1242872944398864393
1242879372496752645
1252606490298339328
1242872945824972802
1242873160099401737
1242873294933520384
1242875823671083009
1242922221686816769
1243071907634741248
1243382517480042497
1242873250499215362
1242873406841913344
1242873821444460545
1242877367422418944
1243011837181997063
1242873506083278848
1242873694978035714
1242874120108494848