1241354256898088962
1241354595110129669
1241355233588064261
1241355888088297473
1241356545490857984
1241358950693560324
1241360176218685441
1241360246334988289
1241360275229605889
1241360475272744961
1241360640448425987
1241362708181798912
1241363286823763969
1241363532316196864
1241364524353159168
1241373659559866368
1241375668220329985
1241390998581903360
1241392705655246849
1241401484702560259
1241401917219241984
1241403350807195656
1241405842227855366
1241406094146142214
1241420430294028296
1241437995850489859
1241438273475612672
1241466503725113344
1241474922737786886
1241486918598168577
1241522741683126272
1241536889154387969
1241545303569752065
1241553544857206785
1241595601281634304
1241678791384223744
1241756368354316288
1241769303533334528
1241771320590962690
1241783895877734401
1241808122630393856
1241838648506699777
1241844906303291398
1241847771025588228
1241862283334205440
1241890665077841926
1241922568082411523
1241941656410173440
1241941891295240192
1241965479796912129
1242128546119798784
1242128658988511233
1242131871946829828
1242137089489190913
1242139009104699397
1242165309408083968
1242247483746631680
1242259919853756417
1242265728977231872
1242290920206110720
1242319869086806017
1242442670125068288
1242445780125917184
1242461997289136132
1242471850950692866
1242505110674178048
1242530423248433152
1242531884313305088
1242562149190418432
1242622597285715973
1242672568840196096
1242678058835828737
1242717124830748673
1242740964218855424
1242862100441116675
1242879137846444032
1242879800500346880
1242887295910293504
1242890256757805056
1242894732222554113
1242905486351044610
1242921046744813568
1243481871926857728