1240615652295090176
1240616516187537416
1240616981939785735
1240619691619618816
1240621452715413505
1240622274979430400
1240625842629345282
1240630567001100288
1240639035665780739
1240640541043261440
1240642894274260992
1240646241308073984
1240674636754497537
1240678284075118593
1240692110208032769
1240694434011820032
1240738650176081924
1240746892843257860
1240762083890868224
1240790806304133121
1240855314754187264
1240859135274409985
1240869735039827968
1240920578388713472
1240964051511005189
1240979989304131585
1243505039882190848
1240617577543426049
1240639370882883587
1240647050703732736
1240653958697193472
1240834255401431041
1240867356789714944
1240870154193588225
1240678033473732608
1240717422195326977
1240717434144743424
1240720471529861120
1240730773331808262
1240730930211405825
1240738201523892243
1240747301930446851
1240873039773851649
1240914424732532736
1240914588054495233
1240914877562195968
1240915045032263681
1240931756234194944
1240943176082427904