1244713558774034435
1244708726726111232
1244709544225366017
1244709697036472320
1244710102403252225
1244710211451043840
1244711033752760329
1244711557721763840
1244713952707096587
1244716074924486656
1244722076373659653
1244752859465465857
1244769657678168064
1244779581174886410
1244783745757900800
1244795289107652613
1244803841087791104
1244807724883423233
1244822056769851393
1244855588221153281
1244867541052223490
1244884510728208384
1244929989318975488
1244937605931839495
1244970111447887872
1244982581390606337
1244985764728975360
1245111098803662848
1245343694179282944
1246142482099953664
1246191031621537792
1247188680395145217
1247517903370326016
1247673550279852032
1247880994323075073
1244754956562976769
1244773448796311553
1246106227035246594
1246106465875701762
1262129851625926660