1245254901749465088
1245263184073719808
1245293584103772161
1245298639141994504
1241135074659229702
1241136477561651205
1241139685117825026
1241141225056501760
1241148505072246784
1241152531562143744
1241157148157108225
1241162023234416640
1241169170550538240
1241170173073272832
1241208374638698496
1241212170446266368
1241218000734191616
1241228257325748224
1241229794643189760
1241232647184977922
1241234345454473216
1241238867187052545
1241241068248727556
1241242271674138624
1241248791140827137
1241257007400837121
1241259088660631552
1241262991997370369
1241264058633834496
1241264975550779392
1241269269360332800
1241269435328950273
1241270190178009088
1241272346486267904
1241274641634607105
1241275022506897408
1241278867978874881
1241279828667621376
1241291304178454529
1241291858380283904
1241295184312373249
1241295506929786882
1241305426433642496
1241311395335081984
1241314980735180802
1241320040751751171
1241320777602998272
1241322178844348417
1241322984071204864
1241323265177481223
1241327853989498881
1241339580739026945
1241340807480635393
1241343376441643018
1241348046631428103
1241348379483017216
1241349795312214017
1241356299406733312
1241357456984416256
1241360614913646592
1241362336495153152
1241364801407852545
1241366907955171329
1241378021711515649
1241378051050450945
1241404311378288641
1241407225832374277
1241419088062304257
1241447571744157696
1241449794347978763
1241455779934322689
1241482002525761537
1241489803792863232
1241490378328440833
1241504513615429633
1241519860078661632
1241527537953648650
1241533282090496005
1241557587859869696
1241593894489296898
1241593910951960581
1241596816673492994
1241605214848729088
1241607970179502082
1241612807675629569
1241614307353231360
1241627737049174017
1241638780097818624
1241641319266746368
1241645539227242496
1241648093310808065
1241671813375176706
1241695936742449152
1241714073085136897
1241718012043984897
1241732142712799234
1241742007414018050
1241755241239977984
1241768615516520451
1241774337234833408
1241784784956899328
1241840577580355584
1241841337063723008
1241858063943880704
1241906717811712001
1241963655219957761
1241975969885323264
1241982085121716224
1241998560939237377
1241999554209292295
1242001328848506881
1242001598378700800
1242001876473778177
1242011353033965572
1242018185815212032
1242026547818749953
1242034640208171009
1242047462044585985
1242053505839509510
1242060464051421185
1242084291959328768
1242085491358306306
1242093057954242560
1242104361771249668
1242174633073352710
1242395599124795392
1242731679761956865
1243527156795346959
1243531343176306689
1257287638144307200