1244326170700558336
1244331737926246400
1244334099843735557
1244327730998644739
1244327867388837888
1244328380360560641
1244330262126661632
1244334746752233476
1244335454830264321
1244336955451748352
1244338344793788416
1244391419587878912
1244401049290649602
1244410478433992704
1244425313620287488
1244444816512962561
1244457907371966465
1244472071393927168
1244485640500150277
1244506896318361600
1244512324175659008
1244517177731870720
1244675063720394753
1244756035941826561
1244881646098305025
1244905087425753088
1245035714510807041
1245107743738007553
1246570760849592321
1246712895058083840
1246713810037043201
1246714531499425794
1246714850144854016
1246715551117766656
1246716205131538432
1246722928907030528
1246727622693982208
1246862671653322759
1246883133938495489
1247095953070403584
1248214645409800192
1248229094598164480
1248702207828078596
1244331889579757568
1244334737642024960
1244343570137518085
1244334573657325568
1244335945626914817
1244338201990328321
1244341223130882049
1244432271962144774
1244492418335948800
1244556155000696832
1244557749792526336
1244558054613549060
1244612303741427718
1244647028753420289
1245024482009497600
1245129027402100736
1245234285872906241
1245266087056310272