1237725593241890816
1237751562237173765
1237799318683299843
1237820878592839680
1237903846418063360
1237940255963205632
1237962199949328384
1238059929950437380
1238072907294593025
1238242753508589568
1238304211017875456
1238325394727555072
1238326836041375744
1238359209714032640
1238438567464099840
1238637354136612868
1238698329141202944
1238704546320392192
1238796584915210240
1238836567554183168
1239422312195055617
1240069772852834306
1240567992368447489
1240581163049238528
1241270295320768512
1245616428524265472
1247160302086443017
1248360569285083136
1258354270488928256
1280881562628784128