1240654701676224522
1240654952965472256
1240655414309597184
1240655453991952384
1240655540146950144
1240656494573518848
1240657840156672006
1240658392219152384
1240658912455487488
1240660707563233283
1240661085855928322
1240662116513832962
1240662238672957448
1240663550919663617
1240663949479219201
1240664667741016068
1240671566490288129
1240675945318617088
1240676606533931010
1240679250593808384
1240685441432444928
1240687009997324289
1240687442065108994
1240705137670098944
1240716812049952771
1240730827756957697
1240732287735480321
1240734040749047808
1240746239211102208
1240768379427770368
1240768970963275777
1240778735823065089
1240781767684096001
1240792844845056001
1240795193500143623
1240795965465952256
1240796238167015424
1240797310281367552
1240798875826270208
1240802535876620288
1240804416896339977
1240805595437060097
1240805746587172864
1240811488304156672
1240827984430485505
1240852731599810561
1240857135447076865
1240870485593698304
1240879440441171971
1240919965609398282
1240923722963275776
1240977582553735168
1241015688032137216
1241057207531311106
1241062120726433793
1241087263942914048
1241170780060172288
1241202019949371394
1241210849332609024
1241213953163870214
1241343455470718977
1241344597051281408
1241345356329299969
1241346248961122304
1241346480306368514
1241347122169085952
1241347545818968064
1241370333019615233
1241371512139059201
1241374116675850243
1241374171072004098
1241390910371508226
1241393779476770816
1241400993989853185
1241413480260857856
1241413584946704388
1241418315538370560
1241419868215414785
1241421184912232451
1241422829264023553
1241436241406709761
1241441707822112771
1241455062561497089
1241455998369329152
1241465347145777152
1241465959594033155
1241467838814183425
1241481704922992641
1241489898537914368
1241498260520472576
1241505920690950149
1241515131382587392
1241527751695351811
1241533488018399235
1241558770276159488
1241559052188110849
1241572897308565504
1241576180429570054
1241587089373671425
1241587296425488384
1241609564379897856
1241757581132980229
1241776265750708224
1241803261130280960
1241981632309014528
1242100240053948424
1242236211021963267
1243091403128872961
1243547429636636673