1243870986778193922
1243871111546163201
1243871812410314755
1243873302759845889
1243874122762981376
1243874605565018115
1243875956546244610
1243876308372897794
1243877688168734723
1243879034922164226
1243879726671958017
1243879744027815936
1243879770116493312
1243880489905049600
1243882545902649344
1243893719021031424
1243903730824560643
1243904037067595776
1243906641872982017
1243910212777476099
1243912870053773317
1243921212549537795
1243933783293714433
1243934894771671040
1243941047668858881
1243942684634447873
1243954351997177857
1243961213903495169
1243970856394485762
1243971489461710850
1243985113173688320
1243992612542902272
1244003990737575947
1244059113404891137
1244095889028681729
1244193830485626882
1244197282221674496