1242333786227916802
1242344104714854400
1242346952294989824
1242349251872673792
1242356162860736519
1242363922210009089
1242378715927121921
1242380791356801024
1242382138101526529
1242386453444743168
1242397158143225856
1242397954591383552
1242402199390416896
1242409476369637376
1242411426737774592
1242420930934177792
1242427046170513416
1242445911869075458
1242467445610131456
1242469711251734529
1242471648441380864
1242522537797414913
1242542521898729478
1242553097643331585
1242602736962633730
1242603752894464000
1242640343352381441