1244312998245629952
1244314634447769600
1244315460306259968
1244316618223693825
1244327596814467073
1244330803041120256
1244332274902093827
1244336419239350274
1244345910814883842
1244350419913957376
1244357692988231680
1244359375122132993
1244368711215013888
1244369189722193920
1244379842948157440
1244388936547352576
1244393386330611712
1244399489193918464
1244401389180203010
1244417278805852162
1244424797200814082
1244443474906066946
1244466493208670209
1244485489203146752
1244492296902651905
1244501372889739264
1244512269964210176
1244529609636491264
1244530439760601088
1244534197844312064
1244591148187832320
1244592658582028294
1244597946970185728
1244611381686484993
1244615755804504064
1244714812938092544
1244735310216351744
1244816797322231808
1244864952592105477
1245382067854225414
1245765426971279368
1246713343848493057
1246715394926272514
1246718088340332545
1246728444244680704
1246733564634451968
1246737851338850305
1246739524924903426
1246740141848264707
1246740619776512000
1246781388298366976
1246782525864849408
1246783624189489153
1246787239784271874
1246789462148841472
1246823192947195910
1246839291013103616
1246841005971816449
1246847918218391553
1246850388533403648
1246852158437437440
1247043595397287936
1247075652307521540
1247086180048478209
1247728768258576390
1247888811851304966
1248165420378591238
1248167287040999426
1248171678368063489
1248178733426622464
1248185976805117952
1248186371287781376
1248188699579420672
1248188863169867776
1248203320243531777
1248237671786270726
1248270638449668096
1248963739178672128
1251177006592602113
1251190302267920386
1251402362716950529
1251403212923400192
1251424029979881472
1251434901590720518
1251510180782780416
1252239985471709184
1252410149139935233
1258402773198143490