1241049113334071296
1241049346713489413
1241050129169362945
1241051578699743233
1241052758158872576
1241053751709847552
1241062760818982913
1241062907724455937
1241065088553037824
1241066501542678528
1241067144248344576
1241069174127915008
1241069570531696642
1241077822417928193
1241081597576830977
1241086538114420736
1241089749869309952
1241093576273973248
1241117030851305472
1241124811402862592
1241392300841787392
1241049424568225793
1241116548846231552
1241049506843672577
1241052472396910596
1241057781454684160
1241059438284476416
1241059639535579136
1241061049173970945
1241092061509623813
1241288539398123522
1241293166227177474
1241049568176996357
1241049643921924096
1241049695448948736
1241049789694869507
1241049912017588225
1241052635614064643
1241059527178563585
1241061209060843521
1241073030165606405
1241097602688483329
1241177579760914433
1241389497327075328
1241050085049413632
1241050525778366465
1241050610134183936
1241052593880621057
1241053262893256707
1241056589718515712
1241060592213000192
1241068985166245889
1241071915961384960
1241079921801195520
1241086324658130945
1241101024401620992
1241101952341196800
1241145330084630528
1241182554339700736
1241195859854995457
1241197192385159168
1241199864052158467
1241212399257968640
1241268991030591489
1241323011111862272
1241338016167342081
1241362133578731521
1241404103571406849
1241455658022600706
1241524821449719809
1241567746804105216
1241574595595034624
1241731026759663617
1242062943589732352
1243709471995695111
1243733769258971137
1243831824163450887
1243836932943208449
1243845732764913670
1243848358231302149
1243876950348832770
1243896537664630789
1243917878170202123
1244199949723750400
1244215905250353154
1244251703244980225
1244412962770649088
1244549360844779525
1246314238794072064
1247729473606299650
1241050000123199489
1241095750492323840
1241110039395479552
1241131711087423493
1241375854690787328
1242237593909112832
1242514963060551681
1241050092284661760
1241065243834486784
1241099842723561472
1241261931907948545
1243709392282963968
1243735262699585536
1243912182087237632
1244309802232287233
1241050135955636226
1241050225864826884
1241050301689405443
1241088307221553152
1241244111710982144
1241050811347730432
1241050966931234827
1241051117720649730
1241051473036836864
1241154247065915392
1241051608332603394
1241051710140940295
1241051809986248705
1241051965561454592
1241052481544691720
1241052739624488961
1241052870520254466
1241053103287394311
1241372447275921409
1241053240776691712
1241060849097244672
1241053377443872769
1241061182582243329
1241053468854571009
1241218732187246593
1248535639454146560
1241053667354124291
1245047999669178369
1241053760392224769
1241056294880129025
1241270920276148226
1241064498062032898
1241249352862928896
1241056296423559169
1241057081739935745
1241057521944723457
1241057616752594944
1241070683163148288
1241095958567374848
1241128321427148803
1241132056719040524
1241208470822674434
1241135406642540548
1241195753479065602
1241223650033963009
1241249092719632385
1241983389718192130