1241108055191883792
1241112522821795840
1241113495275438081
1241149557700005890
1241160110962966529
1241215278693994496
1241217648504893440
1241224950851100672
1241272623176138754
1241280126521954304
1241281088468561920
1241303468192575488
1241303996213497858
1241318559092883456
1241319917921525765
1241320278572986370
1241323671865548802
1241327533041152001
1241330441652584449
1241344634980204545
1241372443060498436
1241395612509061125
1241428793706848257
1241443905909837824
1241445704943501312
1241504572260130816
1241538281990389760
1241541519397404672
1241549519340306433
1241550164189470721
1248706284498456576
1250213187443621890
1250230777352081408
1250239353516748800
1250258453559250944
1250417489508360192
1250427932893302790
1241591545247105024