1245031936411742208
1245033785508474882
1245054265174999040
1245071694865354756
1245249506582487040
1245252304783069185
1245252660896251904
1245270423563976705
1245272122605195264
1245328590318665728
1245334813906780160
1245357106984890369
1245584845729746944
1245624788141273090
1245626464143171588
1245630438225276928
1245640286627225601
1245676314977341440
1245678441715978240
1245687392075419648
1245709026190639104
1245995967540686848
1246016385102331904
1246018772126728195
1246071731569037318
1247560736043401218