1245110418994913280
1245110892674666500
1247440289557553154
1247497277494747137
1247539285877608457
1245111686433886210
1245112185325531136
1245116035755167744
1245119678466396163
1245121412722917376
1245167168628629504
1245200533830242304
1245244146941493248
1245127868117667840
1245684383488462848
1245122302678687744
1245123027429285888
1245123953690939392
1245124055419805697
1245126194644660224
1245127861050019840
1245130921231220736
1245139880071573515
1245159421740609536
1245160433754963968
1245171111576440832
1245173640259235841
1245179549949628417
1245181307463913473
1245183895420665856
1245186072511942664
1245188777489940480
1245188941763969025
1245189205136826373
1245190107306627077
1245190418112950272
1245205280264278018
1245213711167418368
1245256838540558337
1245296400788787204
1245305954134118400
1245319497231327233
1245381380147740675