1244005174659727361
1243997830114492416
1243998035484409856
1243998235418640388
1244005291517186049
1244006193678303233
1244038149606723585
1244040138294022144
1244040641094529024
1244061157784268800
1244063638756999168
1244072656418160640
1244080839178227722
1244091149444362245
1244092248012337152
1244093719235657731
1244111797612720128
1244117039981244418
1244117724487454720
1244132194911739910
1244221957081411584
1244243091818721286
1244250377639399425
1244254932187873280
1244267892901687298
1244296659086893056
1244595262821003265
1244609253748494336
1245776564261916674
1246071194253774850
1247060246859841537
1247349548323831808
1244002133961293825