1243798080786317312
1240152634402713601
1239581107818987520
1239597016231133184
1239623330262630403
1240182829167886338
1240183163185508352
1240489764668600321
1241906235567472641
1243807903993249792
1246005329445269511
1292159111056916481
1297300064654823425
1239581208658444290
1239581283195518978
1239610528378621952
1240218375978020864
1240276664535433216
1240497410570252293
1240721252362354689
1240985170288627719
1241163378535456768
1241166874596896768
1241291220363530241
1241686000981561351
1244229799502958592
1244389141640548352
1239581349968838656
1239581451022196740
1239581568101945348
1240018247732387845
1240498039908749312
1240524573935898625
1241305812976300032
1241311155739488258
1251269566644314114
1239581657574891521
1239593102127620096
1239607915645935619
1239624451769208833
1239674544715112449
1239724789213749250
1239933373973327872
1239940551895441409
1240044346314911744
1240045544036335616
1240072894975102976
1240073341056106496
1240086420536135681
1240086616527507456
1240090636339953664
1240102101272813570
1240114546318233600
1240132676813762562
1240143396796276736
1240144859874410497
1240153062506930178
1240159591402373121
1240167776188354561
1240180467992653824
1240183371201777664
1240200772475813895
1240217210510958592
1240217344997122053
1240220334957051907
1240233194554683392
1240249285800800256
1240305258204508160
1240314878784659458
1240319557866336259
1240398315830853632
1240423075109355522
1240425235121397760
1240495372021063681
1240500539583909889
1240707532730974208
1240917577150246918
1240919286719205376
1241264738194952192
1241290222815473664
1241292327517216768
1241294169223684098
1241306365068369920
1241324745863254017
1241354936182386688
1241395536973795329
1241533705530695680
1241556996999892993
1241577465127956481
1241579548535209984
1241622083970318336
1241667002235621378
1242586370868228098
1245831302693126144
1249077100843335680
1251078043206123520
1251161059425042435
1251256584887566337
1251268780359024641
1253763988850171904
1254296693002194950
1254366225410469889
1254670609470164993
1254671868218486784
1256115795203100673
1262662134514802689
1239581769424416769
1240112918928265216
1239581865620709376
1239581960101441538
1240179692121939969
1246099205392936961
1239582033200001024
1239582115823566849
1239582223810072576