1242819336903016448
1242820404999344129
1242851732100657153
1242869079872081921
1250511218680397825
1242815493678997506
1242815499010027521
1242815501795033091
1242819440619724802
1242819543904456706
1242826995844644870
1242841988807815174
1242819656102170625
1242820865881976835
1242865575380090882
1242819778147999744
1242820011191865345
1242820202326360065
1242823177694134272
1242820330537787397
1243015800837017602
1242820441934266369
1242820555318923264
1242822644833140736
1242841032405979138
1242820770860011521
1242821261044129795
1242821363850792960
1243015759204319233
1242821550153351169
1242838943932067840
1242821614426882054
1242822216862982144
1242824758627954688
1242829087464247297
1242832681710301185
1242847164507832325
1248530350835298304
1249873866484330496
1263267666694897664