1244640746805825539
1244641211056521221
1244782626059231236
1244640847993409538
1244651336244715527
1244662284997349381
1244640977362526211
1245149531425169408
1244641046132396032
1245292428069748736
1244641170694815744
1244642117118341121
1244646525084397568
1244842604652646401
1244641300844068866
1244650421995610117
1244657912703643648
1244817144866627585
1244953149191774208
1244641634811346944
1244642021769228289
1244642485848158209
1244642783861846023
1244815475772510209
1244641816588292096
1244646340593733632
1244655724657025024
1244984992889004032
1244652571014250500
1244785956995153922
1244642174102274054
1244642769920016386
1244643450659602438
1244644163511033857
1244646240190476288
1244646630093139970
1244649435973459971
1244657635686617089
1244661286979469321
1244674471971172354
1244792822055780352
1244815862495940609
1244871776049360897
1244873940922773504
1244644355119484930
1244645206676459520
1244646088927088643
1244646865053691906
1244674238537175040
1244738561091371008
1244782881932750850
1244841942179028992
1244848552779468800
1244940470956052483
1245227992583790594
1245298866028609536
1244645904302452736
1244645937961562114
1244646508172996614
1244652086974746625
1244659175008985088
1244668067021496320
1244672947958276099
1244674556305928192
1244679638216916994
1244682084599222273
1244717270657572865
1244719908920995841
1244724933328015365
1244744445209149440
1244781791845724162
1244792285692395522
1244799697010778114
1244802868294619137
1244811961692389378
1244820211208826887
1244839165209919488
1244842110009970688
1244889799065911296
1244891716534054914
1244906215617916928
1244951564613308416
1244954412386324483
1244960586602967041
1245097677295058944
1244663562129342464
1244707510168227844
1244749471914721281
1244835914775326720
1244711168092053505