1242378858034278400
1242939118750961665
1242119045698240513
1242146208140931082
1242504158315458560
1242114262572687363
1242116017511370756
1242116825145421825
1242120497216831491
1242120895390507010
1242125614435332099
1242126808214056960
1242127338260873216
1242128432642867208
1242130798729363458
1242138511676862470
1242138704682106885
1242141493835563009
1242143007920418816
1242145054858280966
1242146455479033861
1242153233302331392
1242158833767718918
1242162834852716547
1242170279121608704
1242175929864073217
1242178911401684992
1242179590581293056
1242199157231755266
1242207826166140928
1242208816529195008
1242215892567670786
1242221881975017474
1242265250826604544
1242273145496596480
1242290823967858690
1242291746379186178
1242300571358384129
1242321387873636355
1242325297128751106
1242326869778804743
1242327498743898114
1242329051039240193
1242329394762231808
1242334893314469891
1242344716630282240
1242347807853273093
1242348978039119873
1242349078924517376
1242350051550257154
1242359191248891904
1242362575683289089
1242378648704835584
1242389122016333825
1242390987835617280
1242399662134394880
1242443185244135424
1242449154741137408
1242484034443210757
1242514413808222208
1242532273234145281
1242550798132838400
1242585439833382918
1242612623549423616
1242624019326738435
1242626909072175105
1242643262483111937
1242647427963686912
1242666276687949824
1242705393152749569
1242706748093288449
1242721843678773249
1242723030066855937
1242740717421617153
1242743571956011011
1242834937109270528
1242835145326882817
1242836154266746883
1242836356771934208
1242114413596991488
1242114662273089536
1242114763473240064
1242114839306256384
1242116793579249667
1242117911306698752
1242137337188036608
1242221252573573120
1242332064386404352
1247968162445955107
1242119649870983170
1242120136561242113
1242127367398723584
1242127618729742338
1242128097245384706
1242152978620047363
1242161597025587200
1242184011616784391
1242194904802967553
1242282716474806272
1242442732783702018
1242459765906833410
1242504586323275779
1242524089660686337
1242527071856926720
1242528913278066688
1242587902057553921
1242673482909048834
1242836813783470080
1243043160269430784
1243300702857781248
1243583666615234560
1243806659773751298
1244226566755946497
1244810149757194240
1242118100469919744
1242118408440664064
1242126595495800832
1242128499814682624
1242132712275623936
1242135219165159425
1242135408185618443
1242140910743367680
1242145138639400961
1242176067487633409
1242191491713224705
1242234857310302210
1242237052453703680
1242298109251616770
1242426463179157506
1242620026613628930
1242652586504642560
1242680134731091968
1242118273782743041
1242145335880761344
1242182689689604096
1242241796685488128
1242242207647551488
1242350403770961920
1242118394448674824
1242253108471881729
1242118498781986817
1242127187135934464
1242155943376252928
1242213686351192067
1242118613705908230
1242118711252787201
1242118898700505091
1242119004002582532
1242166487982305280
1244607795384782848