1234893555140714497
1235581992244215808
1238348968041435136
1239803108554715137
1239850764861952002
1239872623984685056
1239887381504962560
1239893670066892800
1239909444726775808
1239929241329950720
1239934308464369664
1239945783484600324
1239956395912388613
1240042536909131776
1240056689845587979
1240058514610978821
1240059411974021120
1240059806095900673
1240078441749393413
1240091238386237443
1240143449082527745
1240145727222886401
1240356823066128385
1240423347306913792
1240495401708294145
1240527079642300417
1240564826059034624
1240722086777311234
1241011507347050496
1241328717647020033
1247227991211425792
1248674776891170820
1252522770912534529
1252524767954923520
1254185279016988672
1285424197154594816
1239975895236071424
1240090234756272130
1240180871056875522
1240211389236428801
1311251520541908994