1239582322044874752
1239587891908665344
1239702886285742080
1239974777047011328
1240161434744623104
1240180304633044994
1240180720238309376
1243671441050042369
1243700536601387012
1243803907450703872
1243804174854356992
1243810239822118912
1243830217673711616
1243831756370915328
1243832554723192833
1243835024568451072
1243839776651972608
1243854495567798273
1243861091781881856
1243874467425792002
1243884068493762560
1243888489034326016
1243913258483974144
1244217189038804992
1244218253158858752
1244222761242963968
1244223679531188225
1244224708603764736
1244237665920258048
1244251375711780865
1244251917724848128
1244270598538366976
1244294883134918662
1244329306848976896
1244330590578577409
1244335740005343232
1244362269158498304
1244380766005530625
1244381013750530051
1244404941797691400
1244440681436704770
1244597107547418628
1244616317774303233
1244616993338200067
1244761277186084867
1244904315543867394
1245708556323733504
1245762700581404672
1245809338075283457
1245825578575351808
1245829780534185986
1245836701240623107
1245876215459782664
1245978515767468032
1245996621579587585
1246001709782048770
1246001999117680640
1246007660954206208
1246011493025546240
1246019661331943425
1246031347614965767
1246038534336712704
1246043529568288768
1246046376775090176
1246047891640193027
1246051755982499840
1246056584867962886
1246063382853308416
1246065642874318849
1246073972585725952
1246188496139714562
1246335358050148352
1246366269743550465
1246620067019640833
1257413687343808514
1239582410980851734
1239584952661864448
1239586012914946061
1239590948058824707
1239592030675914753
1239592031594450951
1239645048158990336
1239687429952503808
1239897987859480581
1240031649854902276
1240061148331999233
1240262191644844032
1240851774744834048
1240958775516753921
1241302331146174465
1241320064567013378
1241533789819547650
1241713737607905280
1243762653954260992
1243823544754110464
1243984543641731072
1243990551143141378
1243991248110628865
1243991763745988609
1244183509121617921
1244192831301967872
1244442959090679810
1246341316855955457
1249837865414074368
1250311340402421762
1259917939849007104
1239582513414262784
1239582722118606848
1239582818751188994
1241686785035366400
1243819551952961536
1244296775760056322
1239582910224764928
1244366475433054208
1243863835724955649
1240308776118317056
1239584060810440708
1239622651091582979
1239584434908782596
1241016080811909120
1239584436267745280
1239585405068083200
1239594277392601089
1239604895247892482
1244466295816351744
1239922705283133440
1239954926513651712
1240061855399202817
1240085576168214528
1240284490867585024
1240285893593903106
1240347254336163843
1241082125337522176