1244744743105392640
1244744964208078849
1244746921752870914
1244759713121591296
1244776483291201536
1244781623872311296
1244781720462938113
1244783204571041792
1244792877118631937
1244794033987358721
1244800707892400129
1244801912043474944
1244807217452179457
1244809658952491013
1244814633371873280
1244826549066403841
1244830542274555904
1244849760495898624
1244864661297737728
1244883521526738944
1244892080679223296
1244892580157915139
1244897717807124480
1244902479537397760
1244905071491547136
1244907082756829184
1244931809613238272
1244938376970731520
1244941787728351232
1244946884155699203
1244959936175472642
1244970057257476100
1245018125122318337
1245244289023696897