1241995238769557504
1242045993647915008
1242052556165197824
1241891563644637191
1241907913037414402
1242415866689576961
1242421336712019968
1242750997920956419
1243690871536615424
1243691159333097472
1243691486157221888
1243692484691202048
1243692836593250306
1243696238589095937
1243704597560131586
1243704690061332480
1243733047926800385
1243735602387812352
1243736789401194498
1243746846863917059
1243750202458005505
1243759727567396864
1243765659051458562
1243777285649399808
1243779022066200576
1243781445899956224
1243816288494866434
1243830851214835713
1243868176066252801
1243869757012692994
1243899050103123968
1244035658299125766
1244087483572330496
1244131708175298560
1244198850295992323
1244788535925911557
1244818517272264706
1241781631054209031
1241782193178935301
1241936867278405638
1242075854584180736