1243965391631568897
1244083406855528448
1244137865686257666
1243965043395440640
1243965605415444481
1243967169718816771
1243971628267999232
1243973125378846720
1243973759091871745
1244217518992117760
1244251449439256576
1244252030178193409
1244581425354952704
1243967982834978817
1243971908120588288
1243976078252785666
1243983946695585792
1244070362033336321
1244159952555593729
1244164818308923392
1243972945179009024
1243972460887732224
1243973126230167553
1243973131795976193
1243973202252087298
1243973255624396800
1243973381168312330
1243973403570126848
1243973420896878592
1243973565952606209
1243973972867403776
1243974406130544640
1243974415676665856
1243974508433661954
1243974719709347840
1243974998324326401
1243975273047097346
1243975561917034502
1243975604111843328
1243975636932128775
1243975973730537472
1243975990138806273
1243976006932840449
1243976032174161921
1243976174885384192
1243976795377922060
1243977807786639360
1243978041300152320
1243978364303671298
1243978423174823938
1243978427071414274
1243978599193083906
1243978691236986884
1243978796254052352
1243978914097225730
1243979030941929473
1243979245178757120
1243979304024698881
1243979589241778179
1243979659936763904
1243979702085111814
1243980230546427907
1243980810300071936
1243980859935346689
1243981409238294529
1243981447846858753
1243981979575619584
1243982214637015041
1243982369578717185
1243983314266005504
1243984512842977281
1243985673717243904
1243985872216715264
1243985888956252160
1243985908292030464
1243986203692527618
1243986286983118849
1243987853635284992
1243987954034520064
1243987981590986753
1243988162235564033
1243988296486850561
1243988312831877120
1243988523192991751
1243988552062586882
1243989894382399490
1243991185976426497
1243991362124623872
1243994361357950976
1243994424247492608
1243994779450572800
1243995006102376448
1243995084774932482
1243996047548059648
1243996395121643520
1243997347790704642
1244003241270087680
1244003882478514177
1244004305914519552
1244009407350026240
1244018271193575424
1244019797781872642
1244021821789241344
1244024384102293507
1244025105874739200
1244026660363677697
1244026959803240450
1244027037653725190
1244027589074792450
1244027909813264385
1244030931515604992
1244032166754951169
1244032567248068610
1244033233823485953
1244034102430273536
1244035771746697216
1244036020582178816
1244037336335147008
1244037662685696000
1244038170691473409
1244038254728544256
1244039869766254593
1244040200046514181
1244040247303909376
1244040515382734849
1244041761007124480
1244046068368752643
1244046425228533767
1244046697896071170
1244047012179345409
1244047029086511104
1244047448525418496
1244055447000227843
1244055887729360898
1244056911101792256
1244057107877552129
1244058416399646720
1244059129649467392
1244059242962845696
1244059273707036672
1244059781784055808
1244061063403970561
1244062690579865600
1244063098165768192
1244063781556228098
1244064435951591424
1244064632379146240
1244065530618580993
1244066335576985601
1244068009238573066
1244069338690326531
1244070958123692032
1244072065445040129
1244072119949881344
1244072606031941632
1244072815470555137
1244074127083720704
1244077589196496896
1244078967495237632
1244081170486300675
1244081778987544576
1244083096330235904
1244083112855797762
1244083552993439744
1244083964110757890
1244084975516782593
1244085231134445569
1244087941065924608
1244089618036715520
1244094676786802688
1244094915539357696
1244095417375232001
1244095422806790146
1244097449016184832
1244098977466740736
1244099798111674368
1244104028130136064
1244106116369248256
1244107732946309127
1244108467654266881
1244109161971027974
1244109965318443014
1244110493066899466
1244110702618406914
1244111055271464960
1244111969503735808
1244112879902699520
1244112997393608709
1244113329951571969
1244113559342071809
1244114748037160966
1244116067837972480
1244116700707975170
1244116831012601856
1244118660073037829
1244118727253245952
1244121243759960065
1244121301796544513
1244121821810573312
1244122380424941568
1244122710734589953
1244123067917324290
1244125408716394498
1244126552662528002
1244126981559439360
1244128175992406016
1244128567719596034
1244128839359295488
1244129032267956225
1244129195606904832
1244131091717521408
1244131096146542592
1244131705922785284
1244134610394656769
1244135134489505792
1244135223056457728
1244135696656285697
1244137024438878208
1244138148856098817
1244138371590619136
1244138536518823937
1244138989126377473
1244139390089265153
1244140356377038848
1244140579761598464
1244140880535175168
1244142328245293056
1244142354396786688
1244142868198916096
1244143015867944960
1244143058016403456
1244143951692480514
1244144064402001921
1244144068705345536
1244144387287928841
1244144794969886725
1244146295884763141
1244146415875612672
1244146703017676800
1244146707253866496
1244147420532965379
1244148385130729472
1244148501845438465
1244148707320266756
1244150029696167936
1244150257853673477
1244150670111973381
1244150853101146112
1244150884566589440
1244151015181619201
1244152114785521664
1244152130312843265
1244152206317649921
1244152700524040192
1244155518639321089
1244155695995346944
1244155720406310912
1244155955001999362
1244156450999611392
1244156753853337601
1244156765400334337
1244157121152921601
1244158023263752194
1244158115186122753
1244159041917591552
1244159222897655808
1244159300160782342
1244159500250161152
1244161256778534912
1244161739152928769
1244162173468884993
1244162813448187906
1244162897477074945
1244164158767026176
1244164188785782784
1244164407451693057
1244164842593943552
1244167435294584832
1244167678920622082
1244168093015797760
1244168106748063745
1244168777144717313
1244169972672335872
1244171579681988611
1244171612649218049
1244173047483039744
1244173917322911745
1244173953482063874
1244174158650638336
1244174305254158336
1244174565254656001
1244175232098693120
1244175911517163520
1244176137313378304
1244176754811572224
1244177022831689728
1244177447060291584
1244177768763490305
1244178303151493120
1244178586334113792
1244178591601975297
1244179225843838979
1244179830175928320
1244180223345569792
1244180701739544576
1244181700818563073
1244181952225144833
1244183352309100544
1244183591950716930
1244183729846837255
1244184698806505474
1244184808131104768
1244185105960230913
1244186151424012288
1244187315041378305
1244189132030496768
1244189220995907584
1244192037638979586
1244192810926030848
1244192812616253446
1244193104795701248
1244193467439472644
1244193793206824962
1244193955463467009
1244194351804059650
1244194462999498754
1244194497359216640
1244194571954733056
1244194702032846850
1244195712960626688
1244196379775258625
1244196787461607425
1244197286638432258
1244197307605815296
1244197420365479936
1244197438522421248
1244198437907660803
1244199382733320192
1244199793989160961
1244200041578926081
1244201266336747521
1244201916940324866
1244202071995428864
1244202122700361728
1244202130589843458
1244203191371280388
1244203908626407424
1244203945767194627
1244204663131344897
1244204701530370050
1244204713870012422
1244204860700012544
1244205022692458496
1244205217463169025
1244205238216790016
1244205452394500096
1244205897427099648
1244205981053128705
1244206647498727424
1244206781733060610
1244207020884086785
1244207091822321664
1244208669748838405
1244208845569683456
1244209365822902278
1244209654860623872
1244210994374758401
1244211039681548288
1244211147466776576
1244211378891743235
1244211723390746624
1244212620372004864
1244212768519204864
1244212880058114048
1244213413313572864
1244213446750679040
1244213844760813569
1244214037795278850
1244214155692748800
1244214864391704576
1244214986437607424
1244216348840001537
1244217091210661889
1244217708557762560
1244218182505766913
1244218391583473665
1244218722925129730
1244219366968885248
1244220664749477888
1244221348865437696
1244227019702861824
1244227074782617600
1244227354840481795
1244228420243988481
1244228428569513984
1244229217518096384
1244229607022383104
1244230315851370496
1244230618399080448
1244231448397262850
1244231817642643457
1244231989563199501
1244232517898493956
1244239254181437445
1244239849835712512
1244240831718002688
1244242446378135552
1244243196646805504
1244243767051210753
1244244211874103296
1244244333554847749
1244245947632271363
1244246380140347392
1244247645113266177
1244250579074813952
1244251149496131594
1244251860938051584
1244252243752153089
1244252661530017794
1244253074723467271
1244253254613000193
1244254538476875776
1244254646987866113
1244256392082530305
1244257084616495109
1244258438982643717
1244258441880797184
1244258858576547841
1244259105134477312
1244259365751648261
1244260439631867905
1244260997554192386
1244261221777448961
1244262376440020993
1244262642014797826
1244263061294325761
1244263434344005632
1244263528225112064
1244266141968732161
1244266986768666624
1244267020482424832
1244268744093958144
1244270090754748416
1244270413741465602
1244270468250636288
1244272456409452544
1244272489766612992
1244274092536029184
1244277518305132544
1244277590048813057
1244277783473389569
1244278848419700737
1244279565507121158
1244280258649522176
1244280434013245440
1244281029671542784
1244281251386834946
1244281742384652289
1244282140013072384
1244283003049840640
1244285995194843136
1244286568828997634
1244287296662167555
1244287857482698755
1244287979146731521
1244287991897522176
1244288198379003905
1244289489595445249
1244289677902962688
1244291062052663296
1244291133418532865
1244292794342129667
1244292903289196547
1244296827945414659
1244297881571471362
1244298204948004864
1244299312378544128
1244300130225922052
1244301036556128256
1244302441551745025
1244305362729103360
1244305700588646400
1244307578974343169
1244308527004483585
1244308585821044736
1244308720042962944
1244310636923744258
1244314818540118019
1244314936102223874
1244315002342903808
1244315372452548608
1244315535644536833
1244316473448968199
1244317129664385024
1244317319356010496
1244317752975900677
1244317953023258624
1244318322730156032
1244318354774478848
1244318818383597575
1244319495461707777
1244320498051190784
1244321486636298243
1244323307836469248
1244323522056458240
1244327304886513664
1244327607568437249
1244329235520671745
1244331339882455041
1244333957136568320
1244336226326450179
1244336641335906305
1244337341965185025
1244337768446062592
1244338034297810944
1244339041111363585
1244341498470191104
1244343168138481664
1244344212293701632
1244345252535812098
1244347514133741568
1244347739783090176
1244349765560586241
1244350077369569288
1244351120761331715
1244353792101007362
1244354056669335553
1244354832556793857
1244355599812505600
1244355843505733632
1244358602397069312
1244363615509065734
1244364269988335624
1244364327961821184
1244370204186095617
1244370221261037570
1244371936714555392
1244371970784968709
1244373395711524865
1244375963393236994
1244377385501368324
1244378361423486976
1244379636609495043
1244381957309566981
1244384179619532803
1244384884853891072
1244387963418509312
1244395781240451072
1244396419206832134
1244400537824636929
1244408578082918401
1244409367048458252
1244414517523685378
1244415720865357830
1244415905544564736
1244416131768766466
1244417226859520005
1244419353870770176
1244420587751006208
1244423004999815175
1244423375478566912
1244423475760173057
1244431509584359425
1244431583773425664
1244440924421124097
1244442065657835523
1244442393333514243
1244447174500311040
1244448003689033728
1244452613963296768
1244453956618579968
1244456793398374401
1244461112109735936
1244461904476561410
1244469722906689536
1244470914726522880
1244477931298017281
1244482117209174018
1244482788331413504
1244484277095395328
1244485464255389697
1244487783672143872
1244490526889410560
1244494826017562626
1244497661241085958
1244499456109604864
1244499745575337984
1244501301456666624
1244502048797683713
1244504802161086471
1244506683675566081
1244507107032018949
1244509347054415873
1244510798149550080
1244512307830337536
1244512605814784000
1244514064824500224
1244515159948898305
1244515285136220162
1244519488147664896
1244523611400044544
1244525884704350209
1244525930502074369
1244526329120223232
1244528817168961538
1244530028957691904
1244530905672224768
1244531354571878400
1244531827940835328
1244537485847339010
1244537959648391168
1244538484590690304
1244544842115448832
1244550219821469698
1244552123972341760
1244553453575290880
1244555081707671554
1244555093925478400
1244558247681568769
1244560282304700417
1244562241267138563
1244562549317742592
1244562802523533313
1244563709210456064
1244565219214364673
1244567993935265792
1244574455285706752
1244575067637342208
1244575818136813569
1244578103369912328
1244578522775138304
1244580322257162241
1244581937387147267
1244583766242160640
1244585096977379330
1244586790515888129
1244587395892338688
1244587956364509184
1244588308715446272
1244588921293438976
1244593761398788096
1244594424681771009
1244595203593269249
1244595937554694146
1244598685817802755
1244599410501304321
1244599449034182657
1244599947862904832
1244607770411667457
1244607790775185409
1244608478896885760
1244612806684504065
1244622365922856963
1244626179308621825
1244627403478974464
1244628200115695620
1244636643622916097
1244638702074089472
1244652338201137154
1244671355104243713
1244676107548278789
1244677040399237128
1244678188128591877
1244684802151854080
1244706471243366404
1244729526371913729
1244738317465325570
1244749243920810000
1244758760733552641
1244775345032585216
1244807955838615553
1244818030577803264
1244823281397452801
1244832215541911552
1244846438284251137
1244878257121644544
1244883676648833025
1244885112304492545
1244885520204824576
1244911844549996550
1244918254088245253
1244932455410196480
1244936620484243456
1244938991121641472
1244949915110957059
1245065628383424513
1245072872952836096
1245073456963690496
1245144816943419392
1245215801550004225
1245238191017193473
1245299326320074753
1245333950559481856
1245352938710732810
1245613190370578433
1245633072042672131
1245734972234723329
1245794368029626368
1246158617948160000
1246368005996478465
1246641043233112064
1246658326974390272
1246740297192583169
1247168916683542531
1247174826667593728
1247334461567426566
1247390367646978048
1248742949736808455
1248745933631885317
1249395612430274569
1249678624828968960
1250895260596781056
1255716417510477826
1256703441981841411
1258118424703766528
1262350258874572800
1267507935778869249
1276598108579753984
1280968422193532929
1283205722277199873
1303900262260551680
1303970690542911490
1304073589142900738
1304264001472389122
1304294235466653696
1304808796296863744
1307967556838400002
1307968975972823040
1311454307615567877
1311465525420138496