1240201351969116160
1234619007841525764
1234621213084921856
1234765562254938114
1234842771082498049
1234933269461901313
1239836334090604544
1239936371650965504
1239957870483066887
1240008550577049602
1240026462150934530
1240031601242681347
1240035715246948356
1240042712063184897
1240048703781699585
1240049419145416705
1240054529674162177
1240055238662541314
1240055575209279489
1240057163772342272
1240083650580025345
1240092580831993856
1240127200449515524
1240152468346089472
1240188555131052032
1240350987459514368
1240407333836029952
1240408147480772610
1240509700023730178
1240551184089387009
1242093174920630272
1243080401607942149
1244653185941352452
1252479895822831616
1252480026320257024
1285391949575286785
1285398911969099776
1285401520633253889
1285406675437072384
1285422583085699073
1285444294413869056
1285466481644367872
1285566390418788353
1285716285725315072
1285818543850708993