1243221941416230914
1243222591436972033
1243222944500744193
1243224889596579842
1243225574824464384
1243226992100683777
1243227436445093888
1243229513099759619
1243232504045330432
1243349977646194689
1243372387824848897
1243424809339346944
1243461319732445184
1243797174707793920
1243222744906563584
1243222746743652353
1243222748215816204
1243223311242403847
1243223926496530432
1243471536800989184
1243474049885335553
1243223405714903042
1243223491207299072
1243381355330686976
1243223563487916033
1243304558966824960
1257001859522326528
1243223758107705345
1243381309344370688
1243422690565746691
1243439652041707520
1243225147005259776
1243227743413628928
1243231685833035779
1243278033001361408
1243292196553592834
1243385954603167747
1243439681624309761
1243526404366569477
1243527052621418497
1243561427799019521
1243600673775783939
1243621575708024832
1243994890029203458
1244000159937318913
1306083647267639296
1243362259063066624