1240311689700159490
1240312156563730432
1240312966156890118
1240313003578478596
1240313158306353158
1240317781423382528
1240318435491344385
1240319185932161028
1240319244954267648
1240329122594750464
1240332901343846402
1240336159525535746
1240343072925306880
1240344289244336130
1240348502984712192
1240348600712007680
1240353165540757507
1240377006979723264
1240388975711391745
1240402019648786439
1240402040175673344
1240419718701256704
1240422512652996609
1240433292345782277
1240451524859486208
1240461112954335232
1240478011838722049
1240478876398215168
1240478955867693056
1240484600498933760
1240486929306533888
1240496752521670656
1240513931338117120
1240530780759248898
1240546840686276609
1240555431191130113
1240603778266488832
1240730517688987653
1240744239069364226
1240797307848634368
1245938774237995008
1240311835183718402
1240349402272632832
1240356721333166080
1240311928704176130
1240314664333922310
1240311977517383681
1240312178441363458
1240312255591387136
1240417215276597253
1240312329092444162
1240313265944576002
1240334377709637632
1240346545813241857
1240357249366843396
1241577398245584898
1265872544193744897
1240312384394350592
1242251935467442176
1245401961337421826
1240312430024065025
1240316456707018752
1240333711062654976
1240342993158189056
1240312511079100420
1240312689211002880
1240312778705063936
1240316707689947142
1240351730669256704
1240356262178689025
1240356267140530178
1240368024739348482
1240368633106198528
1240402099357257731
1240405828089323528
1240556701046190081
1240582117547008002
1241193879229083648
1240312584038907906
1240585789018275840
1240312769397874688
1240359682302189570
1240312771402743815
1240318038160752641
1240325573773266944
1240427315571470336
1240313014391357446
1240673596575494147
1240313061723996162
1240313106112352256
1240313147967377408
1240314838565277697
1240313203005050881
1240313286224162826
1240427044699353089
1240645674825396226
1240313328934756359
1240315958310457344
1240327961758195712
1240330519130320897
1240330858764161024
1240343547292852224
1240347690619330560
1240360831683948544
1240362383362703363
1240362652267876354
1240367497905180672
1240369496709357568
1240379294871846912
1240387066690785286
1240394421872594944
1240403827548925952
1240447720428457984
1240595532327747585
1240601523945713664
1240780437749891074
1240938026911461376
1240313551069351941
1240673495891263488
1240313787837820931
1240574504121839617
1240585902092681217
1240815901882167296
1240313789418999811
1240318712244310018
1240493079175593984
1245025958056386564
1246165466562932736
1240314219653935105
1240367262856593409
1240317650258952192
1240339152878489601
1240370272479383553
1240673428920840192
1246337140981731328
1248207572957630465
1240321768390299650
1240327730236817408
1240329491660132352
1240330426830532614
1240375280658722816
1240390627591929858
1240423041265364993
1240477221476691971
1240484324761317376
1240514041384251393
1240528430610907137
1240540645602873345
1240549603637952513
1240573457500459008
1240576494042263553
1240584581037936640
1240586288354467846
1240637117992140806
1240643061916434432
1240646162098642944
1240653618975346688
1240654827044012032
1240696453946724358
1240703850056536064
1240790154358304770
1241269749771669504
1241695861593137153
1242138524213743617
1242456334454476803