1238613576144883712
1240069091660050436
1240433317238972425
1240480172064878592
1240527231815839746
1240539433599893504
1240542071699759110
1240545087089590272
1240549000622850048
1240561453645434881
1240582169204068352
1240622388015960065
1240626482768035840
1240735760149409792
1240760351370641411
1240807084305735680
1240899594726375424
1241591494458241025
1241604018822156294
1241609603454046213
1241642581408141314
1241664874305982465
1241714886805200897
1241773422687981573
1241783794899746822
1241832477326524416
1242024423005323269
1242104206502305799
1242180110779846658
1245388858348445696
1247170241924341764
1256425962113306624