1243638999031349251
1244674853312970757
1243268283987644418
1243441551797358593
1243453279109029894
1243820954511384578
1243960864622821377
1244051572050427907
1260808261240074248
1262251511964368896
1265249038565289985
1266393790819954689
1271212802615607296
1243261781910401024
1243276230331371536
1243297134377611266
1243360148770316288
1243546053091221512
1243557523531149312
1243558284679712769
1243582362576879617
1243663853205905408
1243883128860663809
1244328278157971456
1246148300216176641
1250078237377597452
1254585578714210304