1237823077339156480
1250365216283484160
1298542820307935232
1237776967526764544
1237777021742338049
1237777130773151754
1237780773979242503
1237781671727906816
1237782183751954432
1237782481199235074
1237800182235922434
1237808702775754754
1237830063820849153
1240790735139594240
1245241601351462912
1250446396337029120
1294222532795654145
1244827828190875654
1246390622027681794
1251491709713674241
1254358620764069888
1256418456427278341
1258297333256794113
1286569987990224897
1237777304656449538
1237777345987194880
1237777413213487110
1268097924174577664
1237777507304329216
1237777639785533442
1237777750393597952
1237777817913495557
1244931230954635264
1252515543246143488
1303744925062889472
1237777876759519232
1237777935412736000
1237778149028638723
1243719270015447042
1271770201508454400
1237778387688730627
1237793691827204097
1237778389261574144
1237778878761926661
1237779391771443205
1237779393424109568
1237779762728271872
1244863515245948928
1248210807143399425
1249383039949553670
1237788360770498561