1244339141619269633
1244633246417076225
1249600830044377089
1244360477963988992
1244361484802523136
1244365247261138944
1244371438066446337
1244373325394186240
1244374784932114432
1244385447188615168
1244395622024822784
1244398415112540171
1244414731487604736
1244429704607617025
1244440211502723073
1244449484848988161
1244452547072536576
1244460386520350721
1244460713256669185
1244470528192196609
1244476468006023170
1244486452957806593
1244492628000989185
1244522207176359945
1244549687643967488
1244563528184483846
1244604607583727617
1244627066982670338
1244627198029393921
1244646571473592320
1244678531382218754
1244768460640419840
1244777403622338560
1244780046679752709
1244807729752887296
1244944012643110912
1245077460691161088
1245113391338881025
1245216698820509697
1245273436408238081
1245364299251568642
1245636440022634497
1246321454100049923
1247603808127127552