1244336884764905472
1244351305071628290
1244552077965230080
1244571611539345413
1244254676507385856
1244266915553587202
1244261568138768385
1244265187252809728
1244265388675944454
1244266185715101699
1244266725295587333
1244267057790754817
1244267460775366656
1244270174691188737
1244270258623561729
1244272062191075328
1244272754091642886
1244277109977202690
1244281998417498112
1244308451397750784
1244308484167852040
1244308816713269249
1244333778140639232
1244333949167386624
1244363921521328128
1244392468268953605
1244456641270972416
1244486768306425856
1244505069405388800
1244506053535907840
1244509237042167808
1244514582464430083
1244517696206766081
1244521649975762946
1244535606899814400
1244549633415589890
1244564833711915008
1244568678898839552
1244573116904304643
1244584084992450563
1244608423016255488
1244628527711784960
1244861680422506496
1244878478715097089
1244908917060243458
1244929673508904960
1244958048667545600
1244975396166283264
1245969907952615426
1255906968922779649
1256603807141724160
1308223769807380480