1243949519273889793
1243950685416292352
1243951919002988544
1243953200299794432
1243954424281612289
1243955976417562626
1243956044893540356
1243961004402397185
1243961384741855232
1243963379812913153
1243968151026634754
1243968694855831554
1243970120592044032
1243971040893702144
1243971490615382016
1243971644856680448
1243972134982090752
1243972962463645698
1243973033192284161
1243973116579270656
1243973318123888641
1243973624752754691
1243974526200737799
1243974821442023425
1243975054955810816
1243976019171856385
1243976342485364736
1243976644894883842
1243976723105898497
1243977554685558784
1243978536211435520
1243980562395623424
1243982470317518849
1243983108141170689
1243985142223273989
1243985842575679488
1243985903321784320
1243988137841430529
1243988593967849472
1243989108646711298
1243990616658214918
1243992419919634432
1243993095273885696
1243993950458908672
1243994206147764225
1243995800184565765
1243997657791639552
1243998178023600129
1243999162347257856
1244000403563274247
1244000879256068096
1244003215919677442
1244003670624215040
1244004318505775105
1244006074958692353
1244006210275135488
1244007393060687874
1244028993831043073
1244034731341164545
1244038934209818624
1244039093559996422
1244044009812697088
1244044227618709508
1244044597245992964
1244049051156467716
1244049611041341440
1244050116132196352
1244050124575141888
1244052573226766336
1244053633685000192
1244054033976954886
1244057206443651072
1244060443100004352
1244065480068829184
1244066566553006080
1244071855159259136
1244074401940869120
1244075986762661888
1244077869728436225
1244080096698400769
1244083744442445824
1244084887440654341
1244097659297837062
1244099110581481477
1244103283167432706
1244127211554299906
1244128587600429056
1244146237378617344
1244179024055685120
1244205448829468672
1244214088470876164
1244255547106316293
1244514535597318144
1244518783084941312
1244801239772086272
1245011267862970371
1245232784458665984
1245305995947114496
1245831210649223169
1245845840452714496
1245977317190406147
1246083044936536069
1246190843234529287
1246196551611006983
1246231699307917317
1246232789944582145
1246234854288588800
1246235005304688645
1246462626558869505
1246500646842400770
1243955699840962560
1243955765024522241
1244095775757537280
1244211764239220736
1244407717848104964
1244560554469003265
1244610753308405760
1244762204320104448
1244800926222868480
1245119567535525888
1245334479402500096
1245598280165122048
1245787577044611083
1245839280598990854
1245891746711527424
1243963985965318146
1243969292095324163
1243976652822020096
1244013252411117569
1244078846951002114
1244086732246712322
1244117086437244928
1244121788939792389
1244122288229777408
1244305137956503554
1244451406683213824
1244544490800463878
1243960242767085568
1243964061567668228
1243965122940293120
1243968609510215680
1243973064754434049
1243976546500497412
1243986291563388928
1244024513580290048
1244038820728733701
1244059394184273924
1244070962519330816
1244085407085670409
1244252289415684097
1244252557377142786
1244255604232859658
1244290328003260419
1244470112519782400
1244528989055537154
1244600530921455623
1244693374730473478
1243960243765358593
1243960244750950400
1243960832368594944
1243961637653991425
1243963182206631936
1243963274028290048
1243963512516497409
1243964497976573955
1243965628635111425
1243968230605152258
1243975863680421889
1243986848978030592
1243996978796736513
1244005148181102592
1244042531526119424
1244045213485740032
1244076653837537280
1244107833974480896
1244252130984288256
1244502078095011840
1247451172602028032