1244951282495795200
1244951396723671043
1244951428973629440
1244952477830537216
1244952955779829760
1244952987685945344
1244953980490461185
1244955302014959617
1244958552713814016
1244960158926675968
1244960838131298309
1244962299615629313
1244966205326118917
1244970005977894912
1244987144747266052
1244991301549846534
1244992268022538249
1244992278487339010
1245006897176027138
1245010796339331073
1245011022550831104
1245015905236647937
1245018874845769736
1245019910390120448
1245031461406687233
1245031910159589376
1245033051404619776
1245041788227915777
1245062134448271360
1245065473554878469
1245077641121546240
1245082930021412865
1245083110611402752
1245086977281503233
1245096372803645442
1245096788366893057
1245100415357554689
1245126450065408000
1245152576582057985
1245162718392397825
1245163670386155520
1245169106610868226
1245171485658025994
1245179785480790017
1245194800816459783
1245207299318116353
1245231454340014082
1245237431626072064
1245243013909098497
1245244184396812288
1245255547919544320
1245258688434143232
1245266120526856192
1245268213560205312
1245281710654345218
1245282541801803776
1245284244567527426
1245290438820429824
1245297301230432256
1245297925690929153
1245299213224660992
1245299847214895104
1245308089223598080
1245309393408851970
1245309648825131009
1245316804244733952
1245323955868561408
1245340665745031168
1245343803311099907
1245348729504190464
1245352401214877696
1245352625022930945
1245352779054538753
1245365181347065858
1245371694979731459
1245375499322314752
1245385632991633409
1245399314601566210
1245487080580485120
1246068453087141890
1249911875627671553
1250164817219985408
1251874879533494274