1244636823831359490
1249699889946206209
1255492873736331264
1257496657371037697
1262020569937174530
1263148947058552837
1263614511782731776
1272783590670163968
1276690747962556416
1244636819494440961
1244637004572135424
1244638908266082305
1244703492565897216
1244638350725840899
1244638545576259586
1244638747452375040
1244638833431511042
1244639688297795592
1244639806832832512
1244639839535771654
1244639948936040448
1244640300938792961
1244640355758174208
1244640418995867654
1244640637846196226
1244640905988096000
1244641781356134411
1244642029532925952
1244642242834374656
1244642364368486401
1244643152855732225
1244643543832055810
1244643622487810055
1244643660333035520
1244643861072396294
1244647595139452928
1244648330178764802
1244648883575230464
1244652321805500417
1244652795698921472
1244656893399674881
1244659513740984321
1244659884282519552
1244660026809159685
1244663030031376386
1244663788424609792
1244688061721501701
1244700941787545601
1244705065295908865
1244711860315860993
1244722236952584195
1244729513772077057
1244734098217644034
1244749986404810752
1244766310254424071
1244779006945161216
1244779514208514048
1244782450431135744
1244794844792438784
1244801848906633217
1244808324836495360
1244812828877471744
1244814834102931456
1244815027695013888
1244820996026241025
1244822308684025860
1244826478149341184
1244830046872694786
1244834577731866624
1244836800041873408
1244838260096012289
1244843573754953728
1244870970684342272
1244878474038239232
1244886900197883904
1244888813534658577
1244890579026055168
1244899513350815744
1244910980984946689
1244917943999348739
1244926290018422784
1244926403079999489
1244944421268918272
1244954974146056192
1246667563213320192
1247946355756142593
1263245080384598017
1244638817287577607
1244661633105838086
1244937690207760384
1244638898548019200
1244639378233856005
1244782059954081794
1244638954298773504
1244645233482174465
1244916227333652480
1244639057398902785
1244891542634053634
1244639175342686208
1244639277146923008
1244641064427945992
1244938083813875712
1244639766525730817
1244640552353751040
1244641399745757185
1244639928094461953
1244642723635662848
1244640075767525378
1244640657567657985
1244700149269569538
1244640376499113986
1244646584056307714
1244642364380999680
1244640630053253120