1242909416254361600
1242909904903553024
1242910116862660613
1242911836443250688
1242913845770846210
1242925453758926848
1242970594783698949
1243276976426606593
1243292457103699974
1243534934054060037
1242916088465297413
1242916466044710912
1242920282534350849
1242925958635687937
1242926282163343370
1242985652024750081
1243206226344914945
1243326686885625856
1243333313785257984
1243375293131149312
1243382290467581955
1243399927507509251
1243433066741166081
1243507801177108482
1243509504312053761
1243538440593051648
1243554324447281154
1243583944567803905
1243626579542061056
1243636885215268864
1243658480990519296
1243662751592939520
1243702257574653954
1243702878658854917
1243704068750655488
1243719454409793539
1243781433669218305
1243783950155173888
1243866766045896704
1243898831609245698
1243901847162753026
1243930024996212740
1243953961012510723
1244027060680404992
1244052276550881281
1244059842655985667
1244077274594492416
1244092193293434881
1244093888027131904
1244094907423186944
1244153095170523136
1244210024160821248
1244228344868151296
1244273479513444353
1244357471210049537
1244404122792517632
1244418665694593025
1244436797708554242
1244474903379808256
1244478652135309312
1244505622747459585
1244611968197156865
1244649243022942219
1244706264619175936
1244733649314025480
1244756923523579904
1244773873121472512
1244815958654382082
1244867003640205313
1244908568773406721
1245011509404729344
1245036142661165059
1245082376373334016
1245128173928538112
1245135015219998720
1245194369021423619
1245200874005319680
1245201729806721025
1245208717760458754
1245248610020626433
1245353323978350592
1245386451111407616
1245449216626843649