1242738633041252352
1242738859579858944
1242739254033182720
1242743573952507904
1242744943325650944
1242745984213569536
1242746358995574784
1242746633743466496
1242746635320320001
1242746774097235968
1242746791319257088
1242748153981476867
1242748925645189120
1242751903550799873
1242756654086512640
1242758799808704514
1242759331835260928
1242759700761829376
1242759926260174848
1242760501177618433
1242761064300687360
1242761676199530496
1242765803058946050
1242766536005148673
1242766587905675264
1242769940287041537
1242780763956920325
1242781317827375106
1242785999140388865
1242788952022679554
1242789497114439681
1242789783539257344
1242792694595772417
1242808304339836930
1242815434019176453
1242833754982408192
1242839149188702208
1242845901850361859
1242849215761563648
1242856086148911104
1242865037678706690
1242873488073011200
1242883771940167680
1242931968112656384
1242935253309616129
1242973249476202499
1242990865418616832
1243027006591098880
1243037409970970624
1243043394860937222
1243043766484611073
1243066275275763712
1243096516153102336
1243097556667617280
1243097983802990599
1243098594128867330
1243099150477975553
1243101021125185536
1243107790899400704
1243112596816961536
1243117919871160320
1243138990376538112
1243212396124155906
1243230876038651904
1243301550233092102
1243483445814267905
1243534224998699008
1243580769165025283
1243880351400898560
1243907253880717313
1244198603301605376
1244293858252304385
1244877329089912833
1244931683759112193
1244956689914363904
1245277264457187330
1245284185381748736
1245611437893943298
1248060028986232832
1248071056620834816
1248072193340104704
1250463710335741952
1250464699776303104
1250492153614102528
1250494924337713152
1250495688024002562
1250496296340918278
1250503547952615424
1250505498367008768
1250506572070961152
1250510787241623552
1250547311291142144
1250548736800874497
1250550272952340481
1250550419581022208
1250551384132349952
1250557419710820357
1250563551955243008
1250563635337928704
1250565434526613509
1250571215116414976
1250572171610595328
1250573089638776833
1250574599634317312
1250579871610404866
1250590990223716354
1250592819481321473
1250599185713229824
1250601215848845312
1250614918782439425
1250625678090764288
1250625816398086144
1250633295387193344
1250634188723642369
1250634717151412224
1250634863578738688
1250636880946688001
1250637670201675777
1250640144824057857
1250641645030301696
1250648079293804549
1250648218381230080
1250657991294099458
1250670708092534784
1250673513503117313
1250676383799324672
1250677419180085248
1250677444064862208
1250677620376625152
1250678010359033857
1250682272040144898
1250682976305852417
1250685513536638976
1250686302187642881
1250686650432118784
1250688986890276865
1250691973339643905
1250702186503430144
1250707967055446017
1250730229342941184
1250737225052180480
1250737556393689089
1250755071501090818
1250755214950490113
1250755553971724289
1250772867886845952
1250786262820233216
1250795248915120128
1250800026588188673
1250800701992849410
1250812391232696322
1250812516915175425
1250816761475325954
1250818644684058626
1250822943875182592
1250830935102230528
1250832754578784256
1250837749067907081
1250838341668331520
1250841810462785536
1250844749864611840
1250848428780924930
1250853348359749634
1250857500888502272
1250861472860778497
1250862374426497025
1250863192689070087
1250867743991177217
1250868058047954944
1250876253193637889
1250887435325759493
1250900216015880194
1250901406732693504
1250901994421669889
1250902778370830337
1250911079141724161
1250911137362837509
1250918467068399617
1250919296127164416
1250924446589673473
1250925528472793093
1250925809948397581
1250933078136180736
1250934437619077121
1250939856605175809
1250941038094700548
1250948190699843584
1250948312435490816
1250949276953346049
1250950287701037063
1250959489601159169
1250964666077130753
1250965450340610051
1250965932643627017
1250967169543933954
1250969527023742976
1250973645624741890
1250975264777162752
1250988455452127233
1250990150496198658
1242749592266932225
1242750351817748481
1242825945280585733
1242827015020929024
1243098071937855489
1244670569066516481
1242757155045781504
1242759336469954560
1243132409781997568
1243187531308503047
1243447129303105536
1243464348032552962
1243471717386911744
1243852707716366337
1244240298282233857
1244373316569141249
1244549510920953856
1244623360639803394
1244883789999980544
1246422490143916034
1250991845448040448