1240324529869803520
1240324911413035009
1240327323473211392
1240328954344607746
1240329345538895875
1240334248151826434
1240340094839554049
1240385191979384833
1240416540517756928
1240438967385952257
1240574547943813120
1240642898527490048
1240651362054144002
1240687942571454466
1240819095668289539
1243006003362160640
1240331081359872000
1240332389643141120
1240332544991801346
1240333455277182976
1240346939763437569
1240348285942071297
1240348494059061250
1240348638506897411
1240348642948587521
1240348697549869056
1240348856832987137
1240348886075613184
1240349720356229121
1240350358033117184
1240351442772230145
1240356251449450496
1240356854485540864
1240356997813407745
1240368233103773696
1240368540818997248
1240374047768055809
1240374794345947139
1240376685775683586
1240377114001420289
1240384415081119751
1240388127916621824
1240388509577424898
1240399913852305416
1240408675937701889
1240419404984262659
1240419610433736705
1240435452449972224
1240436815825457155
1240454251240972290
1240454578426052613
1240465017729716224
1240465252866756610
1240479559662927873
1240481409678139394
1240508081504571392
1240512459863207938
1240515882738122752
1240538099937140737
1240538120518500355
1240543560887414784
1240557913954893825
1240559356619427840
1240569897391980544
1240580592170926082
1240594861247561729
1240612401394917379
1240612749316476929
1240631288907907073
1240642789270044673
1240673118227705862
1240673541881769984
1240679904615837696
1241425727549059072
1241528064309411841
1242946049469227014
1245263252038115334
1248709610816581642
1240584572590571520
1240379869260845058
1240502586630791168
1240850525156868096