1243223641111900170
1243317371479060481
1243514889303404550
1243534795461627904
1243796058380980224
1243230368947294208
1243333993510076417
1243452470094954496
1243534749450129414
1243556458911989760
1243564144588140545
1244990772413374464
1245383141520551936
1245438728660815874
1243221816883249157
1243222982471766016
1243229630934528000
1243231748667793408
1243280088143220736
1243282596575899648
1243359062852374528
1243387076877279241
1243413861148971008
1243447684045967360
1243451458806136833
1243463354699722752