1243572806408982529
1243573586696318981
1243574100758593537
1243574490635866118
1243574742252208129
1243575580634894337
1243577191683801089
1243578377899880448
1243585622780063744
1243586070937251845
1243587136462491649
1243588412634025985
1243588998674526214
1243595474445242368
1243598961023180800
1243599115465953282
1243613359662141446
1243620781696876545
1243625287880974336
1243628431046254597
1243701376368156673
1243714432645001217
1243719969877020673
1243721735930671104
1243735726346272768
1243746604273680384
1243747203635503104
1243748609050345473
1243750198196817920
1243752640019697664
1243762634828034048
1243765906200645632
1243767784841986048
1243773648923574272
1243774379332227073
1243775511609749504
1243779163816726529
1243783764972638214
1243785783460237314
1243798571104661504
1243798739434844169
1243816497601851392
1243830832940363778
1243831735558733825
1243837897394081792
1243839797535244290
1243841680786276355
1243843001920581632
1243848009856802818
1243850313037000704
1243867429257830400
1243867492004446208
1243868419545579521
1243883220355018752
1243885808597307392
1243907166127493120
1243911368677318656
1243915100223868928
1243915327815254018
1243917396127223808
1243921422541393929
1243921820614451200
1243935804650487808
1243947275786821633
1243953815184785409
1243954221868867585
1243968663092256771
1243968964570615808
1243971846032236545
1243981548002541568
1243982030632710150
1243992091291553800
1243995330439413760
1244023818227568640
1244024837170921475
1244033208720785415
1244038568261058563
1244043111787122688
1244049248385224704
1244061155951140864
1244075714254704644
1244091061208666113
1244102469380198400
1244120991778754567
1244134492345794566
1244136606748905472
1244139458963873792
1244142403843289089
1244144421249179649
1244151397060231170
1244160514856562689
1244161751941144576
1244165565092110337
1244166042886144001
1244166869306630144
1244168303309807616
1244171642424745984
1244180180211564545
1244180475972734976
1244187014666137600
1244188800995037185
1244189929841754112
1244190168732573696
1244199206958612481
1244201156634501122
1244204953603682305
1244206727299391488
1244221290493423617
1244222267229229059
1244227082806321152
1244228742014210049
1244239023498874883
1244277585762189313
1244596214726897665
1247536639536009219
1256677761634066432
1243583892017287168
1243625925704658945
1244129544073818112
1244242463134330880
1243572946997841921
1243779026369437696
1243573006930259968
1244129623358812162
1243573150673178624
1243835989266587649
1244131879915225093
1243573278674948097
1243624279264149504
1243624486588514306
1243625619033935872
1243573391468224515
1243573452990296064
1243601090559512576
1243657877543239680
1243819056114827264
1244129669269671936
1243573569910640641
1243573626110124035
1243714886648999936
1243778904470384645
1243573701976698881
1243632384668569601
1243636507581255689
1243671194899021830
1243801599820156930
1243806661975756800
1243811625137651712
1243573813205499905
1243918038551977984
1243573903135510533
1243574683305312256
1243590710382690306
1243591313997492224
1243591326664400897
1243721841102991364
1243759237253095424
1243779235728113665
1243836769373577216
1243874119009144832
1243952158199787521
1243958881891389441
1243969484861235201
1243574015890989057
1243575828551794688
1243579550405136384
1243580548452216833
1243583579516329984
1243585038219952136
1243590391137476608
1243590426398986241
1243602811419582469
1243613853960884226
1243713972529795074
1243743085797888001
1243752148552146944
1243758918901190656
1243799964234309634
1243842318592966658
1244394589722730500
1244509287881244672
1243574085805842432
1243598213505941504
1243602042788040706
1243574144794574848
1243590870387044359
1243574245411762178
1243574716943613953
1243576054599626752
1243592362519117826
1243601614851788800
1243574329989873666
1243648024766754816
1243574433652105216
1244018550261477380
1244148255405084674
1243574556901728258
1243786110779580418
1243851369695469569
1244103916670742529
1243635899167989760
1244699154116476933
1243574933676007424
1243615699857268739
1243649668954886145
1243575132108578818
1243575346605195265
1243575236513206274
1243579115577499655
1243575401831706624
1243648532835426314
1243836802483576833
1244223308125466625
1243575348018778114
1243575569385742342
1243678253157679104
1243741956561387522
1243812232703721473
1243588517395140609
1243598309882646528
1243697958211723265
1244164545733517313
1243598070480338946