1240409220916432899
1240410824797290496
1240411885461057536
1240414108052344832
1240449352172277762
1240473112753459200
1240478657920950273
1240503710289100801
1240512120346816512
1240529203512201217
1240561366869688320
1240563861415006209
1240564427193122817
1240564930585055233
1240577006368153602
1240591568404430849
1240601237566959617
1240612519330418689
1240614637617512448
1240690725886386176
1240718248707940353
1240731347871772672
1240765506849624064
1240837157251477504
1240841993338490882
1240894219016790017
1241031307544514560
1241077222129242112
1241113214705979393
1241211214090457088
1241353325595054080
1241468798777135106
1241501669503971336
1241626399674372097
1241907380499202048
1241947540716650496
1242130131684130817
1242770866041167873
1242928613739159552
1243475400422014976
1243528445428215808
1243569843359498240
1243586863740243968
1243614663880790016
1243777658934030336
1243971749852712961
1243973117644435458
1240435324460896259
1240522987587153922
1240528577470357505
1240550271413030913
1240615958382891009
1240669382889570311
1240672828879515653
1240700171542867968
1240863913345875968
1240896377535770624
1240953122295615488
1241000320102211584
1241287332864589824
1241324581790445573