1242874290141265923
1242910799032705025
1242874430184919056
1242874765137907712
1242874889272528898
1242875071334621185
1242875769501683720
1242949755627503616
1243903193534418947
1242875354466996228
1242875649330679808
1242877625435119621
1242879028882575360
1242889166381146112
1242926055264043011
1242950814424956929
1243066866425368577
1243068300528988160
1243206805054009344
1243433469138608128
1242886306117701632
1242886842451726336
1242887127978950657
1242888134783913986
1242888945358319616
1242889027776319488
1242890441344929794
1242924208528605184
1242924972881960966
1242927334769844224
1242932573359259648
1242934720683540482
1242960205270396928
1242975724736262146
1242986126337589248
1243042984188350471
1243043118166888449
1243190281580826631
1243221127389945856
1243223701023326210
1243224970597208065
1243224974808227840
1243984282131062784
1245447301616807936
1248782552950886400
1255515765995905032