1244089923428327427
1244089925714300932
1244090780265795584
1244090985317048320
1244091060952821761
1244091742862917634
1244093215961018368
1244094101701738499
1244100225767297030
1244100406315061249
1244100594635288576
1244104223329062913
1244104246057816065
1244104247953612807
1244104322591240192
1244104328022904832
1244104419685228544
1244104516435394561
1244104541353672706
1244104671746068480
1244104700913487873
1244104812959911936
1244104927334387712
1244105040538804224
1244105111800029184
1244105232415678466
1244105292490706946
1244105371884695552
1244105451471601666
1244105737338527744
1244105800529911808
1244106458435702785
1244106541755760640
1244106592292720640
1244107167554244610
1244107595356528646
1244107876194492421
1244107997485260802
1244108701960671233
1244108715046952960
1244108752116224000
1244108862153732100
1244109235132067846
1244109414782697472
1244109977096200192
1244110560876249089
1244111122535518211
1244111374692671489
1244112284160413696
1244112308969734144
1244112770972307456
1244113230219239425
1244113281121267712
1244113713562558464
1244114297443233792
1244115111750635522
1244116386084839424
1244117721328959489
1244118529827356679
1244118563100585988
1244118886062014464
1244118919427903488
1244119121467305985
1244120568011591680
1244120949202485253
1244122501644464128
1244122682087690241
1244122845283782656
1244124850790137856
1244126138403717121
1244128134888181761
1244129535613779969
1244129594049024000
1244129824882470912
1244131883946041345
1244133658211930112
1244134108025851905
1244134527133310976
1244135206757466117
1244135537885077504
1244136364733587461
1244136489770004480
1244136724705370113
1244139597594050560
1244140075639664641
1244141342197874688
1244141342529380354
1244141745568272384
1244145968284663808
1244150393644474369
1244153660130693120
1244154596437585920
1244154877397385216
1244155772289708033
1244166620194508800
1244167107841048576
1244168236201062400
1244173537881047045
1244173672509825026
1244179958362243073
1244181957812064261
1244185563814432769
1244192844857765888
1244193637073813510
1244193935267786752
1244199567811399680
1244200721299517441
1244202847442309122
1244203135863685122
1244204894795390977
1244206228231712769
1244208158182125569
1244210536063086593
1244216625726926848
1244219565925695488
1244223626271916033
1244224586524299266
1244225033393844224
1244225534537629696
1244225694571298817
1244226575484309505
1244227333868978176
1244230458738704384
1244230567945797632
1244233189679300608
1244233482571841536
1244233587689508865
1244235290488815617
1244235368452575232
1244236863772254211
1244236882533384193
1244237010325442560
1244237446671368195
1244238574955921408
1244240227033649152
1244241158718377987
1244241552626470915
1244245034200948737
1244246950439985152
1244250197154238464
1244250347935326210
1244251732411969537
1244252273103994881
1244253161965092864
1244253544129183745
1244254390736822275
1244257415471812608
1244257562524037121
1244259898298208257
1244260079127482369
1244260175139287040
1244267985029783555
1244268891142082562
1244271814567759872
1244273937464176640
1244274800991719425
1244274863029837824
1244277585967800322
1244281691423850496
1244282870698364929
1244285558991405056
1244286682377175045
1244293142972637184
1244302525429407744
1244314330822144000
1244316689057054721
1244329343419121665
1244345827147030533
1244366488145985539
1244374369578577920
1244385194913730560
1244472162859257862
1244485275436236801
1244570764294094849
1244577542083837953
1244653411703771136
1244989312959049730
1245289566816407553
1244113801483563008
1244146031656402947
1244192416720019457
1244221800575270913
1244238159954796546
1244244471866437635
1244261941591379974
1244090640608174080
1244090641971281920
1244090763513925635
1244090826902450176
1244090939313963010
1244091065495425024
1244091325605130240
1244091421818224642
1244091678975197187
1244091769790148610
1244091818431692801
1244092365679341568
1244092440887414790
1244092721767370752
1244092873018089472
1244092952525385728
1244093132716879874
1244093264904556544
1244094416643657728
1244094823348363266
1244094917942673408
1244095149627641858
1244095615698681858
1244096279170465793
1244096433692631040
1244096567839281153
1244097364081569792
1244098208302804994
1244099185185394689
1244100183756918785
1244101798278967296
1244102499226787840
1244102801321529347
1244103743689428992
1244103864674144256
1244104423615483906
1244106550702153728
1244107712423747584
1244108694259982336
1244108996388085761
1244109629430337538
1244110147875676161
1244113735318474754
1244114050335879168
1244114654365966336
1244116829209014273
1244118760002400256
1244121004164726786
1244127707195011072
1244131876027195392
1244133545221607425
1244134148912156672
1244134988897030145
1244146283712901120
1244150549190246400
1244156194115203072
1244158350851338240
1244166776486854658
1244167305426137089
1244172191425536004
1244184753600966662
1244208354924187650
1244212578223611906
1244213371257458689
1244219538734043136
1244227368392126465
1244231691834667008
1244239392736251910
1244253523640029185
1244257935997337600
1244262048978145281
1244269566370381824
1244274348967559168
1244282510307139586
1244286916511424513
1244302982453362690
1244314433213673473
1244337715488985088
1244339443525390338
1244388380483477504
1244608516519792640
1244616695127433216
1244722303667032064
1244958200065077248