1478819263553101831
1478819634027585536
1478819777317679109
1478819862516404224
1478819955290296324
1478820124396113923
1478820139126697990
1478823032240033793
1478825364650606594
1478828374818803712
1478828399955038210
1478828718667837448
1478829170440372224
1478829407817117707
1478830391360434178
1478830888162971648
1478833814751358979
1478835336637820930
1478837861713465344
1478839675435593742
1478847066113654786
1478848220352548865
1478854730340130817
1478859931663093768
1478867444898930689
1478889992550334464
1478892998381510660
1478893840903856129
1478894047150366730
1478894909625090051
1478912108113047557
1478936208340312069
1478943870285058049
1478959321484517381
1479000023610404865
1479081228565364745
1479083679137906688
1479083708997120001
1479087370964279303
1479122180956995585
1479169360828710915
1479243414675861506
1479876253557612546
1480979115603902478
1481159269596549120
1478823623485964291
1478824152819773441
1478824553199583236
1478824819655430144
1478824985200414720
1478825005098188808
1478825618468966412
1478826174570647552
1478826370528538624
1478826678919045132
1478826763228618754
1478827480555274240
1478829610338971649
1478829697894993923
1478830250901581839
1478833519937957894
1478835275006623744
1478835303171473410
1478835349908512772
1478835366509559809
1478835848988790785
1478839702480465924
1478849544871763969
1478861184304513025
1478865076916531206
1478865099578392579
1478873361656659969
1478878025202561024
1478879776966250498
1478879954859220992
1478885302181761026
1478885340706451463
1478887089592840193
1478888911631962112
1478890082094313474
1478892455340740614
1478892489075531779
1478892532696334338
1478896870999138307
1478902874402811907
1478914338388078594
1478918869746130944
1478923478824886276
1478923518351921157
1478924347163254784
1478924378033332226
1478934895313498114
1478934975751897094
1478950440909873155
1478950540520341506
1478956610835947521
1478985993516511235
1479053462352666629
1479066222864052227
1479087039450693633
1479114916887859201
1479115252289527819
1479138282864791553
1479138329820110853
1479213364224086016
1479423765620559873
1479424167640326144
1479464311793885185
1479565133861040134
1480166117586972675
1480448987844993028
1480524390655746055
1485572796411437058
1485573184728739840