1485659397430804480
1485663146329137155
1485671005708238855
1485671435620265987
1485675556805005315
1485691071220920324
1485753100543610889
1485818565508808705
1485819634368405504
1485822074425942021
1485848856881471489
1485885370243948545
1485991827891232771
1485995475006337035
1486008404040728578
1486079847323607046
1485669016651849728
1485670421487833088
1485670460889124873
1485670641034412035
1485672260308389889
1485672285168193544
1485672848836419590
1485673412940939265
1485673614892580870
1485680579177820161
1485682052481658882
1485683140857597952
1485684368928657412
1485686138102767621
1485703520028225537
1485718773722140675
1485772532984778760
1485948892655104001
1485954850999394309
1485967403003650053
1485967686265982987
1486014460087001088
1486017771343392774
1486055181355831298
1486109692937965568
1486129569098838017
1486130302703607808
1486453994423824390
1485673034878881796
1485673313263185920
1485673416317452295
1485673767695175684
1485674217064574990
1485674294373933056
1485676752101806080
1485677035158654979
1485677681098346501
1485677750853816324
1485678123157004295
1485678162532962306
1485678621574451200
1485679864065703937
1485682512806518785
1485682843414110216
1485683148851531781
1485683905705349121
1485686332290699270
1485686345049808897
1485690487025586176
1485691262799945731
1485691498133745669
1485692130739703809
1485694826741964805
1485697719079477254
1485697866853199874
1485701572457754624
1485702939100463104
1485703628207841283
1485706029908246533
1485710387181867009
1485715606586413063
1485715670973259783
1485722615528542210
1485737775748034560
1485738830699315203
1485739952973484032
1485741503741890561
1485745492755628032
1485746551997747201
1485749300588019712
1485754761261600768
1485755420580872192
1485771260668030976
1485782833897426949
1485805128032690177
1485806922146193408
1485807004203593735
1485810472062316545
1485815772555395075
1485819598415048707
1485819855915859970
1485822719119798272
1485875739920584704
1485885372089479172
1485918314903838730
1485934030642155525
1485948798362816513
1485958228651487243
1485967266537689091
1485977766759735310
1485980972386447363
1485982617505775623
1485991874213077003
1486023559617024002
1486024533589045250
1486031616967335943
1486035894838743048
1486093206869757957
1486094826470875141
1486096424022396929
1486100209939750917
1486179509531738116
1486197389660667906
1486207934296215554
1486279100570423304
1486309821435592710
1486725490178101255
1486942281491959813
1487450091539644418
1487657815904768002