1482080872471973888
1482081848180326406
1482082419259940870
1482083471526825984
1482083547242545153
1482083704205979651
1482083850419269632
1482084196692676608
1482084467619635210
1482085732009185282
1482087611946745865
1482088944867106819
1482089614483488768
1482090121302360066
1482091637174059009
1482092733007380490
1482094966708916225
1482095245173358592
1482097083117015043
1482104476450258945
1482104886548303875
1482105361070886913
1482105577983541248
1482116195042004992
1482123751839911937
1482172664311689223
1482196443452563459
1482210177692553216
1482231530667741185
1482261466229186560
1482295826227499008
1482313183893213188
1482319471213637635
1482328563919605763
1482333483452280833
1482339181401677829
1482375811097407491
1482378231844118528
1482385641480593412
1482402642408226817
1482439523447439362
1482456609569783814
1482502963574808576
1482644623352684551
1482722545342291968
1482725146859343876
1482782446294900736
1482808274831523846
1482879483140919299
1483110286806728708
1483160301939961867
1483162622182711296
1483222224169578496
1483282289811329027
1483898342660878345
1484180873553580032
1484288896439619585
1484560922081476615
1483793867920994310
1482308526928285699
1482316653559963651
1482322763100610568
1482329533789483012
1482401953590218752