1480650021422915592
1480650410687926272
1480650545714978818
1480651458001489920
1480652753013817347
1480653075522236420
1480653576363855875
1480654008507191296
1480654186790498305
1480654202795794432
1480654865269506048
1480655097164144643
1480656543716503553
1480658954401329156
1480661084260294661
1480662257969217540
1480664008541806594
1480669745229803520
1480674178915348480
1480677790102048768
1480684116928614400
1480697037440143360
1480718066405318657
1480720091771723777
1480723643944484864
1480726145737924611
1480729705892528128
1480753847677210635
1480811751352455169
1480845737164476416
1480869039517966342
1480879394352685059
1480949203350089728
1480987584511631363
1480988639353995266
1480990105527627782
1481003473638510602
1481113763537653760
1481117242939092993
1481158765378297860
1481169154329784328
1481275014561337348
1481508001815089152
1480659768511447044
1480659902108418049
1480659928285335558
1480660048800104451
1480660400584953856
1480660605145075712
1480661067780952066
1480661123863289860
1480661413421109250
1480661624302276611
1480661858264633345
1480662354841018374
1480662935697567744
1480662979678904320
1480663134755078150
1480663772280721408
1480666749062180868
1480667757519806475
1480668080258920451
1480668212446515201
1480668799598792705
1480672139380363265
1480672343252865025
1480674582071848967
1480676022399864832
1480677430494830594
1480678963374702594
1480686534529409025
1480686625726377992
1480687674038104073
1480688595765796865
1480689080971186177
1480689154648379394
1480694545247621120
1480700784815841284
1480707471194742785
1480709357427961862
1480714863924023296
1480717657234018307
1480718009719263236
1480722981873717252
1480736351179796483
1480743097743163398
1480752002346930177
1480773097045303300
1480796340984729600
1480803661622046725
1480804045442928640
1480805911505641475
1480808506131292160
1480811755387428868
1480861954176606209
1480862362378907651
1480865727972208643
1480880679474839557
1480881963930198020
1480888250025848832
1480894414046310400
1480897295105212419
1480908586872152070
1480911842193068033
1480912130778009605
1480920195665440768
1480920787800498181
1480952522273542150
1480960665410015236
1480960970746994694
1480964262893809664
1480965737950978055
1480984928007426048
1480985379230605313
1480985459673157634
1480985495958171649
1480985528896008196
1480986732816474118
1480987044461838336
1480988665048408078
1480996018397532160
1481014011755905027
1481014386101686273
1481020991266607104
1481025248724242440
1481025291480879105
1481041522904776707
1481055631998132224
1481099034613874688
1481111866634129410
1481158747909017600
1481226955206930436
1481247781012623363
1481248278385680388
1481266102835503112
1481270586223607815
1481289153480642562
1481306706164559878
1481351937895374860
1481834930007072769
1481854983842803717
1482672463028928514
1483128202189025280
1484309328374820866
1484331162306707465