1481293307242336263
1481295039401705478
1481296873885474826
1481296975236579329
1481300993782562817
1481301545325150214
1481302446773317634
1481302985779068931
1481303780629094401
1481305303144615945
1481329257372692482
1481338524435632135
1481360094285770758
1481405577553141762
1481414267823964163
1481476160638922755
1481608616981446660
1481620127741321216
1481655330069123074
1481679774586130432
1481679893213687816
1481697670188044296
1481698007355736065
1481703500920725505
1481706932146688004
1481738345726488578
1481763647169130497
1481953156342894598
1481956488918839296
1482019978060595202
1482111818000740359
1482187548474621954
1482255673211633668
1482312726458384384
1482316611340099586
1482604009764823040
1482727184452050948
1482788464089313285
1482818353756610569
1482871748215328768
1482886776532488195
1482900296439406598
1483042997747032066
1483157821743054856
1483188122875797513
1483219040072052737
1481303460750450693
1481415471081603076
1481559004589412356
1481595104884412419
1481871623401660418
1481326192557015044
1481605238620622854
1481294040964415492
1481303487157784581
1481295071979110400
1481295215721914378
1481295240162123781
1481299133755531267
1481303509991632905
1481580504147443719
1482371284247924739
1481294432796393484
1481329281791934470
1481605406053089286
1481670758405484559
1481766763268390914
1482762040829956096
1481294540619325445
1481295684666118151
1481295917550608391
1481301326751539203
1481303555898327046
1481306139325353996
1481329304222978053
1481555679764750338
1481294617471561730
1481294812884402180
1481294711415521282
1481303576769175555
1481294948905459713
1481295736533024768
1481303610541711367
1481416207823740937