1486021343602786306
1486022020928348164
1486022083826143244
1486022152990113800
1486022353930887170
1486023149619539968
1486023225482129424
1486023468646731779
1486023673748221952
1486023952820424705
1486024314747080707
1486025647763898376
1486026015432269824
1486028157404659716
1486028578433208321
1486028700613333001
1486028850874269705
1486029238516043783
1486029730918776833
1486029744944599044
1486031097506971650
1486032654986219525
1486032768156925954
1486034145457356808
1486035445817528327
1486038387878506501
1486040186458882056
1486041514157359104
1486042248638722050
1486043892084527115
1486049721630167041
1486050073532416002
1486050779622428672
1486050889832017924
1486068668970721294
1486073981623054345
1486074006662959108
1486082659881472000
1486095884517445633
1486097041268768774
1486101536971317252
1486112317821575169
1486114454383202305
1486116084986134531
1486116265349558281
1486123930033164288
1486126389141000192
1486128880150716418
1486144307992137735
1486145893682323457
1486164349882413057
1486174041161572353
1486182980586512389
1486196890983145476
1486221623812243456
1486237488414969858
1486237734423379969
1486247583152545793
1486274891758329857
1486288045926240256
1486362395480109064
1486381195785027588
1486453471754825728
1486526418951544836
1486613279917101056
1486684913357238276
1486747793314168840
1486825377523810304
1486888895774035969
1488283248614588417
1488301816844472323