1484602100462063619
1484602295916638209
1484602366552952837
1484602461167898625
1484602470550671362
1484602680739655680
1484602916073705472
1484603047296872452
1484603338431815690
1484603854620487681
1484608526144126979
1484609101183262725
1484612842259202055
1484613647708131335
1484615522398445580
1484616719897268224
1484618802495213570
1484621188685082628
1484621243684990983
1484621560082276354
1484624722373578756
1484629978868289542
1484630488874565633
1484633117969235969
1484635239871913987
1484638685249298435
1484642156887396361
1484644046098288647
1484660605227261953
1484663469412470784
1484664391173767169
1484665977572716544
1484672823243067392
1484674031588675591
1484675162159169541
1484676831743676418
1484685499277135875
1484687845260345345
1484689177895702535
1484726486317735940
1484728234532954116
1484730696761544704
1484731137851523072
1484732673432035329
1484741467159498753
1484741767618445313
1484748945460969473
1484778400539557891
1484788721601843200
1484796318186881024
1484798090024468480
1484814333158871040
1484834025638436866
1484845976577888263
1484862938305466369
1484869514135179265
1484889641819852800
1484894642365554688
1484900533425033221
1484903666821697539
1484932532906958850
1484932892388069376
1484963613521547266
1484971920932196363
1484979081968033799
1484993788053495811
1484995735032676365
1485098228710518784
1485115585709043712
1485293960381751298
1485298929122041863
1485319783075700740
1485338533204168704
1485377139696443394
1485387269888520194
1485532988259684355
1485593126974672897
1485632666166874119
1485662293602062348
1485685586522423300
1485692606013050881
1485986372020281358
1488271060361531392
1484602617338728448
1484606498454085639
1484628851544186890
1484641851084783620
1484658668733882376
1484666008400908292
1484717263441870848
1484798096500473859
1484914803957194759
1485662242725142532
1485986307784548362
1485987739459858452
1485772259100971010
1484610853148270594
1485002498997948425
1485267568843804674
1485627079508983808