1479560023831425026
1479560434390867975
1479561790572797953
1479588522147434496
1479929846738427907
1479561666312425472
1479561691398430720
1479561746721476612
1479561820503351300
1479562501557657602
1479562570440876033
1479562584978305026
1479562741618810884
1479562815228858378
1479562892026466307
1479562920648454145
1479562926247788547
1479562932837044228
1479563131013771266
1479563174118670345
1479563829965172749
1479563835476484098
1479564283860115456
1479564576853303296
1479564584918913027
1479564976843116549
1479564977409335300
1479564984589901825
1479565008346431488
1479565591975366656
1479566595030667271
1479566963823325188
1479567403470180359
1479567477319376899
1479567649705242625
1479567756773117952
1479568176191004673
1479569820089782282
1479570062205984769
1479570583457259521
1479570725132374018
1479571075478523907
1479571340352843777
1479572081649934339
1479572905877024777
1479573464251977729
1479576007468216320
1479577367769141250
1479577552461221894
1479579575143260164
1479579737081229321
1479581391155306496
1479582919085625344
1479583483739574274
1479585393200844809
1479588350180958210
1479588796777779200
1479589084225966081
1479596563986976769
1479596761505144833
1479602852687458308
1479606909070155778
1479608509826158592
1479608541233176578
1479609978096807936
1479612006907133955
1479617635398696970
1479618350376488964
1479622332012384256
1479626342111064066
1479636556407263240
1479656380164415488
1479657243352068099
1479658053616037888
1479661934484107265
1479677783316086785
1479684306289283073
1479687777361006593
1479689606375292928
1479693284951920640
1479712105699823617
1479716459672588290
1479721985949290499
1479724699601055747
1479726397425868802
1479752655954231297
1479795671460892674
1479813099456806921
1479814122363629572
1479830310074601472
1479834071664635908
1479836149547950090
1479845787152621570
1479850488220852231
1479883543333453828
1479884789603835907
1479891914782556163
1479893946306334734
1479909025961549826
1479918071863287812
1479920011397541895
1479926611571101696
1479927511689711616
1479961849965817870
1479962696003039237
1479964259643625475
1479965645685112835
1480002057667067911
1480004003828277250
1480013934337875968
1480018894056136707
1480031344075890689
1480147313096282113
1480168982871252999
1480178112411406341
1480178797206978563
1480180193176301569
1480196634524925957
1480204092760891396
1480211388643561482
1480242441923952644
1480246527553683460
1480260550315675655
1480276412384923652
1480287618571161601
1480304565358637058
1480305840649216001
1480311127829528578
1480337236419829764
1480337912478720005
1480367158739673095
1480386272967467008
1480389051752583171
1480401258137755648
1480492867789508616
1480499170926493696
1480525393174011906
1480543882995965955
1480585429262950407
1480619778150739969
1480983798993068033
1480990681992736770
1481040241268043779
1481158905384169472
1481457187180396547
1481493763222654977
1481724441944268800
1483862497421631490
1479585081576595465
1479616747485515783
1480604324656914433
1480785313899458560