1480327596273508356
1480327626107473923
1480327693358882817
1480327823315329026
1480327983437160450
1480328002449776640
1480328221904285696
1480328406218993669
1480328541917089795
1480328544576233477
1480329175278010375
1480329431692492800
1480329531575582721
1480329767727493120
1480329846563778563
1480329873830789121
1480330132049039364
1480330215394062340
1480330503920173059
1480330587575619584
1480330589211447296
1480330712679075850
1480330866521894912
1480330877095788547
1480330905000546304
1480331046650581001
1480331061091577860
1480331142633037827
1480331152124792832
1480331243027841024
1480331281196105731
1480331417137471491
1480331475631415298
1480331686856605696
1480331885423255552
1480332029304651784
1480332290349694980
1480332344724795394
1480332400446132228
1480332510219452422
1480332626003218434
1480332743087116288
1480332947970473990
1480333037858529281
1480333237645824000
1480333248383361026
1480333465572855818
1480333880213360645
1480334070659928067
1480334324150931464
1480334370430861314
1480334456124624896
1480334826318217216
1480334900515516426
1480335183521869826
1480335410622517254
1480335526305701888
1480335560372002816
1480335650188664834
1480335733105651715
1480335886751453187
1480336222287454209
1480336422230007814
1480336540576333827
1480336572570488832
1480336577863688192
1480336586130796546
1480336717391486983
1480336746978099205
1480336781920800768
1480336814774923266
1480336867270742016
1480336898681815041
1480336956613607435
1480337165234196482
1480337314551271425
1480337376811622405
1480337428242173953
1480337436223758338
1480337705271713795
1480337803624038408
1480337862465769473
1480337965050179589
1480337965788262400
1480337993844109317
1480338247897264136
1480338454135427073
1480338569960976387
1480338737834115079
1480339020152516609
1480339230316449792
1480339562434080770
1480339681577418760
1480339799118651394
1480340236051914755
1480340305887088643
1480340359658016771
1480340369849999360
1480340395842146311
1480340523122573317
1480340553053220868
1480340566063734789
1480340702328504322
1480340732439322626
1480340892158472202
1480341459236638724
1480341634168635402
1480341835205648390
1480341853463535616
1480341903451242502
1480342270209671172
1480342338279186435
1480342637517455362
1480342979239837697
1480343448662290434
1480343694628855810
1480343783657017344
1480343867455156227
1480343893170343937
1480344022988337158
1480344502367924225
1480344518117494785
1480345538948218880
1480345738664038400
1480345797912846336
1480345936341655557
1480346000560640004
1480346097193156610
1480346578200236033
1480346645032177665
1480346812435374081
1480347030715129859
1480347079889375235
1480347370483290115
1480348126057676800
1480348201827934209
1480348273496014859
1480348545920106497
1480348576609800195
1480348705572233220
1480348754704273413
1480348998267510785
1480349004194107394
1480349444054949890
1480349553488371712
1480349742844547074
1480349798100258824
1480350162237153282
1480350264909570051
1480350867039703049
1480351034786684939
1480351228601192452
1480351283647234051
1480351443005673474
1480352040219983874
1480352180896940036
1480352374589775879
1480352424439291904
1480352536985063425
1480352580173807617
1480352936135901187
1480353210300874757
1480353527159574530
1480353773805400067
1480353840192888834
1480353846136344582
1480354273821184007
1480354333132791810
1480354576318480387
1480355038975381504
1480355337085415426
1480355474964983808
1480355689516220420
1480355756750753795
1480355885591535620
1480355958228340738
1480356048896679939
1480356071239790592
1480356170095341573
1480356424152666113
1480356636342448129
1480356656080998401
1480356689534586882
1480356753137147906
1480356969017978884
1480357135187955713
1480357432060694528
1480357530865913859
1480357635211862018
1480357768817090560
1480358025668005890
1480358258233724930
1480358342111469570
1480358358586732548
1480358557757460483
1480358610446209027
1480358653249175553
1480359221917106180
1480359358181609472
1480359437353332736
1480359599744208903
1480359661345906692
1480359729608237058
1480359862261403648
1480359881886601217
1480360199378587649
1480360601268412418
1480360866432360451
1480361105620815872
1480361655834136579
1480361861958807552
1480361933324918790
1480362253195096074
1480362265148895235
1480362347705339905
1480362473647652866
1480362657676935169
1480362706804817923
1480362824555716612
1480363733994070017
1480363823714344970
1480363828907069440
1480364395179900928
1480364854116499460
1480364990334861314
1480365035759280130
1480365109377699845
1480365156500529154
1480365213790523395
1480365645242019845
1480365811021791234
1480365891527319552
1480366371485609986
1480367574206586888
1480367671728386050
1480368486623100931
1480368578629152770
1480368683595743237
1480368776352878594
1480369100262105088
1480369102845845513
1480369745132195840
1480370466493763588
1480370545212411909
1480370604712730627
1480370672517984259
1480370690905624583
1480370964177248261
1480371150895071241
1480371368353009669
1480371578009493506
1480372401170960385
1480373267131207680
1480373394856050694
1480373478230478852
1480373578067591172
1480373784699973636
1480374404395810819
1480374407277481984
1480374503909646338
1480374784303284229
1480374811087958016
1480375041778880518
1480375111144329216
1480375462740299777
1480375902009643011
1480376416613007360
1480376463991922688
1480377300386385923
1480377323128041472
1480377971525537793
1480378384873971716
1480378874873720835
1480379186548297728
1480379332598059009
1480379677986279424
1480379691764617217
1480379762027683842
1480380302249889799
1480380912776925192
1480381433785065474
1480381997629460483
1480382120648454150
1480382684396351490
1480382692902408192
1480383632497942528
1480384476563845120
1480384525549068288
1480384578485473280
1480385210772504580
1480385604567322624
1480385928757592064
1480385971648708609
1480386394241609733
1480386637079232512
1480386764669788161
1480387234532573186
1480387445640220676
1480387491840593921
1480388028027883523
1480388179735855111
1480388610083983367
1480388682221645829
1480388752291897351
1480388829018144768
1480388935821967360
1480389859734921219
1480391300050345986
1480391595451113473
1480392636049637376
1480393240478109697
1480393499115769862
1480393597124026374
1480394436668387329
1480394868610457603
1480395046847320070
1480395141097603074
1480395142938992643
1480395340968706050
1480395355623677954
1480395911658364929
1480396358699741193
1480398057263009792
1480398358921555970
1480398403884310528
1480398539469508612
1480398826049392640
1480401210465083392
1480401306351243268
1480401579568152578
1480401747306758148
1480401768055853057
1480401866240544768
1480401976001130499
1480402248903630848
1480402265101852673
1480403085101051905
1480403648509214720
1480403893360242689
1480404268289081344
1480404706283253760
1480404793680011266
1480405311525638144
1480406617111744518
1480408360344330249
1480408474412593152
1480408989347106816
1480410227392536578
1480410879455899651
1480411901737635840
1480412306584621061
1480414591901667333
1480415588853841921
1480415745989296130
1480416428897439745
1480416613648191490
1480417494816985090
1480419011661729794
1480419245460701184
1480419510427570177
1480420008337424385
1480420443777499141
1480421087968124929
1480421713921851394
1480421726815199234
1480421749955178498
1480423465781977088
1480424185734172674
1480425698904920068
1480427394842378244
1480428041964716033
1480428168129519618
1480428791285436419
1480432407744495616
1480433658959851521
1480434896623456256
1480434987392540676
1480436242869227521
1480437295593492480
1480441628406001671
1480445263550590977
1480449235359125506
1480449385154576384
1480449436077723650
1480454704865894404
1480461910910943233
1480464887679578112
1480465489881186311
1480465968954593284
1480466962618753030
1480469716913520640
1480470187522490369
1480471814379687936
1480472948855222275
1480477530096291843
1480481051654959104
1480481746923757570
1480483147053772800
1480483998522511361
1480488334442917890
1480492569410813956
1480496322419388416
1480496450538598403
1480496625009233926
1480501859089588227
1480502709887270914
1480503210867666944
1480503313359638529
1480505150015819776
1480505443072069633
1480507134039269383
1480507594263326721
1480507987517218821
1480511063292579852
1480513783638507528
1480520731830063104
1480521162669142020
1480521175314935808
1480521318063915008
1480523775066136586
1480524202100899846
1480525054987354113
1480525562108166146
1480526398292901890
1480526530052714496
1480526686068301824
1480526789394980865
1480529139266465799
1480530968721174532
1480531556796096512
1480531714950762500
1480533819883151363
1480535489199452160
1480536088678707204
1480537020598476802
1480537134251585548
1480537661010071552
1480539165104222208
1480539225779052558
1480539420432519168
1480541884950867968
1480542468160565253
1480542930016378883
1480543206936825859
1480544805566529538
1480544881357594624
1480545014774173709
1480545373479444484
1480546216496844801
1480546916312174592
1480548947886231555
1480549490285330435
1480549645566844930
1480550621229064195
1480551139703721986
1480552761511055365
1480553443701972998
1480555106701651973
1480555144764923907
1480555615298760705
1480555814754689026
1480557027860652034
1480557695060955138
1480558784724582400
1480560004985929730
1480560224192716802
1480562871306178567
1480563211338407938
1480565663588499457
1480567323320893442
1480568302263021568
1480568708384886785
1480571106843144196
1480571352180527117
1480572546563158018
1480572555652046849
1480572898750443528
1480573178602835971
1480574997328392193
1480575227629391874
1480575381715537923
1480578555788550150
1480579161404198913
1480579237547495435
1480581114188242946
1480581156349394946
1480581168160464897
1480581583027556359
1480582490863685633
1480585166556913677
1480585825167499267
1480586474575781902
1480586644868714501
1480587240833261575
1480588157624147974
1480589243621777408
1480589945718726656
1480590056943403010
1480591346645622785
1480593366291263494
1480593685649797122
1480595305892560897
1480596318116528133
1480600187802324994
1480600553872896000
1480601005981147149
1480601551391444992
1480601688444588032
1480601761161359365
1480602532242145288
1480603538187292679
1480605473137115137
1480605676414156804
1480605786506252288
1480605806525566977
1480606214211911684
1480607178629300229
1480607259025719296
1480609352788713481
1480610238667624455
1480610256464007172
1480611785082290180
1480613435121491976
1480616535345532929
1480616700823449600
1480620073031286784
1480620830518386692
1480623093588582401
1480624567815184387
1480626148736389129
1480626853740261380
1480628173536694273
1480628835989217285
1480629196594429952
1480630630920589316
1480630815256051712
1480631743694659584
1480632794015416320
1480634150709309442
1480636277003218944
1480638146882773002
1480639725966802946
1480639884507312128
1480642588193394690
1480644366679130115
1480645116444303360
1480645997520900101
1480647689310253058
1480649631960809476
1480652350133964801
1480654395389980673
1480655506775711744
1480657217477087238
1480662978663829504
1480668179169005570
1480669979406057473
1480670788046909440
1480671522629066757
1480677433657470977
1480679223614447621
1480679647473983494
1480681022962520068
1480686128286117893
1480693279377133569
1480701485717811202
1480702183993655303
1480703223992258560
1480704989517553666
1480708962009767936
1480708962173571076
1480709183267868681
1480711951575658501
1480717715933433857
1480725812206882820
1480728144915177476
1480728513401479173
1480729655820750848
1480756103566737414
1480758041905664000
1480784611483521024
1480787138778181635
1480794354419707906
1480794713489825793
1480829931978469376
1480852295126372358
1480852917045366784
1480863930977239049
1480871602195685385
1480901428172439555
1480901822500024324
1480902298704490496
1480909551566209027
1480914399875448836
1480924534408630280
1480931461079441419
1480931826625617924
1480934500913889284
1480937559786205186
1480938740419907596
1480947268861804547
1480947661939240960
1480958711661277186
1480976521451872256
1480984000227430407
1480987611632070663
1480987841463304196
1480988325317988355
1480992842713604098
1480995353415630850
1480995673436737537
1481025528484274177
1481034014924361738
1481048294021337089
1481051255560675330
1481057397368049664
1481058834814844932
1481061743782682627
1481078269667688449
1481085176029626373
1481124081227292672
1481140976278192129
1481197890093477892
1481253687355973636
1481260169401192453
1481268392166318085
1481279197679083523
1481281937851359234
1481337821264809998
1481341649972248577
1481385442679439364
1481394268862304260
1481412643479076867
1481414384471707654
1481422781233483778
1481490925528522753
1481661611626610692
1481681817807859716
1481720378368360448
1481728810852798467
1481728917698400257
1481728996928806914
1481729444104617986
1481729507925151744
1481729607132979214
1481729767607001089
1481729857742585857
1481858771655839748
1481862755468599298
1482572916034260995
1482926421672607745
1483087788065148935
1483226685205929992
1483348769340944388
1483844638788272145