1479167367263444994
1479171602050781184
1479232731372523521
1481159126239510529
1479240802022928386
1479310699025379329
1481159142760869889
1479167270555373571
1479167447420882950
1479167576072724484
1479167704766377984
1479167890062458885
1479168396516380672
1479169368504385540
1479170028864000000
1479170041547411463
1479170257440980995
1479170541592498177
1479171690643005449
1479171886567153666
1479172430262382596
1479172981691723782
1479174362636988423
1479175852218802180
1479176623031300102
1479178381912588293
1479178809450639360
1479179759464681483
1479180462488793088
1479181489602539533
1479181870722129924
1479182268870496256
1479183368172580874
1479184096211476493
1479185387801255939
1479194590427107332
1479196705887186944
1479200202204467201
1479200624289878017
1479201610676899840
1479201874901299202
1479202913230594048
1479203627168194565
1479203667228049409
1479203769128824832
1479203804788797443
1479205140846755841
1479209601249816576
1479211053388992515
1479211248105320448
1479211269542449152
1479211769356689408
1479214377576271872
1479214449894604802
1479215371039117317
1479218090160361472
1479218395228872712
1479218665987870720
1479220172003201029
1479223212286394377
1479229462432698370
1479229847541067777
1479231088308408320
1479238484980379648
1479240123522842625
1479242064378437637
1479253610907127809
1479255748345487364
1479263223107010561
1479269532309012487
1479277633640669185
1479280043788365825
1479283242104619010
1479283304394379266
1479284108580638720
1479296870061154306
1479299206212820992
1479300935767707650
1479304974937079808
1479305963656069124
1479308021385752578
1479308290953658370
1479314270319890436
1479315294132658176
1479315404279345154
1479318448295448576
1479318640512028673
1479320155553353730
1479323061065293831
1479324240616693761
1479327651831562241
1479342644115517440
1479356284952465409
1479356411456880643
1479359234970161153
1479360447077761026
1479362667185905665
1479363256800137217
1479385885485510657
1479396335958720517
1479408387024515072
1479410228433244160
1479410429264908290
1479410698237231104
1479414639964622848
1479431452223807493
1479432269962035204
1479432778634596352
1479443790381387776
1479447531008532482
1479449809836720133
1479453614305423362
1479458598061232132
1479459037766991877
1479475561890304008
1479492658410270730
1479497187142864897
1479518085405343745
1479522496978296834
1479533052850229254
1479547866632884226
1479561223213666316
1479580282399313921
1479581332262907904
1479608582911967242
1479627376904527875
1479644691465326593
1479647938313801732
1479648375071035393
1479688346653835264
1479707874976837634
1479719890873425920
1479725051503157248
1479731511607844865
1479743696866324480
1479794351978864640
1479811168915054593
1479820315110907916
1479825411399995394
1479827351554994180
1479827543188463618
1479835165920694274
1479917440591024130
1479949640745332741
1479961454975594500
1479964425473990658
1479981518042841093
1479998652089257985
1479999381319397376
1480001576064405508
1480017287700639745
1480027822320144388
1480031963587174401
1480032307129974784
1480034953001852928
1480050596187033606
1480061934099595264
1480076470760267778
1480133656815419392
1480149958460420098
1480153706050076674
1480164931123118081
1480200034641666050
1480201637037633539
1480229514458193920
1480251856240746511
1480274009879367680
1480399897283084289
1480507800073564162
1480533582175256580
1480781259039461378
1481381067559178240
1483189042074501120