1479136225537703949
1479136227332739073
1479136524159447040
1479136642711523328
1479137608374820865
1479138132700319747
1479138809124118531
1479140107433263108
1479140343509819392
1479140465509543936
1479144310033596420
1479145119580364801
1479146313090359296
1479152377559191552
1479155387916034048
1479155682108710917
1479160609707069440
1479160753441624065
1479203031426248706
1479203356870647815
1479281115626348546
1479296047872716801
1479362304948981760
1479451909262036992
1480673067298926595
1481159190919843843
1479146209474273281
1479146337916624901
1479146397471498240
1479146523443216385
1479146829715591168
1479146871037771776
1479147099585269760
1479147151997476865
1479147216442990592
1479147257240850433
1479147497595494411
1479148121443946496
1479148227953938441
1479148563401625600
1479148664169848841
1479148981921878016
1479148993494110213
1479149171508719620
1479149369588957196
1479149570047328257
1479149785768763400
1479154369081888769
1479155093303922691
1479155368769040393
1479156605048561664
1479157165604720810
1479158638145114118
1479159850923749378
1479159959480791044
1479161148561715205
1479162578311995392
1479163458369298432
1479164224832094211
1479167116075057154
1479174639045820426
1479174788081864706
1479178574150123521
1479180091947163657
1479186989773692936
1479198041252970504
1479199448228151297
1479200333620563975
1479214767525052417
1479214930557558787
1479217724727480331
1479219528731090944
1479219663620001825
1479235263926870017
1479248417264128002
1479248817920909314
1479254023207333891
1479255048353898496
1479266964019286017
1479267739013419008
1479282916647706626
1479283432433856514
1479294917381959681
1479302016836915201
1479320450182352900
1479351051551752194
1479381972191481857
1479392194859573251
1479423036419809283
1479425743880921089
1479451676411113480
1479451704429092867
1479454507226513411
1479454688747655170
1479455126561734656
1479455412571324426
1479462887143919619
1479464206940487682
1479470972600303616
1479471003478679563
1479504273318637576
1479524168785747969
1479525446832246785
1479528505289453580
1479564788246188035
1480144659821346817
1480193333708439554
1480265944379314176
1480275479978561540
1480279042859229185
1480280618986582019
1480325331932389376
1480524177148895234
1480544417899552775
1480569530313228291
1480706045135753219
1480721618129326082
1480953327668060165
1480954007917326336
1483269579614863360
1485135888619347968