1481692705524785158
1482056584989663238
1482462022994432000
1482956197581844480
1483133156513431556
1483609887464558592
1484306113805774850
1484570487606890504
1485293511377399810
1485324789850021893
1480921216726753291
1480921443198189571
1480922486053253126
1480922943295213574
1480923795737219076
1480924529912430596
1480925837864144915
1480925887063379970
1480927364779548676
1480928092835270668
1480929649265983495
1480929896230707201
1480930723045457932
1480931214861156367
1480934067357065223
1480938809965568002
1480939375970209802
1480941316246847490
1480944427510255619
1480948549026295808
1480951980197511168
1480958169438474240
1480963295297347589
1480963433172451331
1480963752413564931
1480966824367775751
1480973321277747215
1480983532746919939
1480992354689556489
1480994397479133185
1480998228573233160
1480998664126537736
1481000800138706945
1481001426344189953
1481001594254548992
1481001903022501888
1481003122248101894
1481006452164734976
1481039919212425218
1481041487429255168
1481062765024641028
1481083186260107265
1481096876787077123
1481103425391808517
1481138050251952130
1481139896140107776
1481158730083287041
1481174195551756295
1481191937243860994
1481254025572098050
1481257543783571460
1481261655753474054
1481261979797004292
1481267504630669312
1481267577317900288
1481278634971176961
1481336707773513734
1481336917048369152
1481594198818115586
1481707872006332422
1482015142556561408
1482472857552752645
1483992955241312258
1486750602952691713