1484589402269564934
1484589547136720897
1484589921012785156
1484590166077542406
1484590468579184645
1484590650167377920
1484592071948345350
1484592388576268295
1484592425532366857
1484592569115832325
1484593338439409666
1484594295147483136
1484594818596716548
1484595741112733697
1484596201064476680
1484596438340304896
1484596954541690880
1484597213867261958
1484597215905599488
1484597344104558592
1484597423024582661
1484597720153210882
1484598367057760261
1484600013548359682
1484601572306964482
1484619362065604611
1484630856601772033
1484632224783867904
1484635347464167424
1484635777082429444
1484665394677780480
1484666048485855232
1484680169218625544
1484699573310435335
1484717303438749696
1484731374145880065
1484733346794160130
1484736549887483904
1484741651675238401
1484798085658198017
1484896861245042690
1484902344697524226
1484905777496305669
1484916033576079361
1484919084777156612
1484946824435802127
1484960779111600129
1484976034101358592
1485019707061293057
1485044085551472643
1485083575825453058
1485115763925168128
1485121752871026689
1485253823669186561
1485270186404032517
1485275167945285633
1485293260163612674
1485434151364878340
1485437616820477953
1485451319951384583
1485453412372295680
1485509484852264960
1485510325277536256
1485571267591917570
1485581445066211329
1485662339827486740
1485686992209907719
1485692644353212416
1485744919000014851
1485791533366484996
1485834904797528066
1485986464886362122
1485996259253104641
1485998120660090891
1486427948379000839
1486682157393358848
1487949115434496000
1484595986471260163
1484596162225225731
1484596162761998336
1484596228017078274
1484596255984693254
1484596290877108227
1484596649683034118
1484596842193162252
1484596891660820486
1484597278719545345
1484597316673847296
1484597829800796163
1484598028061212674
1484598058478448645
1484598130683236353
1484598151579381767
1484598392663822340
1484598776178294790
1484598987260841988
1484600188018831375
1484600966754156545
1484601563247099905
1484601910082613251
1484602028299018250
1484602207282642956
1484602809454678016
1484603900133101570
1484604665719316487
1484605529448140813
1484606002557239302
1484606540602556420
1484606698488844301
1484607281920675840
1484607978032582664
1484608546045980676
1484610880650285058
1484612558271262721
1484617856407019525
1484619983770591235
1484622478232080386
1484625538576650242
1484627425980035076
1484632500022517760
1484634719937511431
1484637818131390464
1484638522778611714
1484639557161082882
1484666506877095938
1484675674057187330
1484686565553049600
1484696573904887809
1484718403990528008
1484726266599256067
1484735278493409286
1484735661177516038
1484758576640008197
1484805157409992705
1484827667375562753
1484834817388675072
1484857987009335300
1484862656641122305
1484879657363255297
1484925533855133700
1484978091847938049
1485038657774010377
1485356368617955331
1485466844442107904
1485617691205505029
1485935264811962368
1486027448877821959
1486394689330761736
1484596285533573128
1484596331565957126
1484596362834591746
1484597380515348486
1484599636878925833
1484600741432070150
1484601014288371719
1484602254128828416
1484602616608813056
1484603656104075264
1484603833795887106
1484604077535375362
1484607698389852162
1484608017115103247
1484611691203772422
1484620814481768449
1484627360565575694
1484637252302954497
1484640522215976961
1484657575576678405
1484666540951695360
1484716962127269890
1484717966012919814
1484718607003181062
1484726081517195272
1484728800420245509
1484758646672310272
1484862685279928324
1484899975507152899
1485011693281415174
1485048419861344256
1485060649143123972
1485060878844239872
1485587610378530816