1483557670988750848
1483557758548860928
1483557763284451344
1483558073562193932
1483558324192776192
1483558645170257920
1483558694986076160
1483558718499295232
1483558771305730052
1483558834895421440
1483558983646461953
1483559173686136833
1483559233631277059
1483559479857893380
1483560203027107847
1483561043896897536
1483561259786244098
1483561393869635587
1483562078669619202
1483562759002406913
1483563422243594247
1483563894966788100
1483563989972000769
1483565639696625672
1483566861249695744
1483566946683547650
1483567807119822848
1483570321076547587
1483571077439758341
1483574479120859137
1483577135596191746
1483577379800764420
1483577982866309124
1483578069931773952
1483578915486674944
1483579095560585217
1483582228487540737
1483582788184035332
1483582903858651137
1483583763577806850
1483584447320629250
1483585166744379394
1483585609629257731
1483588320563109888
1483589812770816001
1483595327500345345
1483595785870528512
1483613904039292936
1483659171572633602
1483668668236152836
1483687922419351552
1483719407805378561
1483741549452165120
1483744235614392321
1483748925857091585
1483754518462582789
1483754886445551616
1483783905606090756
1483784285551312896
1483786694688186372
1483787632236797955
1483814189730877443
1483852553435504641
1483889362182057990
1483889392141885446
1483892832913879040
1483927810930626563
1483937123258740736
1483938728645169155
1483940023137447937
1483947588374208513
1483968908675723269
1483988619362811906
1484056392738693120
1484105329919078400
1484112956954755076
1484202610810925060
1484203497440563202
1484211245918076931
1484244084827082760
1484309347395989504
1484522690815868928
1484533416829849602
1484549578208780301
1484550038047100932
1484552531103604736
1484637763362250757
1484701348608327683
1484758800322154498
1485015745163530244
1486460381841301507