1484919255862845444
1484919353116086283
1484919483244457988
1484919613305630723
1484920182707572745
1484921081471242240
1484921145367293952
1484921767860875266
1484922402551205889
1484922675650723840
1484925476380446720
1484925654940495872
1484926119505657858
1484928457360429058
1484928830221348864
1484930920700420106
1484941761252188162
1484945848861532161
1484946516330651657
1484951322277392387
1484953084413444100
1484975479065034752
1484984563440967682
1484985238057062406
1484985929630724101
1484986439465058310
1484986549515300867
1484989323355164672
1484989657666387968
1484999949955784709
1485000179212177409
1485000337966579713
1485000364277608448
1485002812354355209
1485005339099549698
1485005410469830658
1485021745765625860
1485028617985970178
1485028693449838596
1485029697402531846
1485034167096258560
1485046425511624704
1485055724619288579
1485071055765086210
1485087064446099457
1485090119845486593
1485102125680107526
1485104906809884672
1485134989683400704
1485160464787165184
1485198505891315712
1485219213153288194
1485223853072728067
1485242949692805121
1485259689650704384
1485277635332739074
1485284194431418369
1485284884021186569
1485318986615173124
1485366877413068801
1485412699924307969
1485419144229134339
1485421573460869131
1485427514864553985
1485451023720529921
1485487557949509638
1485509279885021186
1485573099378651137
1485578794022883332
1485605132658167808
1485646942034145282
1485662112030597128
1485692444356218881
1485717829185949696
1485749425091661824
1485967447001899009
1485985689372135427