1487126153072717829
1487126684499431427
1487126817160921091
1487126838329626624
1487126883737157632
1487127282011439104
1487127519266590721
1487127585112788992
1487127593350541330
1487127757188386823
1487128317601845248
1487128472719740929
1487128590814781443
1487128927130861568
1487128939357097985
1487128963713486849
1487129510046834691
1487129791237140491
1487130475353280512
1487130620354510853
1487131628593889280
1487131665721958402
1487131938452393986
1487132036393492484
1487132878534328327
1487133022730305546
1487133058620747779
1487133255929573377
1487133480777625605
1487134077627027462
1487135457536217091
1487136293222035456
1487137524078329871
1487139292451328001
1487141138582675463
1487142441459326981
1487143034131292160
1487143403922104321
1487146605258186756
1487146860125073412
1487147187276423169
1487147931295752198
1487153679299858435
1487157148463230977
1487157413686181888
1487160861449990145
1487161728421011459
1487162349647806465
1487165730382663689
1487173706346545153
1487175220477800455
1487208045402890244
1487211304599232515
1487213437558001666
1487222938675728384
1487229907180658688
1487233129051996165
1487237482999545859
1487244282025099264
1487245229019344896
1487245382514089985
1487246248843395073
1487265141330694144
1487303001517670400
1487334881457840135
1487336048413884419
1487385536016924673
1487393803652710401
1487416186291863553
1487421200062164993
1487425491229421573
1487427520458809345
1487447147473682433
1487459131749543942
1487460713778061320
1487462287317213187
1487489691226103815
1487516736052207622
1487549709824651264
1487552270212472841
1487577902254153728
1487580694616285184
1487580941719511040
1487628380702863361
1487722966876053508
1487801204067340295
1487808483860824076
1487848123414323207
1487891278981439492
1487896707438370820
1487911721612328968
1487924484661260289
1487993218004238343
1487995664038608897
1488019416554090501
1488148076275580932
1488297878632210432
1488367614699225090
1488374210506469382