1487172679916527620
1487173330834640896
1487176125881012224
1487177757088010243
1487177887983837184
1487182922511753224
1487183773108260865
1487211641871781888
1487267949119479808
1487334894107770882
1487527435612704770
1488196582520545280
1488299850370150403
1487176404320063495
1487177866848710657
1487178974883110920
1487178995200315393
1487179003408654343
1487182067385475074
1487182856241573890
1487184901489233930
1487187964874702850
1487189049676742657
1487191382687158274
1487195026975338502
1487197324162043908
1487203391264727048
1487207692989087748
1487214261713653763
1487219751461928961
1487224811654889475
1487227139627884547
1487238173960937473
1487251418037772288
1487254266783965187
1487334897337384961
1487336460571320328
1487367280489115652
1487386008022888450
1487388479327723520
1487391496890458114
1487413986568069120
1487415321568989188
1487434617061883907
1487449708687732741
1487463329023021057
1487483025596186625
1487552597212864514
1487558159916929026
1487662694425636864
1487878061160763392
1488012782540836866
1488196540246147075
1487180321955192840
1487181184115175425
1487182177498447877
1487184226411708423
1487184252269699077
1487187630680858628
1487187826542354432
1487189805083643904
1487189891649789952
1487189924365447169
1487190329052876807
1487217275098730496
1487334902697766912
1487418558330159108
1487470595390377987
1487602001907232773
1488405229536260096