1484071017626669059
1484071088288112642
1484071733544255488
1484071740388958208
1484072605435011077
1484073095711404035
1484073099003936771
1484073456484470785
1484073543155564546
1484074629115179011
1484080179232321537
1484080257875460097
1484082066866294787
1484082344097361921
1484082808406646784
1484083205628063745
1484083888486027266
1484083927950274560
1484084241654759424
1484084385884553217
1484085464487415809
1484086191683215361
1484087215743549442
1484090756180623363
1484093038225813510
1484099675858690049
1484101554911473667
1484103464489783299
1484103708074029058
1484111522221936640
1484121043690463238
1484122573059334145
1484125445897568261
1484125892293054467
1484130160781807616
1484133306652409874
1484138643677712386
1484143185769213952
1484143632877862914
1484145213580918790
1484154680640946177
1484159701033971717
1484173700089856003
1484175890066067458
1484182116833189894
1484183431441522688
1484186809248600073
1484188108773998594
1484205857181077504
1484209652770476033
1484210437596057611
1484238926957223937
1484240392052789255
1484271462974373896
1484289479099957248
1484291439697842177
1484366249282859009
1484366696647327747
1484371740457586690
1484380845582413825
1484397433669173251
1484419675362631682
1484452525432459267
1484515604988305411
1484620595799207937
1484624694175309830
1484632917414486023
1484652309913260038
1484791140436123649
1484825525961256960
1484838220924096515
1484944996868493321
1484946125731815427
1485011951944183808
1485347965552459776
1485355699903340550