1478086353082621959
1478089428996276225
1478090644212129794
1478091933578772480
1478092718375157762
1478093866880409605
1478094014033403904
1478094777954357250
1478095400208936964
1478101675718033409
1478109235917385733
1478115475716460547
1478124166868045831
1478124978969137153
1478125081997971459
1478160397882597377
1478177757133692936
1478193800229302276
1478275022301147138
1478342095005958146
1478360371673063424
1478371037687558156
1478395808898863113
1478413185715740675
1478780451825328129
1478898983733014530