1480686910242709505
1479473105236078596
1479473732523634690
1479476137197809674
1479476578254049283
1479476675943481347
1479476778133606405
1479476883737780227
1479476984153575441
1479481640455974919
1479482379584643080
1479485762701873152
1479486996934500354
1479499908189241346
1479505193360408577
1479520770531332096
1479523437236346882
1479524254588751874
1479535514143309828
1479535555000115204
1479539064374272002
1479541081511497731
1479554938460065796
1479559570452271110
1479589835761496070
1479591753460199426
1479606370236305413
1479614033066143745
1479654929237254149
1479657643711021059
1479660843679850497
1479694889289850882
1479751525526290436
1479836884146823174
1479837701306294277
1479879618052112387
1479880791941427210
1479883832224632833
1479886739804237833
1479896911511498755
1479896930251587585
1479906123423567873
1479979379467984897
1480008471785390081
1480033675072970756
1480130425511104513
1480170742251540488
1480183278812286977
1480192557770579968
1480202421615869957
1480226653376761856
1480239171499442176
1480249092815077381
1480272916579332100
1480277057728823300
1480279517793038339
1480290635626299392
1480306429907161088
1480319946244730880
1480326446455341057
1480470082522431491
1480501921190457345
1480521658658082822
1480532231177314308
1480643933688500228
1480690443348152324
1480709013490880517
1480784838630256642
1480941411008720898
1481261290911789058
1481742763201015813
1483149339174207489
1479471874878939144
1479471949013159936
1479472832375451652
1479473170121953282
1479476433617661961
1479478542048059400
1479516611337850882
1479530359691829251
1479535794427678725
1479535818440159240
1479553175329787905
1479559616057036818
1479570630550994944
1479657662979747845
1479657991934775300
1479658529250283522
1479659321541681153
1479659800195702787
1479703519913512960
1479879126559256576
1479974370600632320
1480024733848682497
1480207476314279937
1480210965690036229
1480226690949386246
1480313814725898244
1480387829570031616
1480479793556733957
1480692354919145475
1480721243393466378
1480725732989050883
1480726598047481860
1480940632260681731