1481312204607557634
1481322119011217414
1481322783145705477
1481650082571161604
1481315913773338626
1481316321593749506
1481316728642674690
1481316765925793807
1481316920121036805
1481318179360157697
1481318269864726529
1481318920921432066
1481320071125295109
1481320229368127491
1481320464991535110
1481321060599480321
1481321687681576966
1481321854279331840
1481322702648586245
1481323431677337602
1481324010487132166
1481324210358480896
1481330252148195328
1481330911891410945
1481334495747923974
1481336132176646145
1481336242407194624
1481337045100503051
1481337259580350464
1481338229605511168
1481338845643821060
1481339932094443521
1481342701098385409
1481342882162348034
1481343286128390151
1481344814608228356
1481345612616400897
1481346541625516035
1481346740951396360
1481351645300731904
1481354577056346119
1481354923069558786
1481355046960906243
1481356263304966144
1481358203531182081
1481359647936327692
1481362642518298626
1481363193775767553
1481363646664036362
1481363859344527360
1481364551635509256
1481364596627628032
1481364712373764098
1481364999675256837
1481365370187309058
1481365505155997705
1481366556600905873
1481366849799479308
1481366936923615238
1481367103437479943
1481367810479644675
1481368676150362112
1481369396169822209
1481369964456169482
1481370475603365892
1481371716198801413
1481371861808209921
1481371927432290306
1481372333927452674
1481372362629009408
1481372847025135617
1481373831084351489
1481374130872143882
1481375041057140745
1481375713634701316
1481375956409499650
1481376163473862662
1481376801339412484
1481376843932516362
1481377118734929921
1481377157217726466
1481377316886429696
1481377519312019457
1481378964484599810
1481379285294206976
1481379502357950470
1481380288576073729
1481380523696140288
1481381223121539074
1481382147369975810
1481382358427312128
1481382535745740809
1481382823315619841
1481382823806255112
1481383068556578823
1481383590357356551
1481383977382461440
1481383990430945283
1481384297852514311
1481384501951578120
1481384703043248134
1481385020145156099
1481385196515741696
1481385303483027465
1481385712180154369
1481386168528822273
1481386314629013504
1481386618800025606
1481387303406915588
1481389178168434700
1481389256853573633
1481389852436283397
1481390283564761094
1481390297426784257
1481390329416675330
1481390651589771269
1481391152112754695
1481391542032031751
1481391572461789192
1481391794147381248
1481392847731388416
1481393419616276480
1481393537782620162
1481393971813396490
1481394380602757125
1481394432523997184
1481394471535267855
1481394795968933889
1481395032229912576
1481395826060509188
1481396465733939203
1481399244481347585
1481401549201059847
1481402212651831304
1481403228709294080
1481404250911653891
1481404499172409352
1481405312125095937
1481406308368764933
1481406628918300673
1481406924759437319
1481407701741625346
1481408135361220611
1481408204047327232
1481408618549284867
1481410189156921347
1481410925139800071
1481411057595740160
1481412491938869253
1481412511190634497
1481412849423597572
1481412865756123140
1481412889848295430
1481413340526092288
1481414192515063809
1481415031426146308
1481417861881073677
1481419058109050882
1481419593847488512
1481420117275783174
1481421629225783296
1481422279364034563
1481424830326919169
1481425501050884098
1481426477128339459
1481426949549477888
1481427178336174082
1481427541923704835
1481427906177814528
1481427910116651010
1481429556917641223
1481430173597806594
1481430259555725312
1481430764638121985
1481431169468035072
1481431391908810753
1481431664286969859
1481431964842442754
1481432155431579649
1481432664926310400
1481433415157268487
1481433764106579968
1481433844406489089
1481435431778590720
1481436336989118471
1481436502689140738
1481436793434222595
1481437064348553220
1481437649252622341
1481437707855400963
1481439269893939203
1481439490283610114
1481439599608094723
1481440474267271170
1481440876870213633
1481441179916853248
1481441403091955713
1481441740842274819
1481441992273903616
1481442518877233152
1481442663136215040
1481442663580766215
1481443233188175875
1481444216425308163
1481444660203642882
1481444766915043328
1481446744240103427
1481447643872215040
1481448016422834182
1481448427657519104
1481449912545992707
1481449928723349504
1481450815349211136
1481451867595218945
1481452022276702210
1481452256826654720
1481452580572119041
1481453013021700097
1481454107554729986
1481454341257326602
1481454747508895746
1481455139219255303
1481455599862833154
1481456325188112384
1481457174467465217
1481457541846609925
1481457691146948612
1481458823734964228
1481461776411766787
1481462413807570948
1481466491316834305
1481466677418082305
1481468170535723013
1481468286416015364
1481468849337737217
1481471439492452355
1481473778471243778
1481473800869150720
1481474184974843906
1481475380053639171
1481478947686780934
1481486500097318913
1481489953997611011
1481490057617973248
1481496061852233728
1481496785818370048
1481497930657943557
1481500706142101506
1481503117053149185
1481507045333344257
1481507673245896712
1481509288904437763
1481512505881108480
1481513047143292928
1481537209312370690
1481557532644900866
1481561887951179777
1481573858666704899
1481577758497013764
1481586656310444036
1481588688224239621
1481588720742641669
1481588799578779649
1481589443295391751
1481604399344533512
1481608450799017984
1481608813455233028
1481609078296174594
1481612046886178820
1481612638236909571
1481612844009463809
1481616306491248641
1481617690884284416
1481617771305840646
1481618153398575105
1481618969090007046
1481619986758184961
1481622426718932995
1481625935740915717
1481627034250100737
1481628473835732994
1481628900383940609
1481629881230315528
1481630915403169796
1481631487363584002
1481631629579673607
1481634712166797312
1481635474926096386
1481636294434430978
1481638292328116226
1481638411920412672
1481645623266840592
1481647992859869195
1481649273599004673
1481650120844197906
1481652428487344131
1481654492844023811
1481658075828215822
1481660919616729091
1481661260580237314
1481663852072734726
1481665869960957953
1481668140291395585
1481670393920245760
1481671531675766785
1481671533672153100
1481675077775208448
1481675875171012613
1481675985267224578
1481676589079293954
1481677622576697345
1481678196063944708
1481678758394441728
1481679837743910912
1481683610604290057
1481692046603833344
1481692773367623683
1481694056849760257
1481697800131911681
1481701166123683844
1481703272880779266
1481706526050070533
1481708584421396484
1481716289114710016
1481717004117717001
1481719578946375695
1481720309824774147
1481721339169976322
1481721447110397954
1481721554983473152
1481740404399689744
1481743179925893123
1481756938874638336
1481772426300174346
1481775944939544583
1481801486308835331
1481824594466070528
1481854781199204353
1481879442326577153
1481886839158059008
1481893142706077696
1481964013152256000
1481978535107383300
1481990890998669322
1482018303522529290
1482024979856244739
1482032666924961795
1482044326976831492
1482093617003085824
1482102993990393856
1482117000398839813
1482131076029968384
1482175307595403265
1482218900976771075
1482219508534497282
1482227354902560773
1482268990390996994
1482303023120633856
1482359356263911426
1482360901458186240
1482396356446539776
1482410502085095431
1482446185252200448
1482472357780357120
1482479480367161354
1482544028273025030
1482567019237195779
1482632735764140032
1482634363225485320
1482634853317238787
1482811887322808321
1483336558912565250
1483537561108860937
1483684673989398529
1483695066988249089
1483696610148290561
1483718945119129600
1483814272018882564
1484004220756013056
1484560151377899521
1485327813918228480
1481316217961000972
1481316409229516809
1481316409422589955
1481316460052033537
1481316618097496067
1481317251152113664
1481317387723018242
1481317901567205379
1481318341381955587
1481318580142682130
1481318628725116929
1481319944885190657
1481320920836890630
1481322734210584578
1481322748706177028
1481326445813243904
1481329530430238722
1481333609797586945
1481340316774846469
1481343090329858049
1481343816842022912
1481346050916970496
1481350025020067840
1481350919501451265
1481353189647519745
1481355395708985352
1481355577498517505
1481355679575289856
1481356488962621442
1481357615594541057
1481357861607247873
1481358899349438466
1481359255651430411
1481364310525939729
1481371032623755264
1481374343196131332
1481377154273366018
1481382044143919104
1481383194528305172
1481383362019446788
1481383642337267716
1481383869727318019
1481384847826464769
1481384928264785926
1481385811316670464
1481385832288174080
1481388001917767681
1481388154431049728
1481389335337447430
1481390587525750787
1481391638794678272
1481391783204380674
1481393525455478784
1481393613552693265
1481395185858879492
1481396991620169729
1481397232800866307
1481397585394892800
1481397662607888384
1481398052028100608
1481398734915350529
1481399171626283012
1481399593615048704
1481400651456421892
1481401104818651136
1481401133583065090
1481401179267547147
1481402628936372224
1481403998234107905
1481404481254445060
1481404580608950272
1481407468794269698
1481407533445230595
1481408073512198146
1481408663210258432
1481408682600534016
1481409784066805762
1481412002795114496
1481412520002924548
1481414100336869378
1481414591733190660
1481416713539313666
1481416847346274305
1481416936667987973
1481417065441513474
1481418704533569537
1481424937273507843
1481425450421346305
1481427608545988609
1481428167466307588
1481429260678090759
1481429274762563592
1481429954248130561
1481430315394830336
1481432978572120068
1481433969786867714
1481437962755665924
1481440870884851715
1481441732512260100
1481442696598282242
1481443611757752321
1481443905963020292
1481448458808705026
1481448978893975554
1481452650658938882
1481453337002270722
1481453844437483523
1481454147463311360
1481454152538636292
1481455528282894338
1481455538131120133
1481455845455978501
1481456661533540358
1481457201373929475
1481461824348463107
1481462426063171589
1481462845564862464
1481465859273019393
1481468366225354755
1481470783104897026
1481475127821094914
1481478144225955845
1481481680431075338
1481481737557340160
1481488447487442949
1481496111743475719
1481498073742282755
1481498983356944390
1481502791310970882
1481506401448955906
1481507606980136962
1481518189636902915
1481518721071861765
1481533415077855233
1481551437951905793
1481560868022370310
1481593755518083073
1481608247677263873
1481608843197038592
1481614144101093378
1481619010106105864
1481619717668356102
1481620379697397762
1481620744266256394
1481627158170771456
1481627478166847496
1481628945560870914
1481630157697953795
1481630965214507010
1481634764150956033
1481635603829559296
1481637127913934850
1481637802861383682
1481638572197388292
1481640391292035074
1481640393838006274
1481646913967456261
1481656276891230222
1481658006555312132
1481660364748120070
1481667967569915907
1481673218209370113
1481675558710878211
1481676850640273408
1481686152570626050
1481686494507057155
1481687272294600706
1481692443699466246
1481692800240562183
1481706554013458438
1481708325171568645
1481717428392452097
1481721584981262336
1481728486817468418
1481732017498705920
1481733607739768836
1481746105528426497
1481800575679229954
1481809049771458560
1481837503174766593
1481852969704325121
1481855829821247491
1481865010569744386
1481902942479425536
1481914665089347586
1481949543231107073
1481959541395042304
1482000666252161028
1482010288157122560
1482014642616487939
1482018334442930176
1482045682169135112
1482072737623396353
1482081401436573697
1482094226292699137
1482102237195382786
1482450329782345731
1482522429004128261
1482542214207078401
1482808883995369474
1482936795276926979
1483108344651042819
1483180799696461826
1483262767213727744
1483351958471778308
1483521451709763584
1483551273806974976
1483647275565936646
1483686623489495040
1484624338699575302
1484695882511515652
1484696698098094081