1483832075455139843
1483832567497437184
1483832798318366729
1483833624499826689
1483833732222046219
1483833976498360325
1483834015517843457
1483834301158359040
1483834362688786433
1483834634374946826
1483835334198714368
1483835349293928451
1483835452276686853
1483835813683097604
1483836315909214213
1483836604196134913
1483837302363222017
1483837651350401027
1483838641331974149
1483838652614684690
1483839050264027136
1483839724708143107
1483839871622037506
1483840684855640069
1483841943989891072
1483844829113204738
1483845702002397188
1483845747439063044
1483845937986420738
1483846802466029568
1483849921761529857
1483850637985005569
1483850924963553281
1483852175155638272
1483855153031749633
1483855273957593088
1483855482401951745
1483857571672903687
1483858928123498499
1483863767729463302
1483864651125432320
1483871792829644800
1483874141505740801
1483886309160718338
1483887422496813057
1483888151403941890
1483889613328592907
1483890810886057984
1483896549490974725
1483897553099759616
1483898395634946059
1483900183624757250
1483901052973768705
1483902690476412936
1483907501552660485
1483918658212704260
1483919706562220035
1483925563907530754
1483928637803880450
1483947394698199040
1483947855010320385
1483955036715724800
1483963005536714755
1483965346151223301
1483970224810598400
1483991044760997891
1484014246983835650
1484045625662783489
1484054145770614784
1484058078605717513
1484073257615736832
1484120278720561153
1484224478150369284
1484225410636386312
1484229263112945668
1484275741734879238
1484291030421803009
1484298044346712067
1484326031821398019
1484364641950072837
1484373418170478592
1484536155936903179
1484645765561602048
1484740447922622468
1484937775266811905
1485240545614209025
1485294042493632515
1485544326109306886
1485268351660216321