1481349625328160770
1481349804487847936
1481349954610339843
1481350103755546635
1481350680120119298
1481350962270720000
1481351021280391168
1481351135529037825
1481352085396361217
1481352259845988360
1481352687203471362
1481352910680334336
1481353265094660097
1481353673389355016
1481353963748343811
1481354102965739523
1481354228467748865
1481356910142103556
1481357535412113416
1481358198292557825
1481358232027340804
1481358311110942727
1481359910524891136
1481360470158229504
1481366470768664576
1481367415011299338
1481368956996923394
1481369000684761088
1481369316423606274
1481369490596122626
1481370294979895300
1481372038375907331
1481372682767712268
1481380184829960206
1481383222533517313
1481387675110227982
1481406205691973636
1481407817332367360
1481413676385116164
1481417773926731777
1481442065787408388
1481464832285036544
1481474734483075076
1481475529358331909
1481536639126192131
1481565322649944065
1481567455176708098
1481571399328309251
1481592289835159552
1481609619940294659
1481612318756716553
1481626275261341697
1481637740194062340
1481642256922648581
1481649305018507272
1481650007740616708
1481686988021510148
1481692889583427589
1481694982859808769
1481698256698683395
1481702975768834054
1481704252112195586
1481744835950170112
1481778806079766529
1481877504323309568
1481950559808729096
1482022520974819329
1482073908685717514
1483449605295644677
1487622925444595715