1483469966506700807
1483469969245577222
1483469999792660484
1483470102750281728
1483470729056116738
1483473378950451202
1483474078619029510
1483474577124728834
1483475044642836482
1483476044313153540
1483476113103990787
1483476232138276864
1483476374551732228
1483476681658564609
1483478698611388425
1483483245190815753
1483483491404816384
1483499087777628160
1483619333947662337
1483659823157710855
1483719877324070915
1483749303466213376
1483753069003292673
1483791624341762054
1483829254219567104
1483894517820534791
1483908656198475782
1484057254232043524
1484154763856031753
1484291168489951233
1484301706758586368
1484302348176478210
1485549756625661953
1483469899129409536
1483487741488861186
1483610264368914437
1483475263774244864
1483475752846704643
1483789675001171972
1483471461717323779
1483475425888141314
1483472024542584841
1483472544950894593
1483807346300227587
1483475148816752641
1483485314261950465
1483472073473335306
1484142521739526144
1483472796168634368
1483472877118754817
1483473867993534466
1483523396633780225
1483571002634350594
1483473162461491205
1483473365071450117
1483473661914927110
1483473805251162114
1483474168599433220
1483487777832554498
1483491041114300422
1483501987517898754
1483502521956147201
1483543525375414275
1484051487206821893
1483473239867338754
1483474964984614914
1483473351695814658
1483473700766822402
1483473961782595588
1483476670703185929
1483506119356010498
1483711135979388928
1483474346459172865
1483711138756009986
1483475061939916801
1483475364068294657
1483475175635304448
1483475497157754880
1484291962308112390
1484346426540711945
1483475526178283521
1484291942091575302
1484347899764895751
1483476036033691658
1484291918611861510
1483711156971843585
1484345522127192065
1484291882599473159
1484291784205348867
1483476751598555138
1484291752513179651
1484170648234643461
1483477008017469444
1483477131049025538
1483711174592151552
1483477348515209221
1483479122097709062
1483711176676679683
1483477438319534088
1483477607815467009
1483711179218472960
1483788768318533634
1484291670774591490