1483498548536623105
1483498926913343490
1483499245827391488
1483500484166045698
1483500766417637378
1483500981090492419
1483501369264943104
1483501945981747200
1483504930493124611
1483506067459874817
1483506583770435590
1483507057441796096
1483507079230865410
1483515805681782785
1483519009358290945
1483525287077765123
1483530654348369924
1483542926273744898
1483550996185812995
1483556824846581772
1483559524795510784
1483573180304445441
1483594797478727680
1483632073789394944
1483632385694617604
1483638118725009410
1483710856429019136
1483771090509967362
1483780657180725253
1483782396902350849
1483801875141079045
1483822122233438210
1483823417874919424
1483827902319894532
1483833191597285376
1483835833513918485
1483846275778764801
1483882156875304963
1484124117494341645
1484298142547943439
1484552706517880846
1484696685544718341
1484882086775320580
1486709313389293571