1483560083107819523
1483560129630982144
1483560364759560192
1483560473803075587
1483560642590216195
1483561195667865603
1483561214168940561
1483561325242421249
1483561671285215233
1483565288335364098
1483566667993075723
1483569020431446022
1483572802829565957
1483573479563833348
1483573841389830144
1483574111511142404
1483575326684942336
1483576136995323905
1483576223531864068
1483577450747641859
1483580026473922560
1483580773819027457
1483588180775473153
1483588856049979392
1483591297021612033
1483593235037659136
1483594034924949504
1483596483203149827
1483598368655872001
1483599847064223753
1483601129753788421
1483610772362207232
1483618117464985601
1483620696634785795
1483624069488590848
1483644345320456192
1483673747156520960
1483677811927826433
1483680815607599105
1483708214520680450
1483710869590654978
1483720989632466947
1483743526772957188
1483748844009570315
1483750994152460293
1483751062238646272
1483756747642843141
1483776680334434308
1483789160439853062
1483792397242974210
1483802847867244545
1483808118089920521
1483811092249915392
1483840340595515393
1483868248265265155
1483928000085250052
1483938443310866432
1483982772557516805
1483994733340942341
1484000361266487308
1484139558577094661
1484185861973417985
1484222561445629966
1484233030084476929
1484298082170908675
1484368814611435520
1484443300870426624
1484881743744159745