1487853135922089987
1487853663737589761
1487853760873381888
1487853787427454978
1487854130014081028
1487854313766633477
1487855294247886853
1487855976124407816
1487856839404531716
1487857537210802179
1487857911116320768
1487857973099700227
1487858081010573312
1487859364279033863
1487859607728910337
1487859876239917056
1487862477178216451
1487862707017629698
1487862972311654405
1487863163857117195
1487863668066947075
1487866005200113664
1487866611818184715
1487867037938503682
1487868098027958278
1487868958824927236
1487870155078225924
1487874553330208769
1487877882961534977
1487879533239975939
1487879908164616193
1487880683867545603
1487880966890733572
1487881210235863040
1487882614295965696
1487889006926913538
1487890111610109957
1487892182023430144
1487893710176231432
1487894463615836174
1487899160871378951
1487901043870601228
1487903992084533250
1487904343340634112
1487910090149662724
1487912802023092230
1487918328098086917
1487919495268102146
1487919950497034249
1487923120451334152
1487926123132383233
1487929199578869760
1487931305400668164
1487933699526049792
1487934324758376449
1487947914450198528
1487948327148789765
1487960747342770193
1487960933465042953
1487963072153198592
1487963320741212162
1487963752448380930
1487963778994028548
1487965300985262080
1487967301517332485
1487978739837247488
1488002773476069387
1488002780312883206
1488003041752059905
1488003895490084869
1488017170869202945
1488018203154563076
1488059667112726528
1488071458161004545
1488092220142063617
1488105746227208193
1488109382000852994
1488125385954971660
1488130483749670912
1488143394023092225
1488143846051561482
1488154215465852938
1488156161836830720
1488169589955608578
1488175500002353159
1488181992642519040
1488182099672805379
1488184562907815943
1488185100172935172
1488191253376376840
1488191990487556104
1488193645908041728
1488196303511339013
1488197910885920768
1488203863417147398
1488206200269332489
1488215389796548609
1488225800402915328
1488233099292987394
1488240455804354562
1488248793187471365
1488268860671557632
1488298677722484737
1488322905704443905
1488322948222132235
1488358023252819972
1488367273865891846
1488386950855901184