1482129297196285954
1482129357908840452
1482129448623214594
1482129552184905736
1482130124153577473
1482130202025095172
1482130276029546496
1482130294115344388
1482130451183583238
1482130837890121728
1482131186373865480
1482131272063406084
1482131337435881476
1482131560639995909
1482131757486919680
1482131932263632902
1482132821753749505
1482132828871614467
1482133756303532040
1482134309582553090
1482134361789108228
1482134490810040326
1482135052343549955
1482135323345887236
1482136509046132739
1482136891650625539
1482137395332014082
1482138578180136966
1482138591710965760
1482138763660824581
1482139574407245829
1482139872186011648
1482139891056140289
1482140114830700546
1482140170707214340
1482141765939335171
1482142526832357382
1482142673758822400
1482144405477679104
1482144499954552837
1482145286227066881
1482145608811130883
1482146021727637507
1482146632452161536
1482146957208559619
1482147179791802369
1482148149586436097
1482152513948188675
1482152791187492864
1482153095543107587
1482153862903607296
1482156348573892610
1482159060501745664
1482162543397421056
1482162585558470659
1482163077009260546
1482163234593456135
1482163364461699072
1482163483735216129
1482163558272188416
1482163624500252674
1482164268510363648
1482165022998597635
1482165324862607360
1482166111739133953
1482168796756406277
1482169191037739008
1482169292623912967
1482169373871595520
1482170191886761984
1482171533304946692
1482171840474853384
1482173680612524035
1482173903678148609
1482175863449952259
1482175945901584385
1482176098406641664
1482177235263967232
1482177318688903172
1482179460384362500
1482181136960864261
1482181158926372864
1482181557544796160
1482182268273803268
1482183194380230663
1482183208573681664
1482183850700595207
1482183893302325252
1482185312914878466
1482186402469236736
1482186881492209666
1482187685116719111
1482188320427941888
1482188748729335810
1482188928253894656
1482189720948023300
1482190337124806656
1482191431120957441
1482194894286434308
1482196915789963268
1482197209642848264
1482197284544819201
1482198742316978179
1482199305272369154
1482199697871757316
1482199931171573764
1482199999618465797
1482201102397456387
1482201301090029568
1482202431102537730
1482203099905376256
1482204365016289283
1482205772809326596
1482206330186203136
1482210076475678727
1482210172210941952
1482211271583879176
1482212400934043649
1482212573235712001
1482213577159106563
1482215439295991808
1482216924130029573
1482220167639748614
1482228154693529600
1482230044789338112
1482230757686845440
1482233535180201986
1482234119883010048
1482234593277186053
1482236360920600577
1482237281268383747
1482241919879364614
1482243509977591809
1482247579664621568
1482248006414090243
1482251621170135043
1482254205268393984
1482255965907005440
1482256806323777536
1482257433783414785
1482257826756112387
1482259678088290304
1482259836683399170
1482261483958554629
1482262206423072768
1482265262682345473
1482272069245186053
1482282634881372164
1482283017435770881
1482300175003627529
1482302048532054019
1482317044561416193
1482321564674707460
1482327425979752448
1482332248678481926
1482340097106137088
1482344877404798978
1482346988930801667
1482347489634177026
1482348663125028865
1482349233319600130
1482349999681851393
1482350070653726722
1482352002218663937
1482352336475500547
1482358130759585793
1482358297097388040
1482359427286159360
1482359859836338178
1482359938114486273
1482360314024894467
1482363199626301453
1482363815408766977
1482364033768431621
1482364135082016770
1482365299961876485
1482367740740620291
1482368226025631749
1482369055411613697
1482369191936237568
1482369429790879746
1482370848359026688
1482372040392724483
1482374913025527812
1482374977114578952
1482375458012368897
1482378189179609091
1482379245867388945
1482379586650316807
1482380578380996624
1482382333978329090
1482383896528494608
1482384715218833411
1482384839013769222
1482385782572736519
1482386245510594564
1482389200691511298
1482389608214274048
1482391428999307268
1482391763201449990
1482395516436635651
1482402249141886985
1482405215546626052
1482411827346743300
1482417385785069568
1482420660836175880
1482425735973261316
1482427364059484161
1482430645175521284
1482431406433255435
1482433816052613122
1482438386770141185
1482439251476324353
1482448905849737222
1482452727724707840
1482456296376836096
1482459606513242114
1482480650334752777
1482483543477559297
1482483913545195522
1482484733128888336
1482497651522342916
1482506699411914753
1482511783734792204
1482512839436734465
1482513714343460865
1482514286056464384
1482521272831537154
1482521650545442822
1482537495426486274
1482544866605338633
1482550618380197888
1482553985273843712
1482566548099317763
1482568024049819651
1482580519141396484
1482593765323730947
1482595190674268163
1482618231491682304
1482619321369124864
1482638605969281027
1482643145850503169
1482683460074749959
1482687614771679235
1482690369079119874
1482692700872876033
1482714762052001792
1482756960256724993
1482757916608241667
1482764843828527107
1482766988745134080
1482767362310901763
1482787488196222977
1482787908562137090
1482798095138181126
1482833052036440068
1482834305101484040
1482837145698119681
1482840467716911112
1482840661569290243
1482845696390803456
1482849369045053448
1482857586336489472
1482858314694283271
1482858551718694912
1482862470179942401
1482865143943999490
1482871709141188609
1482878918885531653
1482886360230998017
1482889206414426130
1482897463522512899
1482901966237827075
1482911799796125696
1482912384419196928
1482912942945275906
1482918961952038921
1482962035872829441
1483041759286366210
1483042951764889605
1483044182050713604
1483105030253301763
1483118002195341315
1483136833676578820
1483160108251107328
1483190008903307265
1483245887388368902
1483278817435209730
1483281861119860737
1483316973786189824
1483320265496948736
1483450837473103875
1483452507456249859
1483514404813479941
1483515116737859584
1483635008107855873
1483842453488771079
1483857376969113601
1484014459425374208
1484183393122369538
1484207188792987655
1484247461153673226
1484309420838244355
1484371177946554369
1484431928270987267
1484531422316703754
1485186840307159041
1485189090458968067
1485622680690769923
1485762580958392323
1485937321715380230
1486017469118623749
1486642936439709701
1486911345589202949
1487823480292794379