1486821756358832130
1486822014845214720
1486822462302175239
1486822575674208259
1486823719326597120
1486823981567070209
1486824548968374273
1486824755202252800
1486824945590099969
1486825419810639874
1486825678930645000
1486825881544933377
1486827182802542595
1486827248502157320
1486827393650147336
1486827543974010883
1486828547285078016
1486832365435502593
1486836498989256706
1486837702670503936
1486837762577809413
1486837962146996224
1486841042938826758
1486849228081025027
1486850272114606082
1486857083022630914
1486857597814816776
1486857856091627527
1486868404279693314
1486878335128911874
1486884721170735107
1486885025341530112
1486887426647805953
1486887696110952448
1486891827663982593
1486894478594088963
1486900321112580106
1486902019742916611
1486902978749648897
1486903682490851328
1486904341600653312
1486906930786447361
1486917005290590208
1486941541449015296
1486973674162901004
1487042912986845186
1487057194751336449
1487065304702226432
1487065993918750721
1487066358164635650
1487077423502045188
1487082328555851776
1487100589020307462
1487115566515036161
1487128951738802176
1487130376334102531
1487131494380236802
1487160890441048069
1487162378009653249
1487262423916679168
1487461293783240707
1487514177417539585
1487658693839761410
1487811000271257604
1487833697336233986
1488000412460408832