1483538860822913027
1483539050145452038
1483539233881178114
1483539341859180544
1483539342450733064
1483539642850938880
1483540923447455748
1483541362758795270
1483541530824646657
1483541667768455168
1483541688354283525
1483541793182519297
1483543995888381957
1483545981153013761
1483546342693560320
1483549497913487372
1483553188519288834
1483565483362115585
1483566367978758147
1483579184270438400
1483599616922771458
1483604308637536257
1483613546822971395
1483640601958510595
1483660295306371072
1483663663114326018
1483673992401670144
1483691017538789376
1483710864024907786
1483784376173400066
1483813995916275712
1483814019320455173
1483833186622881795
1483893125160521733
1484298110390132737
1484367143533629450