1478033872436830208
1478033872629768196
1478034136166240257
1478034214855585794
1478034443080278029
1478034623565287428
1478034828515762183
1478034930127020034
1478035138915225616
1478035718685573120
1478037091489619969
1478040246382120963
1478043714937307144
1478043968621346816
1478044547217195008
1478045013993037832
1478049434680315908
1478052954712195082
1478054552259674119
1478055931397251076
1478058904428810241
1478062693433053186
1478064289588170755
1478066585839493131
1478073579308683264
1478074385172819968
1478077730621165572
1478081466508664839
1478095281421881344
1478096986129809408
1478099236981903362
1478101804315414530
1478105549279358978
1478131744175898625
1478153471476080641
1478162298950750208
1478162625712332802
1478179939824377856
1478216694862684162
1478226258655956992
1478240067059544064
1478275011211366402
1478344139682947074
1478344391068569602
1478363341580034061
1478382940497264646
1478424483950219271
1478434849379782675
1478472130035605511
1478473116284338178
1478579575328288768
1478830740238479369
1478832043731660809
1478832123716849667
1478834663875493888
1478835249392070660
1478866165179068416
1478875472926851074
1478906175781425152
1478930034236669954
1478930432242503680
1478952051786891267
1479210258908303361
1479211814319792130
1479453518218076164
1479471313232220168
1479675855328604165
1480225796912472065
1484134273439318017
1484134583910092800