1479516901466386441
1479517110447579139
1479517424361910272
1479518003968552960
1479518096008224770
1479518341794512903
1479519180151943171
1479519339606953988
1479519498747195400
1479519816016879628
1479519964600184838
1479519985991049219
1479520100629852160
1479520389617397766
1479520399360729094
1479520600938979329
1479522198968627201
1479522320003878915
1479525917940662273
1479528942277214221
1479530012663586824
1479530560674430977
1479530944394526720
1479533757120094216
1479536073852309506
1479536126843047944
1479537245304471553
1479539925662027777
1479540359923474432
1479543048480735242
1479547732750655490
1479548017120268288
1479555100272209921
1479578677100875781
1479591321174171648
1479613260475387906
1479622035852730374
1479631740947689472
1479652569140154369
1479671464743813125
1479713226820628480
1479714916215009280
1479723970895228928
1479724683956211712
1479724736057913345
1479777698830594049
1479804390802399236
1479814163253846021
1479820375110344708
1479850989360271363
1479865925113364493
1479963135075393537
1479989818318893059
1480042137957900290
1480167778795626502
1480315663679995904
1481091698054901763
1481158974820925440
1481348223457452035
1481350151780421639
1481364576939610112
1485629353539129344