1478371025360465925
1478371395793006598
1479273396252913669
1478371545231679488
1478373537014591490
1478381439280463874
1478384954178428933
1478392432941223941
1478403051023212552
1478430616433606656
1478443035730006020
1478453773546651653
1478477724608086016
1478478757186973708
1478506228833792004
1478556769878089730
1478601154158338049
1478637865617793025
1478639116984193025
1478647287727464450
1478650920305057792
1478652508843253760
1478654875349270528
1478660960873172993
1478666679890632706
1478713382148661253
1478713851550044164
1478715262572679170
1478715789603741703
1478731326517821451
1478774116106657798
1478805415932706818
1478805948856602625
1478862870003728386
1478863025310478341
1478893888299491332
1479022310271164416
1479024367858290691
1479063899227914240
1479066924319494145
1479069636226392067
1479072324108361730
1479080685713326083
1479154257588805633
1479195144775737348
1479394531879571463
1479420094711279618
1479442596002873348
1479505086854402048
1479757043649110017
1479758947913547777
1479848450304974850
1479849016544628738
1479849101885952000
1479850622539161609
1479882114082521091
1479885573091438601
1480108975047720962
1480109357249531904
1480123302895136774
1480123607997161472
1480153239496667139
1480184359235710976
1480209653338460160
1480494824298102784
1480497487488032772
1480501713249447939
1480530548078559235
1480552645937057799
1480636784484749316
1480709460771360770
1480709881443196931
1480893027090669573
1481200846901850116
1481207373905547265
1481221753053581316
1481230128126607364
1481235396659146753
1481268706042945541
1481451037970026499
1481588929988116481
1481744825594662916
1482003106657353734
1482036900609368069
1482089836379095046
1482121862104682499
1482258997398880256
1482299245512335361
1482311983269613568
1482319982943944709
1482458068193472513
1482677915217121280
1482765856530579457
1482875860277501955
1482982641301262338
1483009783133356032
1483043145772380163
1483088761831440384
1483134726877687813
1483320335894466562
1483447312701607938
1483724977455374337
1483734039521603585
1483779980488286212
1483783749213036559
1483814120885469189
1484116495177289737
1484133455529234435
1484137281938198531
1484151240422576133
1484160459716677648
1484837941675503619
1484839004612661255
1484848773000007683
1484853775273959425
1484921547991265280
1484926492467503105
1484930276895645697
1484965364429697025
1487052709773594627
1487058684177956871
1487064143790288899
1487065014720737281
1487342175042027523
1487344718854127616
1488072866423836674
1488097993786019848
1488197374279225349
1488197447545466894
1478375764491972609
1478376182286585856
1478376627751071756
1478376704137695237
1478377368536420357
1478378611082153998
1478378872282533895
1478379331764293648
1478379840613105674
1478379938289963025
1478380449454080019
1478382371275694125
1478383207158530052
1478383228822110216
1478384193918935040
1478384754525417474
1478386094601297929
1478386495811633159
1478388206613770247
1478389930032250882
1478390518073679875
1478392634926407684
1478392739305828355
1478393561297080326
1478393875123343376
1478394343903875081
1478394863775367175
1478394871027228680
1478394996877365254
1478395293028823040
1478396445166293002
1478396994511122435
1478406321770795010
1478407878134349824
1478408564922359810
1478410508239872000
1478411298345938949
1478418411701116933
1478420670451224576
1478424671716577280
1478430090757390341
1478437554076758016
1478461724537724930
1478547258576617474
1478616599288434689
1478637600873361408
1478647070068142080
1478736304615608322
1478782778791677958
1478375933157457926
1478378788941668354
1478379052742369288
1478382372680830979
1478382732816363520
1478384517471780872
1478386582608650241
1478387634833608726
1478390117110890502
1478390730162950150
1478394732170690570
1478402627897593865
1478403136641458178
1478404663963754496
1478406745429053455
1478409531776458757
1478413596304551945
1478416497164836869
1478425819592626176
1478427629837377537
1478430313390870533
1478431579009531907
1478468824978518018
1478543445643837443
1478576838637076482
1478637602655907840
1478657114155274242
1478379228060131336
1478379229268135946
1478379558047039498
1478379666260037643
1478379783465717760
1478379870514208768
1478380722129981447
1478380796213964809
1478380999247642638
1478381084131930115
1478381285752070150
1478381367394193411
1478381383487823875
1478382445435265050
1478382522299990018
1478383617034309640
1478383778003357705
1478384496516939779
1478384685906542599
1478385617360850951
1478385646465081347
1478385752505520130
1478386512299536396
1478387860822761472
1478391047101292549
1478391206925283337
1478395562898644993
1478397498079252484
1478397663183790082
1478402275248951307
1478404036974071812
1478404803042717701
1478413222172626945
1478413854640123913
1478414731362844680
1478425912584683520
1478436445559963651
1478438617831948298
1478439503802949640
1478440724047675394
1478440812278992904
1478441259559653377
1478441332234342400
1478441412408471554
1478441879913918465
1478442217454854148
1478442229219930115
1478443988667363328
1478448400991494147
1478448419198980096
1478456675505897474
1478462067745202183
1478481378333364231
1478502661162946563
1478512905712775171
1478540942713970695
1478552068893949952
1478632191403827201
1478658293950210053
1478690968673165312
1478702119762890756
1478715408345702402
1478718013092216833
1478748439026544644
1478763713360506888
1478766225014538242
1478767463714234380
1478805876571918339
1479138510141632512
1479464406484455426