1479528666937769986
1479529435732791299
1479529492737626117
1479529640352006146
1479529707083337731
1479530468454412290
1479530963554160645
1479531922758021125
1479532414041038853
1479532435650060293
1479532561344905221
1479532699094241287
1479533369084026887
1479533520116543494
1479533554241527810
1479533558553268236
1479534260080025608
1479534727593742339
1479534737823727617
1479534759709712391
1479534788272738304
1479535172294955010
1479536252353650689
1479536281633771522
1479536862955978759
1479537174148272129
1479537384349917187
1479537891164438533
1479538338554077193
1479538479453376518
1479538906219569156
1479538933268631552
1479539115301429252
1479539428209143812
1479539812621299725
1479540048383074316
1479540443075514369
1479540494698909709
1479541123567820810
1479541333203329027
1479542614827274240
1479543059620716552
1479543110975647744
1479543184460066820
1479545858618101760
1479546314090336258
1479546937745498119
1479547959893278727
1479548948226494474
1479550326193672205
1479550597493837831
1479553461733756932
1479553871840264193
1479554670032875522
1479554756108603393
1479555226684338188
1479555690460966914
1479556630710734850
1479559256621862912
1479564165996068871
1479564672240136192
1479564875710050305
1479566737431433217
1479567690054483971
1479567963657179141
1479568356298657792
1479568531998007301
1479569920761516039
1479571126317731846
1479571851286360064
1479572344913989640
1479573280608735240
1479573805479563265
1479573856893358085
1479575274261991436
1479575621999083521
1479575957484838915
1479576080742699008
1479576197193506817
1479576277162070024
1479576467101081604
1479576587553095688
1479576655559602181
1479576821977042946
1479576977220771845
1479577150579740672
1479577277482610693
1479577546727559171
1479578143467966470
1479578225663782915
1479578366298755082
1479579017170731009
1479579690759331842
1479579712632483842
1479580232554221570
1479580681755844616
1479580755978113026
1479580760134893571
1479581555618111491
1479582084637368325
1479582236815073287
1479582419007287310
1479582471834550287
1479582837539966979
1479583427179560965
1479583947667705859
1479584530474446850
1479584713014751241
1479585057866137602
1479585752832954369
1479585820327784448
1479585842196672512
1479585898387939333
1479586081410531333
1479586292975427594
1479586432037502976
1479586788784185350
1479587108918546435
1479587189876879360
1479587335637508111
1479587936039546888
1479587989173018626
1479588936926199809
1479589151418765313
1479589225049866249
1479589296969449472
1479590198975606787
1479590690199908355
1479591106182623232
1479593067644600320
1479593291670646784
1479593406515101702
1479593757230129153
1479595403075063809
1479595504514314243
1479595705291448325
1479596345669431303
1479598311367593984
1479598391025823745
1479598678138507266
1479599189340438532
1479600760753168391
1479600899077152770
1479601127134048256
1479601352816930816
1479601671156027392
1479602529092583427
1479602797200949256
1479603317647020034
1479603357434015744
1479604028019384320
1479604186627002368
1479604270680866818
1479604278746624001
1479605223375216640
1479605622651985920
1479606882146865153
1479607478874685452
1479607533627183110
1479608254103760898
1479608441295360000
1479608636213182466
1479608842119876609
1479609382421753856
1479609691336765440
1479609945083584514
1479610397707538435
1479611484195803138
1479612747998502912
1479613252686557190
1479613479778725890
1479613963805642756
1479616236384178176
1479616378449666050
1479616520946868225
1479616999957442568
1479618295787659270
1479618527279652873
1479618574801117186
1479619269889384448
1479620410337636354
1479620693247467522
1479620888643338242
1479622209928712192
1479622253377507328
1479622658530684937
1479623082016972805
1479623779412103168
1479625528483016705
1479628392052006915
1479631020781711362
1479631678717009920
1479632259716198403
1479633400134877185
1479634482688929793
1479634795453952001
1479634936747364352
1479635625913507846
1479635981334683653
1479636157038219265
1479638457874108419
1479638618939478018
1479639018761506822
1479639289805914116
1479640227815772162
1479640525040848897
1479640526181879811
1479641279030038532
1479641356347883521
1479643730965667842
1479644891764473858
1479645863529967618
1479647261617373186
1479647675540811777
1479647814879690763
1479648334029770753
1479648965679321096
1479648975267446787
1479649210010157058
1479649318852251648
1479649345972707328
1479650865501851652
1479651587291295744
1479652445131268097
1479653265499373571
1479653608509657089
1479654438973313025
1479654625393455106
1479656721240887296
1479656797438840834
1479657393797701632
1479658033919795205
1479660610052771841
1479661406953873409
1479661707127844867
1479663193492312065
1479663279341555713
1479664561636659203
1479665471276285952
1479665714378067968
1479666259314700289
1479666982412701696
1479669151551696899
1479669201014976513
1479669523288666115
1479670038588133379
1479670237825953794
1479670938928967682
1479672375545417728
1479675889562570753
1479676410310664193
1479677322189885440
1479678430367027200
1479680429179523078
1479680764677611526
1479681120748937216
1479681628075020290
1479683106894450688
1479683470930501635
1479688321936863235
1479688381588250627
1479689283241852928
1479692132323676162
1479692136211570688
1479693012481429505
1479694337533480961
1479694904951390208
1479695125290930179
1479695241364099074
1479696648267776002
1479698518646431744
1479700256677896196
1479704718167453697
1479704941161820161
1479706308420853761
1479709004259491840
1479711892906074112
1479715513378869249
1479716181166551042
1479716389309284357
1479721549678718976
1479722908700196866
1479723147796652033
1479723903161630720
1479724688460980229
1479726315381178374
1479728355096281089
1479733287329447939
1479740944752824322
1479745737340506114
1479746637018898434
1479747205745549316
1479748130010718209
1479748422114717698
1479748834041470976
1479748850856472581
1479752781200252931
1479753675799158785
1479755797492113413
1479757712250474498
1479757844689784832
1479757900239106050
1479758689502334977
1479760029901275144
1479761443553570816
1479762869461958659
1479765575282921473
1479765804233154560
1479766368903995396
1479766427238338562
1479769356464709633
1479769874197106691
1479771230681321472
1479771527377731585
1479774466775334914
1479777183975542785
1479778426688925698
1479778914545414145
1479782267908067333
1479783045448224772
1479785414575624192
1479787374712397824
1479788611281293312
1479791384995536900
1479798269186383873
1479799459672375300
1479799793207676929
1479800248948117506
1479801327916093449
1479802264105754628
1479802486114467844
1479802523888332801
1479802657002954752
1479805195831894025
1479805300978950153
1479807004151623681
1479808980100820992
1479809145444438017
1479809386482741255
1479810277327704064
1479813099645460486
1479813928276439048
1479815054694432770
1479817028500430853
1479817899942420482
1479823424021270536
1479824164332711938
1479825314356338691
1479826067015839750
1479826330741059587
1479828559455739904
1479828807574040584
1479829373658316800
1479831685114044416
1479832879316324358
1479836220297551878
1479836990606491648
1479837056675332105
1479837649737289729
1479838685810069507
1479840343495520256
1479841448015110146
1479841792870682626
1479841937536466947
1479843757348425730
1479845753065459714
1479846613124202496
1479848710012080130
1479848872906215424
1479853452834525194
1479853549764984836
1479854443638239238
1479856084961615874
1479857539328077824
1479857745486835714
1479857908087238660
1479858302754381825
1479858615997534209
1479859318220484610
1479859661776039937
1479859690905419782
1479860478130065411
1479861753592832004
1479862348215209984
1479864315184402432
1479864774389207041
1479865365521780736
1479866787164471307
1479868691479085056
1479869230887718918
1479872402163130376
1479872480156213256
1479874795303063555
1479874905906819072
1479875209683521540
1479877559823306752
1479878014632706058
1479878062397292549
1479881886533095434
1479881897400573954
1479884773610999823
1479884794666401797
1479887436809388039
1479889091172855809
1479889272991793153
1479889512432029700
1479889527489634306
1479889723543801858
1479889869308575748
1479890216253112330
1479890250780405760
1479890317369241602
1479890467634307075
1479890650359291907
1479890773562867716
1479890791648608256
1479891572946882564
1479891900765294596
1479892204919214080
1479892435400630282
1479892700417642504
1479893534895493121
1479893676767776769
1479893820384763905
1479894557416468481
1479894802523213832
1479895255356948486
1479897403536904197
1479897534801842193
1479899097926619146
1479899162045001734
1479899460322922498
1479899475850186753
1479899761029308428
1479899853824143362
1479901319808880641
1479902951023984640
1479903230511534082
1479903916880011266
1479903971682701318
1479904569723437059
1479906759854669826
1479907025161183238
1479908281070010372
1479910234709581829
1479911565960699904
1479911833574129666
1479913416148287488
1479914140219191296
1479914355420540932
1479914904664428546
1479915569025622018
1479920951856877578
1479921428099223555
1479922159149621249
1479922422841323522
1479924287553212416
1479924697546461184
1479924884604080129
1479925292848324618
1479925528480129025
1479926194778869765
1479926466108342274
1479930143309058048
1479930969092153351
1479931183416983552
1479934224614543363
1479935700736741377
1479940763618267140
1479942068612988928
1479942166495571970
1479944013113225217
1479947376152383492
1479947610823745547
1479949414332604417
1479949512693235717
1479949797998010371
1479950246293745664
1479950717406400518
1479952484252614662
1479953427794993152
1479953474921975808
1479955535801860097
1479965234051829760
1479968712086081536
1479972493314117640
1479974149787459586
1479974487546286089
1479974902606270469
1479976902622253057
1479982162694844418
1479982481046659074
1479983906858446854
1479984646486036483
1479984906700668930
1479985135575465985
1479985411296579589
1479988658015027202
1479988830270861313
1479990091938353154
1479991202032365573
1479991933707689987
1479992646882017291
1479993592135434242
1479993889079525377
1479994211617280001
1479994275672825861
1479994494695006209
1479995514145832966
1479996469457285124
1479996937671692289
1479997733041623043
1479999447920693250
1480000547667197957
1480001562265141249
1480001841744125955
1480001908601462791
1480008576521408517
1480012898692997128
1480015902586331145
1480018235462459398
1480019128694054912
1480019557234446336
1480020102502240256
1480021474140381184
1480022399773032448
1480022618178785282
1480030021276385288
1480033667120603136
1480037515310551040
1480038712927006722
1480040015279370244
1480041605025333248
1480044104792879104
1480044147293753345
1480045301578616835
1480045881097392133
1480049267138076676
1480049930177851392
1480051139315998720
1480051912082919427
1480052029766594560
1480053006120808448
1480053795925155840
1480054704532963328
1480057243542425600
1480063003177336832
1480064537374212096
1480077557118775297
1480079032003694594
1480096125503815682
1480104586073587718
1480107053154590723
1480116118501134336
1480131571113857028
1480133322873446403
1480137531018592256
1480138629238255616
1480141075067068417
1480151902281162757
1480157653317869570
1480158554652753923
1480159527391662082
1480160868142772230
1480162857153146884
1480166224457830403
1480166976718782466
1480167936195239938
1480171319928844289
1480171681981378565
1480175883986034691
1480176822734229508
1480177435937320961
1480177747137740806
1480177787923226626
1480177824526860289
1480179936921108480
1480181441950588929
1480183997242163200
1480185115737272334
1480186333259833346
1480187075890667527
1480188503610777602
1480190233341792256
1480191439871037443
1480192826436722692
1480194884963377154
1480196002036404227
1480198308198973443
1480199277179596808
1480200951751348224
1480203454274490371
1480208312301875200
1480209179164000264
1480209935380230150
1480210022344937475
1480212205434032131
1480216218531512327
1480220130500136962
1480222723515191296
1480225808706949120
1480225827874816003
1480227323039211520
1480232274360774661
1480234057996898311
1480235527718649858
1480235774129831937
1480236982957707274
1480239340211085315
1480240815838482435
1480247044484833292
1480249213896167425
1480253903279169536
1480254294561419271
1480257816145190914
1480258948640894976
1480261989188263936
1480267028292243458
1480267599556530177
1480268202785615872
1480270556813570048
1480274514428768259
1480278006375632905
1480281672553623554
1480283441354657792
1480283763150135301
1480284257528553477
1480287317302685699
1480291027281797120
1480293655978012673
1480295231836737537
1480297700344008707
1480301732328460288
1480302710704328708
1480306441130942468
1480310110278672387
1480316704861429768
1480317480920707073
1480320383408648202
1480326793315893248
1480326889675935744
1480334254806646793
1480336603931369476
1480344780643225600
1480348900234076167
1480349651945594882
1480352017327476736
1480359850014134275
1480368920875859972
1480382467454517249
1480384882681552912
1480391219272376329
1480417598605041676
1480424676014936064
1480426768116772867
1480448691857027077
1480468086843133961
1480474327401340929
1480489657963991040
1480515124062523397
1480516437189881857
1480518299750445058
1480539247992086537
1480542849603153929
1480546746581532674
1480551087639830533
1480554266402172935
1480562088758046721
1480584132933607425
1480594203868643328
1480717349586096133
1480742340365107201
1480872144686964736
1480886879398596609
1480936453764956169
1480948508567945219
1481158956017881088
1481172799482101760
1481349305243951104
1481381921917706243
1481400170130644997
1481422124967358470
1481422274364248064
1481426005965557760
1481430385162854401
1481510149684871168
1481531878524203009
1481630869723152387
1482200957513617408
1482204903653003264
1482575100293562369
1482828462788337666
1484292952801353728
1484585775438221318
1484707330772152320
1479643514837389313
1479543325644713984
1479543857067208704
1479554582556516356
1480255132575096842
1481158931556691970