1486453492797653001
1486038859376824323
1486038941333610501
1486039044068884480
1486039045696208899
1486039078785191942
1486039318011723776
1486039453835669512
1486039554322681857
1486039627702042624
1486039698871042059
1486039767200542721
1486039956988518400
1486040211352014849
1486040315073118213
1486040383440101377
1486040597853261825
1486040712986738692
1486040951378219009
1486041815316942854
1486042317987491845
1486042519318241280
1486042652214763523
1486043044629655558
1486043867602432004
1486043922195308545
1486044580843859974
1486044980208676865
1486045523656257542
1486045565796466690
1486045697765953541
1486045700236349441
1486045953291427843
1486047194071318530
1486047407418839047
1486048507949629445
1486049687996145666
1486050825747185669
1486054295531307008
1486055460985655296
1486055734592868354
1486056115402153993
1486057826439024649
1486059820520247303
1486061225586921477
1486063557753982976
1486066329647861761
1486066843538259968
1486069418073341953
1486073888635297795
1486073909447479299
1486074507987243010
1486078471579254785
1486078526319374336
1486086656293752834
1486087566860431370
1486096531623137288
1486098213518127109
1486100143292268551
1486102633555410950
1486107172366807043
1486110354803359744
1486117487641079812
1486120535004229635
1486136340844584962
1486136868504682497
1486137289524883456
1486137980544770054
1486139774670819329
1486142147497803777
1486146295894999042
1486149805650948097
1486152323676225536
1486157429364510721
1486158591165935618
1486159743408394242
1486160352727343106
1486182739280039938
1486185306382639106
1486188399866220546
1486192641918349313
1486211089574637571
1486222039212228609
1486247586721931265
1486262614489538561
1486266333272625152
1486266888174899202
1486276611326582788
1486340947277488130
1486347152024489987
1486368112362639361
1486422283937845258
1486433911358042122
1486462419983474692
1486542382367748096
1486606064615260163
1486040762957578240
1486325107723231239
1486051224566657026
1486713872035708947
1486714767624474627
1486785610186731524