1486776407846006789
1486777071175356416
1486777965098811398
1486777975454396416
1486777976171675649
1486778300496232448
1486779151436718085
1486779636922994690
1486779749884215302
1486782276964950026
1486782349018902531
1486782973101973505
1486784130377420804
1486787137613623299
1486789324460994563
1486795194771116032
1486795829176373249
1486795898776608774
1486796746252427267
1486798945858764801
1486800197783064578
1486802452720631823
1486807386614599680
1486812630601932808
1486815344559734785
1486816174851641352
1486816196754354178
1486835880618770440
1486850609697361920
1486858498839306243
1486876491459743744
1486877983033868288
1486878423519801344
1486882580561633284
1486888738294747138
1486894899794300933
1486900508115746819
1486941661821349889
1486943371260141569
1486946120886542339
1486973666042728448
1487059054501548039
1487120695444267008
1487162481160204292
1487231546511659010
1487321031614222337
1487421428580462599
1487433285684891655
1487437386300731397
1487531603425316864
1487656585782607875
1487945811967324163
1488067594364112897
1488177692881170443
1486837929913823233
1486850513094152195
1486885647545634816