1478431122434445315
1478432616084762626
1478433394946150407
1478434861224370177
1478443506213474307
1478443546768289796
1478460219357282309
1478460857000640523
1478460918342246406
1478461000877805568
1478487843647283200
1478495286326669320
1478502536164384768
1478510449985560578
1478637618464178180
1478705454423281669
1478747939954647049
1478748027242299396
1478749061582831620
1478777138731892738
1478898852400967683
1478937501721055232
1479141512587919363
1479207948144496640
1479682293870456833
1479831107860414468
1478511317363400704