1485183610122604544
1485184201209090048
1485185067060441095
1485186336034541568
1485186729711652864
1485189815477813250
1485190838682812416
1485192204427489280
1485193715383779334
1485203899711729665
1485219234254839809
1485230025444323334
1485230315434295298
1485235335579971587
1485235661301071875
1485274861383651332
1485275096306569218
1485279932234219528
1485292480048386050
1485294579079434250
1485295562350112769
1485298494076338184
1485299161041973260
1485304625410772992
1485321226981904385
1485336986244243465
1485357896078540803
1485383306367619083
1485389177919258628
1485389749519110149
1485403964866715650
1485409886058184707
1485442848061538307
1485471418309484546
1485521725504716800
1485522449936666626
1485530536336855041
1485548626944442370
1485591759501602818
1485607127628410881
1485924134408359939
1486351764991488004
1486362958582140931
1486724001179205641