1479862616948236289
1479877220948750345
1479902050318274564
1479864883101511682
1479865672800907264
1479865695068372999
1479867258000195592
1479867910273253377
1479868190469599236
1479869286231384073
1479869944896626701
1479873389875576839
1479873411593781251
1479878310888976388
1479882125922951170
1479883096279429124
1479893690558529537
1479939363987415051
1479953952888156165
1480003733790593029
1480027166268133379
1480112364036919298
1480113617806704640
1480117552638423040
1480139814368256000
1480141978973007872
1480172892176490498
1480194135336361988
1480225204068663298
1480374242512416772
1480390189059088385
1480562487456157704
1480564193833197574