1478758839990239235
1478758841730879494
1478759562719244288
1478769068832436225
1478813729794011143
1481159373959225344
1479106145453174788
1479375024880558083
1478770002522218504
1478770282936496129
1478770320119115790
1478770507902337028
1478770870713782273
1478770956487245827
1478771096648253440
1478771101085798401
1478771390379704321
1478772531607662595
1478772971149795333
1478773432238157838
1478773740825714688
1478773779325067265
1478773799717855243
1478774066316251140
1478774218917650436
1478775737951920141
1478776503093583876
1478779378507071494
1478779738743263237
1478780100787200001
1478783188126339075
1478786815133765633
1478789269523247105
1478794318974525448
1478794753646997515
1478795946985152517
1478803457461133321
1478803937461477389
1478804469538304003
1478804608281718793
1478804934220922882
1478805929252556805
1478806218818920452
1478807416284270593
1478807942120062985
1478810542093520904
1478817599152693249
1478822742707212288
1478823814360449029
1478840073206571011
1478865119572549635
1478867794695495687
1478878842831917058
1478894762216374272
1478968302336716801
1478973827291959303
1479098259939500035
1479138381359632385
1479565180535283715
1479856947725840390
1480086526537220097
1480358280652152837
1480969818161377282
1480969938013622272
1481256200264208389
1481296544863240195
1478770335952551939
1478770602764816391
1478770843962515456
1478771014582431744
1478771157218336774
1478771195298422785
1478771398814285829
1478771864751288322
1478771885160632322
1478773160317227011
1478773666682867714
1478774240828661760
1478774943550779397
1478775602853335045
1478775953950220292
1478776050775728131
1478776646920462337
1478783155414966273
1478787511430234113
1478787913055830016
1478788888294526986
1478789527024119818
1478791478088552454
1478792027735273478
1478793146633011200
1478796704249954308
1478796919216484353
1478801846105956357
1478804960871649280
1478841751490244610
1478883917914587139
1478884562604228611
1478890125731979269
1478890979797213191
1478906244899479557
1478975862905184261
1479138449080860673
1479565211875131392
1480518105281531906
1480681161613615106
1481889834771824640
1478805443053076485
1478893979945086978
1479000069961617408
1479017443515416577
1479032178285723650
1479161440011440134
1481988753593929730
1484133620063391747