1479153428433711104
1479153488554823686
1479154103750115329
1479154744585297921
1479155401551749126
1479155452013424640
1479155575984328706
1479157051884400645
1479159880103641092
1479160576311914497
1479161230166134786
1479162708331220993
1479162896710266880
1479169110663647233
1479169411311407108
1479173322223009795
1479175264508821510
1479176346639216646
1479185678265196544
1479195456232046593
1479196690422931461
1479225303948013573
1479228605586718721
1479251907331903488
1479341936393605120
1479357348330098688
1479362310280028160
1479409197519417357
1479420161853898753
1479491782547329025
1479543405097197574
1479682093844025347
1480187133860192257
1480294206480404482
1480494644370628608
1480586895398686720
1481142502400806914
1481159172146155522
1483128359181766656