1481367040191447041
1481367313307815941
1481367394903678980
1481367424964313088
1481367548226584576
1481367649837846530
1481367734218895361
1481368045675241477
1481368245500272648
1481368438039797764
1481369395142266882
1481371211296698370
1481373423204974592
1481373689123794944
1481374042586234891
1481374089008881670
1481375345458749445
1481375618482778122
1481377597913243662
1481377641575890952
1481378023878406147
1481378100621586439
1481383415274348544
1481383502507511808
1481384403637002243
1481384490698084352
1481386727323410432
1481392853901266946
1481392961195843587
1481399175812050949
1481408499800330247
1481410439061848065
1481411501105766413
1481413318845865985
1481414160244170763
1481415787701149698
1481415852851228677
1481431699909132289
1481434137210744832
1481448762430136320
1481468987225477128
1481477629702197249
1481491473803591680
1481531130600103937
1481536644201304066
1481564356202700802
1481591272993218566
1481608569346834433
1481618818124419076
1481632542637891589
1481636280433885187
1481650210480611338
1481686331763929088
1481694849367777288
1481702907963744261
1481724997513195525
1481780072457637895
1481780099540082688
1481785190330556419
1481814404878553094
1482022488443785216
1482468551969619968
1483234208407760896
1481369552634056705
1481370209298567175
1481370593152798721
1483606623721607170