1480964933441314818
1480965756305252353
1480965763217436673
1480966145402363916
1480966395152060419
1480966710878375937
1480967485927174149
1480967489555243012
1480967491857920010
1480970184915812352
1480986345443151880
1481013286829125632
1481041329333362688
1481065295380942851
1481068357092884481
1481071515747684353
1481072199821930503
1481072343720071168
1481072911423352840
1481073366169964545
1481073438957649922
1481074152786350083
1481074813942829064
1481074866002575361
1481075735225933830
1481076455517958154
1481077441649070081
1481078889590005763
1481081781352681473
1481091573211303937
1481093775116025857
1481096063599915009
1481101623854252034
1481106516656726016
1481110190414045184
1481113867673608193
1481114746178863106
1481120818704773126
1481174480621813762
1481189876779438085
1481193084704677888
1481195175535906816
1481238866552143877
1481255155832131590
1481259153612054529
1481263605366542341
1481264534870495234
1481266039946153986
1481276304909611012
1481293595793666051
1481295925158952960
1481302955714297866
1481309331349925888
1481321011488309251
1481354713757097989
1481372110886948867
1481374942407151616
1481399425146703872
1481550734558650370
1481640583307624449
1482712626555666434
1482960206648999938
1484262861497110531
1480966119968043008
1480966140369145856
1480967329462702084
1481174484656795648
1481257901205307392
1481296861843849221
1483610425229037569
1480966142290276352
1480966143925964800
1481174486871416835
1481174491191517187
1481258413992595461
1480966147906363398
1481068269230510081
1481070741168791555
1481078095058817028
1481082467008368642
1481085367352795138
1481093164958113792
1481095276899229704
1481114773982887936
1481115399504629761
1481121335505997825
1481126186453385217
1481127636554420225
1481152269039005698
1481174494857281547
1481259187837583365
1481268526132379651
1481303660529438723
1481306229616128000
1481310502550659077
1481321864303546370
1481346728905228291
1481356270229766146
1480967064751943696
1480967327172730884
1480967591942406148
1480968363119546371
1480970877948862473
1480971181461229573
1480971632630198274
1480971967574458373
1480979080405078016
1480984362451709960
1480984386132664329
1480989826681769986
1481000811807354891
1481069397242482689
1481075330106413057
1481076256037023744
1481082704598913031
1481094539519614977
1481104452547497984
1481104568926810114
1481107820070248451
1481112634543857664
1481115057849200640
1481135272507187202
1481135341608312832
1481137618477891586
1481161355701133314
1481174498510520320
1481181718015090691
1481249784732266503
1481331662264979465
1481633980684271616
1482929671314579457
1482933482544238593
1482938269386039298
1482938775332401158
1482939185950605314
1482939664499679234
1482942449521680389
1482946437784735750
1482950924385632265
1482957967553183750
1482961784457904128
1482967668156088323
1482988442149523456
1482995279708110850
1482995370070364162
1482996385481998343
1483016520942895106
1483019118391529474
1483020837678682115
1483025798357471237
1483025987780726787
1483027545075466241
1483027839045849089
1483047611821080576
1483049435315818498
1483049638580137986
1483055359732469765
1483065854795436049
1483066563469189130
1483068578056314881
1483070724231290880
1483087807367290888
1483097530330087426
1483098768417427458
1483099531684106241
1483100199161679872
1483102164486692866
1483103305245069324
1483108272202821642
1483110411239055365
1483110675006337031
1483113900543520774
1483115249423245313
1483118824798834690
1483119289653772291
1483120358815379457
1483120472879476739
1483121193653714946
1483122955810861058
1483124880421924866
1483125175755358213
1483125209179860996
1483126437376897028
1483130467826159619
1483131260289662978
1483131699013824515
1483133095092097027
1483134070565457921
1483134936882286595
1483137476311064582
1483137922316578831
1483139520690368517
1483140252948652034
1483156027025416192
1483172836629954562
1483173628556496897
1483173854188949506
1483182040937861124
1483185027731140608
1483187738471976963
1483189863822278657
1483214310298079239
1483217765154631680
1483221406213156866
1483221408423366656
1483226371333758978
1483228140587470851
1483233607049048066
1483254515902160899
1483259445404749825
1483261591332159490
1483263292902895616
1483267440062648325
1483269994242846722
1483280230533980164
1483283837941534721
1483306244475699200
1483311213631127554
1483316977166733313
1483319035039301634
1483352151300931587
1483352997732274181
1483359408813916161
1483384629570592768
1483388972395114498
1483416532583600130
1483416595582050307
1483417453682212866
1483418377897095168
1483420775826735105
1483421474052521985
1483421978342084610
1483424416889376771
1483424521914888193
1483424714735370255
1483427641432719362
1483437220895895554
1483440404129370113
1483441591738056711
1483441948463710208
1483442033696067587
1483442296620158979
1483442318870986758
1483442671142199297
1483445755306295303
1483447631561076744
1483449442011435015
1483450980721176578
1483451127823802374
1483451854042419200
1483452383078277129
1483455425626390539
1483456449862901782
1483458381524385795
1483459136213901312
1483459495086985222
1483461292786601990
1483461788331094025
1483462990234099720
1483464400812060676
1483466473469272075
1483468157461225478
1483468894320926725
1483470906701889540
1483473067301031940
1483473363964211205
1483474003452997636
1483474090920923141
1483476068270948354
1483477050480640005
1483477709699239938
1483478114218950657
1483478350106664971
1483479061104111622
1483479747501989890
1483480291192696833
1483481150244982789
1483483046242312193
1483483298772832259
1483484493549916166
1483485039929217032
1483486731194228738
1483488687841329158
1483490250680897538
1483495829650305027
1483497312911515649
1483497638599147520
1483506699797475329
1483508971046682637
1483509677488967685
1483510091966038024
1483510370002219013
1483510373437349895
1483510644896903174
1483511122695131141
1483511755913547789
1483511975208529924
1483512428424015873
1483516942258429954
1483517812178132998
1483519785665245186
1483520395248611334
1483520968437993472
1483524234622218260
1483525515050893317
1483526421628833799
1483526554214879236
1483527219859230722
1483528482487291905
1483529680468779009
1483531632250433539
1483534132915445766
1483535596673028098
1483538523881971713
1483539254458208257
1483550328897384452
1483552698230362117
1483558045976522752
1483562977357807618
1483563984901001216
1483567716438974464
1483573921567973376
1483577667442003968
1483579241841274882
1483586408895897601
1483659961355939841
1483666770355499008
1483699508655816707
1483823576994226185
1483846720622628867
1483848976118042625
1483908270888824837
1483913622313123854
1484034487734333440
1484060176571322368
1484065831298478084
1484066075595751425
1484067359853789184
1484074125597593601
1484074712150032384
1484082398530834433
1484089430323380225
1484089808305729537
1484091794249981956
1484096746364014592
1484097013750894592
1484097922568441860
1484098145147629568
1484099095383916547
1484101852765560832
1484102005677342723
1484106114887262210
1484113203722616833
1484125382055976960
1484125632334528516
1484127338812030981
1484127996923588608
1484128485429891073
1484128655399923713
1484128987806851081
1484129828077023238
1484132051779530752
1484140027382800392
1484141860239118340
1484196834142736384
1484215158507507715
1484215418038407174
1484215865587511298
1484216409760714754
1484216471651823628
1484217233874329601
1484218228440281092
1484219936515846145
1484221070982975488
1484222180837576704
1484222599655837696
1484222608706969601
1484222922612948995
1484222967827554316
1484223213647323136
1484223391934697476
1484223505726009345
1484223830369386497
1484224381463109632
1484224958519676929
1484225279258157068
1484225307448127490
1484225945095610373
1484226191062028293
1484226447107526656
1484226545476636675
1484227007458254849
1484228616917602309
1484230298497798145
1484230610876977153
1484230691252359169
1484231609335394307
1484233350730731527
1484233643707011083
1484234171044216835
1484235111554076676
1484235254743318528
1484235525078716416
1484237357834547207
1484237469499346944
1484237830964482048
1484237980793548801
1484238619787231232
1484238810162483201
1484238897328578563
1484240653039161344
1484241065561395200
1484241408647217153
1484242010257174530
1484242613792387075
1484244663343140864
1484244848043565064
1484245376408375306
1484245429449461760
1484246217928294400
1484246593888940036
1484248046531657730
1484248299519496192
1484248391731322883
1484248954669879297
1484249418467618817
1484250564036808709
1484250570122829829
1484250637432991748
1484251527866945537
1484252695095480327
1484253219165462533
1484253885426548737
1484254886099185664
1484255220230090753
1484255390095269890
1484257124456747014
1484258233485254657
1484259729236971527
1484260039598637058
1484260426443546631
1484262478485737472
1484262575349157889
1484263199163793409
1484263401803055107
1484264954538741765
1484265842997182465
1484267484870057993
1484268516068888577
1484268632901238788
1484270451832537093
1484271262688063493
1484271702938988548
1484272143848382471
1484272813871484935
1484273455906246658
1484273559346233351
1484273710928437253
1484273977149198336
1484273991011475456
1484274945182081026
1484275361781272583
1484277184000892940
1484277195119943683
1484278917171191819
1484278958891798529
1484279069269237762
1484279477022699521
1484282584125394945
1484282616736059409
1484283559355453442
1484283648451002368
1484283887517933571
1484284725715947529
1484287361055875078
1484288523431780360
1484289413295362058
1484290660597383171
1484291242699726852
1484292621099020302
1484294600219054085
1484435073357209605
1484437157016219650
1484641924392923145
1484642778386771970
1484654670409007109
1484662522091343874
1484676117013405702
1484717848903786496
1484725468469288960
1484744333978865664
1484827744630460416
1484835306947940358
1484847508996116488
1484851319496232960
1484857901315416072
1484898805975818242
1484901884401958919
1484903137706184709
1484905349224280076
1484905495186096131
1484905777550745610
1484908398822969345
1484908790289997825
1484909971288600581
1484912048983187463
1484913374018162692
1484913949313220611
1484918014873120774
1484920504385482771
1484922896615153668
1484923113100005376
1484925257551069185
1484928378474049542
1484930597105643522
1484933448003461120
1484948394216939529
1484970309660942347
1484975932624584708
1484997856700342278
1485151125510627331
1485151405514104832
1485222456029818883
1485311397193994241
1485596636499755009
1485667887939530761
1485670290273320967
1486620782839148544
1486664047441362948
1486668782298931204
1486721374357901312
1486728937526816783
1486841982953701386
1480973906500538379
1480980292412260357
1480982325865426951
1480982349173207042
1480989279564320779
1481072954456756224
1481096051511619585
1481158668808687616
1481174210340872194
1481213352705617922
1481255995225616393
1481650179774181378
1480980717916102666
1480984770817531906
1480989262426394628
1480989350997471232
1481050780207665153
1481062839754362883
1481106122815807488
1480976793368731653
1480976713370718210
1480977343434924034
1480987189135634433
1480975086115069953
1480989377719418888
1480999022903152644
1481062867336146950
1481126126357389312
1480975534922387461
1480976403512258561
1480976517169487874
1480976934603530246
1480978359257423873
1480980853622808580
1480983976777031683
1480989411101790222
1480991652399439879
1480993000381628425
1480998651526799362
1481011117686202370
1481013356614107137
1481025237810565128
1481032487140835328
1481077286816387072
1481118376873414659
1481126156195696642
1481174523798077442
1481254746023473154
1481643505705709570
1481661359230111745