1483908516146720768
1479101731258593282
1479104947111165961
1479105315404611588
1479105347650342914
1479106285316415499
1479109287951495179
1479111782555738115
1479111878106222592
1479111889854472197
1479111893276971010
1479113290076749827
1479115002535579652
1479116882225491972
1479122033485090830
1479122056973221890
1479146492354961410
1479155200623587332
1479174928033370112
1479229408879812608
1479230420046827520
1479246175559733248
1479246439184314374
1479278394554523651
1479283402801037314
1479294075698233346
1479305705450475520
1479320393244504068
1479325310461964290
1479496168623288325
1479508931705774083
1479549069165010944
1479683027227840512
1479686600825061377
1479716288297459713
1479785391313985539
1479827744166928392
1480051715810467845
1480176021802528768
1480302891692929025
1480326762168999936
1480501681095860227
1480505129430396930
1480530490448912389
1480709409034616839
1480714932773539840
1480780756423041026
1480841580034539521
1480847075495526401
1481339776410259475
1479105258420781071
1479105862014681096
1479105916867792896
1479137262562648068
1480051749918756865
1479105887239213071
1479106055883739139
1479106703052324865
1479108104151130113
1479513042555650060
1480821812187611138