1484255481254219776
1484255620178104328
1484257142861443091
1484257947291107331
1484258241194438663
1484260675077783557
1484260745055510534
1484262475520425985
1484263745668927488
1484264700451901442
1484265872776732680
1484271784098766852
1484272884654739462
1484278373157376003
1484279372278562819
1484280148459499521
1484283255813722116
1484283972972593156
1484297474001022976
1484301141315837954
1484301963038760961
1484303226979565571
1484303579699724296
1484323322162651136
1484324253021323270
1484327734167814153
1484343217621331970
1484352340874301444
1484367685538365444
1484384014744100864
1484391676932022275
1484432386658308097
1484531994021154817
1484534481906282498
1484535773059858433
1484546291975737356
1484550485122199554
1484550627657236487
1484552038239322113
1484552248831139843
1484552973237866503
1484555349071962125
1484583114823323651
1484596618825543687
1484626395309522948
1484666164861018113
1484678496966250497
1484682422763540480
1484692940857487362
1484734559761485825
1484742657054167040
1484753943913717761
1484839755850395650
1484880625328742405
1484921363508912133
1484926379108016135
1484997999403143171
1485380818847551491
1486451442487644172
1484676535013412866
1484695664344936448
1484864226355253250
1484879877568286723
1484919434116575235
1484962190234832897
1484264171436974080
1484291223611445254
1484545141494984705
1484552457753608193
1484281517207691265
1484291265369939971