1478903388121219081
1478903831119507459
1478904024124608514
1478904071587303425
1478904253959872515
1478904583430696960
1478905231387750400
1478906884337901575
1478907318158823425
1478908715906437122
1478908843140825098
1478909077531111433
1478909207378288645
1478909326718865411
1478910190347079682
1478911386323402753
1478913716058042373
1478914535310430208
1478915075230498816
1478915422334242816
1478916326399922176
1478918648559456263
1478919042551320577
1478919063766249482
1478919399188873222
1478919825258946560
1478920059712122881
1478923133193228292
1478924777054212100
1478924921971658752
1478931861682503680
1478935859491659779
1478936238757457928
1478936699027832833
1478936897208688641
1478944747603382274
1478944844357775361
1478946100249776130
1478947472147767299
1478948045681086468
1478948534808309760
1478953416655314946
1478955389685223425
1478956024816148481
1478957055625121795
1478957811144871939
1478959861547159552
1478960934487949314
1478964951553392640
1478968402223927298
1478984614488285184
1478985046325448704
1478986088714752001
1479000027636846595
1479036390763601922
1479040605342736384
1479048097988853762
1479054279617007616
1479064226295685122
1479064649152798722
1479066859693645824
1479069976275345410
1479070903866638342
1479074030359613444
1479080946276220929
1479081361675894785
1479081584745664520
1479083567955197956
1479083617561231364
1479084479021039618
1479085515680931840
1479086276246745091
1479091168109551620
1479095072096403459
1479095829038260224
1479098017869303811
1479100709698113537
1479104433308856323
1479104448660066304
1479105291694182401
1479106352026845188
1479111131880849409
1479118030772707335
1479118256925339648
1479120815132057607
1479122226033143810
1479122442865938437
1479127475565199363
1479128248802066443
1479128433150111757
1479134824103395330
1479139189279047683
1479142162809995270
1479142494302445569
1479144016361009156
1479149437897175044
1479150777771999234
1479152027389370372
1479155390986215436
1479187500719616004
1479187514896257025
1479189191514861577
1479190702282137614
1479208461409861650
1479219261100859392
1479234608059330561
1479246950176284674
1479256685579542528
1479287796057743364
1479373912232189952
1479525804178653185
1479992712573161477
1480128124855537667
1480241329758162950
1480531582750498821
1480614659237498891
1480709863181365249
1480712057708240902
1480748720169836546
1481159231520739329
1482944657671786497
1478907209941614592
1478907398639300613
1478907472173805572
1478907521192501249
1478907865092042755
1478908058139041792
1478908189466791941
1478908879752683520
1478909376979259392
1478909413851344899
1478909594026090497
1478909670513389568
1478910455431061505
1478910581293948932
1478910921745391617
1478911059926921221
1478911423954706437
1478911984439595009
1478912129541591047
1478912143441367042
1478912369787117571
1478914391672332289
1478916389767241732
1478917127679754247
1478917320114327552
1478919716148289538
1478919852471422977
1478921402078093312
1478921729703661568
1478922576936280064
1478923454162382855
1478924712562601984
1478924795949596677
1478926527949594626
1478926918732943360
1478927055890923520
1478927667726467074
1478928500463652870
1478929239755960320
1478929402612363268
1478929774118674438
1478930147277524992
1478930952504160257
1478933724830093313
1478933918393016323
1478934161356251137
1478934468186542080
1478934595424894979
1478934671182417923
1478934876330070016
1478935482302181376
1478936472107601920
1478936971904839684
1478939493398896641
1478948574545125379
1478948965420777474
1478955268297957377
1478957231974486016
1478965532149702663
1478979169035894784
1478979882872938498
1478996177378893826
1479037043460112384
1479048782050385925
1479055762865459205
1479063289313181697
1479066086796627969
1479066189389352961
1479069778518097926
1479071962211274752
1479072278549876740
1479077840117288962
1479079744352051203
1479083445812973573
1479083472417439750
1479083515384037377
1479086960740347904
1479087008287014912
1479088361960841218
1479092207311278086
1479115348817309708
1479115678044995590
1479138219308498950
1479144525310349314
1479156980409270273
1479181168914231297
1479248067522035714
1479259115176140803
1479263091019980800
1479309486473072642
1479423356906524673
1479442797375672320
1479455630209519625
1479464274888204293
1479564825097216001
1479582140547276800
1479582955697803266
1479583075805761536
1479665762679861250
1479982464097468424
1480020413086412801
1480452182189088773
1480464248165777412
1480524267796283395
1480542444567642115
1480555595400941575
1480555894706511874
1480559340427919363
1480562819372302336
1480567439494680581
1480567717094739968
1480575175460544519
1480579223450439683
1480590664240971787
1480593079396708354
1480595979229446144
1480598979398098951
1480610043066208262
1480637181626654720
1480641671482068993
1480687252221173762
1480694021316136965
1480709563334676481
1480714089362255874
1480764263090298882
1480851350879678467
1481098382428938240
1481307521654661124
1483149540773400578
1484176953368137736