1486368622586982401
1486368627880341508
1486368750484045824
1486369460525150209
1486370499688996865
1486370769609244678
1486370783031144452
1486371629282193409
1486372746560950272
1486373008365129729
1486373067345518592
1486373122450333701
1486373127898550272
1486374058618982404
1486375576084619266
1486375853516857345
1486376501167767557
1486377715724951561
1486377746280304642
1486378205997109256
1486380094948098053
1486381432528379905
1486382887004000256
1486383104143020034
1486383798124265472
1486385217229238279
1486386653748891648
1486388843196596233
1486390893884100619
1486390910271303680
1486392064258494465
1486393972742406154
1486395272284491776
1486398494915309569
1486398686796075018
1486398764029939716
1486399882197827586
1486403457439473668
1486403622325870592
1486404979564978184
1486405077229309964
1486405797932318722
1486405835202904065
1486406299835379715
1486408020661784579
1486408035534716931
1486410992712040455
1486411414415855617
1486411776598155267
1486411969213177857
1486412554549215235
1486413255421665281
1486413465040400389
1486417120057597952
1486423660311285763
1486426964063891465
1486445145537093632
1486447839358361600
1486452406078500864
1486454977174380544
1486459710110933004
1486460465836445697
1486497955309920258
1486512648707530754
1486514341075693571
1486514970342871043
1486528863526129664
1486540859147440130
1486570602810863621
1486610121719529474
1486666627525525514
1486680177610473477
1486680337258369031
1486713880373915652
1486744817962913794
1486755106418675715
1486765222459318278
1486770286494031872
1486812299344162818
1486814681905856513
1486942039434477571
1487422206913265667
1487799088762531842