1483847097162113036
1483847129516756993
1483847410484928515
1483847621353607177
1483847813540810752
1483847884667867142
1483848273484034054
1483849095974326274
1483849863678730242
1483851096137207808
1483852386166722560
1483853886997864448
1483856094023749633
1483856952719740928
1483859860080971776
1483863608941502464
1483867783116976129
1483868850512965640
1483872067166425090
1483874228411588610
1483874487951310848
1483875815599181826
1483885211548979200
1483894943563370496
1483900805807845377
1483900955850510336
1483901817234804738
1483908666927501327
1483912741962366976
1483917009075290116
1483918256821919753
1483921903723110406
1483930932025315335
1483931258799415310
1483968535772774405
1483976159868162048
1483976413527085057
1484004874513747968
1484006923099856904
1484015273506127874
1484073259645779978
1484088137966051329
1484181684836839424
1484182182063226881
1484184738919239680
1484188360931524609
1484222416138104833
1484234689997160449
1484255370591801355
1484290323329265669
1484298011203325952
1484374310449934340
1484392911240417283
1484427020549468161
1484430153992355840
1484487484197199874
1484490044865978369
1484628761043779591
1484881561782611971
1483848273785991178
1483850648529608710
1483854995241914370
1483875756723875843