1482931865250156545
1482932282965073925
1482932296240017408
1482934214492233730
1482934977692160008
1482935630510264322
1482936819968843779
1482936935228260354
1482937251730448386
1482947545051635721
1482950369122660353
1482951594711093249
1482951752420835334
1482962649809924096
1482964515289505793
1482966937449730050
1482968268365258754
1482980613284114433
1482986449351888896
1482989077490286594
1482998461544886272
1482999702329114624
1482999729864667136
1483000469307805697
1483069111374544901
1483074899166081024
1483084410895355910
1483095475284709376
1483110532265570306
1483126208149995522
1483133902134915077
1483231631108358146