1481337096010932226
1481526729403469831
1481333300081819651
1481333512162529283
1481333599987113984
1481333856594808832
1481334021783273474
1481334093099020291
1481334415884050433
1481334954852241409
1481335039036174342
1481335054022316033
1481335127569584136
1481335140701904898
1481335168354897921
1481335989020856321
1481336188451631107
1481337416371867649
1481337445845188613
1481337568482447362
1481338327907246083
1481338559306948611
1481339007091056653
1481339930706157568
1481340235141107714
1481343896907100169
1481344246191988736
1481344373312966662
1481344416447180806
1481345266464681985
1481346992127164419
1481349247417073664
1481350033186430982
1481350366553907211
1481357523097636870
1481366148788723717
1481373891796746240
1481384120211034112
1481393604035702786
1481394752041934852
1481404197329383425
1481408272917614593
1481433274144768001
1481441107246465024
1481441826556891138
1481454339768074240
1481464081278197765
1481468239913881602
1481487114902593537
1481488894495367170
1481494573578952705
1481525412077314049
1481526556254097409
1481536633740697605
1481584708194807809
1481584743867199495
1481590729864531971
1481592777225883652
1481627436509024258
1481627460261523461
1481628036940406784
1481628531297767429
1481637495343235077
1481640352213659653
1481649690231799809
1481650041353736196
1481664301249171457
1481669392773656579
1481678092028584002
1481695154784378880
1481698287908528132
1481703026696069127
1481722479043354636
1481765284319055873
1481772038327087104
1481834672510447616
1481871913018404864
1481915194796298242
1481969804047265796
1481983564312891395
1482011237890555905
1482014843490037761
1482030926607568898
1482033123596533760
1482063600848150534
1482319586510790659
1482556070862237698
1482694054244671488
1483174607804899337
1483458913920073741
1483459253402845184
1483614320881766402
1483785525072961543
1484010828638883841
1484330411610103819