1479186248321404928
1479186311672172550
1479186398758555653
1479186445403365384
1479187134221365250
1479187565391622154
1479188321645518854
1479188650625798145
1479191238679183363
1479191260078477323
1479192364816162821
1479194178294890504
1479194542469431296
1479200019026563073
1479206816001277954
1479217396846059527
1479221597924126723
1479229274242625538
1479229351912779776
1479239367986085888
1479240324551741441
1479241618746224647
1479244823693570050
1479251513226706944
1479282820501716992
1479301056442114049
1479305589452849153
1479322962025062400
1479350715596169217
1479362321071980546
1479382498819952640
1479410030655033344
1479412616166473730
1479417386755371010
1479422291700240389
1479423180137807882
1479452009099149316
1479454311402909706
1479455166042710016
1479456143919534086
1479469675973156873
1479486075622105088
1479486344254603266
1479506062126448640
1479544091927060493
1479571129346015236
1479605142194466816
1479718442336989184
1479887156411875328
1479929401328427009
1479929476947582977
1479932995331141633
1480215679873728516
1480226796318691329
1480276721689628684
1480302703272153093
1480501532219039750
1481057642416152576
1481159086519373827
1481243379874807811
1479186986183192576
1479187658303750145
1479187985430204422
1479188116225372160
1479190403475771399
1479191303741132808
1479191322015813636
1479191399836827655
1479192993018093575
1479193055756386308
1479195168494563328
1479195265022185487
1479197588381487110
1479198630770708480
1479202454612942852
1479203280764882945
1479213679287619589
1479221794762641419
1479225110259249157
1479226936769585156
1479229372645232640
1479233074047385602
1479233226820530177
1479240259259056130
1479256799006109700
1479297799757905926
1479304902635667458
1479307822500306946
1479340287767969796
1479348442497384451
1479362323945037825
1479409134596407296
1479437262748536832
1479437762361278465
1479451215629062147
1479458072540155905
1479459079361908742
1479469547182776327
1479488508037369858
1479499042036068352
1479505115543334916
1479505704176480256
1479574981877108739
1479593638803894274
1479682065687740417
1479718723850326018
1479825618632065033
1479856353560731648
1479913452030283776
1479921628683411458
1479927649589993480
1479927671165444100
1480127016489742337
1480166623613157377
1480203918781165575
1480331737293012996
1480493781413613570
1480563326342115335
1481057396910927876
1481159108162031616
1481707746877599745