1486403361687552000
1486403589203542023
1486403678361772042
1486403706459500551
1486403784859394055
1486404006507339776
1486404085259517953
1486405605002821632
1486405669016281092
1486405732543053826
1486406557374029828
1486407182484709380
1486407370297069568
1486407705422139399
1486407900738117632
1486408231907962887
1486408239143133184
1486408266058027017
1486411062463270912
1486411194583896067
1486411760513044480
1486411795287969796
1486414128008753152
1486414692427911169
1486415408253087747
1486415467153604612
1486416465930686470
1486416584184901636
1486416851018174466
1486420947405996034
1486446534388781056
1486447645052878851
1486449849348550657
1486458675430670343
1486470757773463553
1486482562176503817
1486496033680998402
1486537324200607746
1486610126895292416
1486711758735622150
1486712640067956740
1486766775912087553
1486797241440423941
1486837670064148481
1486882445576351744
1486980382062825472
1487057168151064580