1479483724769202184
1479483734558711816
1479483774547152898
1479484021713383431
1479484104093888517
1479484163304607746
1479484189171142658
1479484320184246272
1479484552846483460
1479484704109826062
1479484764268765186
1479484836070842370
1479484925061513223
1479485235263946756
1479486034580754440
1479486289229529092
1479486623586963466
1479488141903998983
1479488301442768896
1479488662127718405
1479488913802551296
1479488954495864834
1479489504021032963
1479491061672255489
1479492011686305792
1479492017235316740
1479492994021695494
1479493064821547010
1479493437758099459
1479494223368015877
1479496338891018243
1479496527995355138
1479496680579993606
1479496785706033155
1479501777313665024
1479505027324694533
1479505986952040456
1479508370717560834
1479508569368244230
1479513410316521473
1479515891729514497
1479515996482424841
1479517908451545091
1479522441135337474
1479522666864263168
1479524141707497481
1479529797407629318
1479532212022304769
1479534648879419400
1479537197699432448
1479538490002087937
1479540497974583296
1479568743625891848
1479576972997111817
1479584101233532932
1479589106753679363
1479600717883006981
1479613610011807754
1479617364404715524
1479634206661562370
1479634778991349761
1479636342191628289
1479644504760143872
1479654963793985545
1479724670995861504
1479741839620124673
1479750253586886660
1479761565385691136
1479762222540857344
1479808958336487427
1479826664481701888
1479829138634596356
1480215557785853958
1480248114439147523
1480249298277347331
1480255523970760707
1480283378175950848
1480595494938169344
1480673405150150656
1480696230204301312
1480722185144745988
1480902646965751810
1481159041921421313
1481656854971301889
1479569155116437506
1479493321093529611
1479550671149953026
1479724845516693505
1479811831690629124
1480345812458635264
1479498304845193220
1479498378060967938
1479500744113987592
1479502693181931523
1479504021757075459
1479504423168749569
1479504840724258816
1479505207486599168
1479506808339374082
1479507489133457408
1479512404748759043
1479513658258382851
1479516126459617283
1479530289315696644
1479532254846234626
1479545728263409664
1479545778410565654
1479546176001167362
1479553436760817671
1479554841370370062
1479559537296355330
1479561658662068227
1479563115029139457
1479564698626441221
1479567545761947653
1479573082339635200
1479574615068397568
1479576764951244803
1479589779566116864
1479591711080910848
1479598598123892739
1479603314757144576
1479606249402646529
1479606336061153282
1479611092976480259
1479614002678407177
1479622367047528451
1479622861660860420
1479647182634561543
1479653731398569986
1479654490433273857
1479656956851900418
1479657626912841729
1479658076559052803
1479658466553864195
1479660933018374144
1479690701709656065
1479707635108573188
1479707903879692296
1479708481322201091
1479708898735140864
1479829012251770889
1479832768485994498
1479836560585539584
1479850055410634761
1479886692135976966
1479893440439767040
1479905926152921091
1479907769339682816
1479919250114592771
1480130379491299330
1480156842026311682
1480157920960688134
1480170658936074240
1480189032101552129
1480194740717035523
1480214587383246852
1480226624582963211
1480249014331359232
1480259316460314628
1480272876154597385
1480277024866553863
1480279490211336196
1480296896220606476
1480306378786942982
1480310167837286405
1480326413681111041
1480352407745880070
1480449924080746497
1480501890744037377
1480521196827521024
1480531581039226887
1480581644230791168
1480687568190685192
1480708989528821762
1480784669067124740
1480859443361292290
1480895320510844931
1480902770911858694
1480903276698783747
1480987868113813506
1481025554283479042
1481057419807571972
1481059735780667392
1481061768772595713
1481072299746992128
1481268416442998789
1481340192619442183
1481411613127237640