1485357807314432001
1485484090627293184
1485493116492673026
1485300971450343436
1485300990089781251
1485301361482764288
1485318874190995464
1485325240750297090
1485329266371969027
1485336506407559170
1485357590527631360
1485364204949450754
1485369963573649415
1485370492961923072
1485370745014345735
1485388364769419264
1485410342406660098
1485410944100581377
1485434065847296004
1485456517579304962
1485468980869484549
1485584750530252802
1485616607544197126
1485620571203411980
1485626339411607553
1485628105628827655
1485628821814579200
1485632589721481220
1485641230629416964
1485647439856087046
1485657719440769024
1485657885963137030
1485660830867902470
1485667370446249991
1485668880563453952
1485672992831123466
1485681082309627904
1485685069545197571
1485685241314480129
1485726731692609543
1485731167273893891
1485758130533326848
1485780902009528320
1485795964422086659
1485800232470331395
1485803684822806529
1485809259757518848
1485810636407943170
1485816267110035461
1485819061531398144
1485819151541284864
1485822462021423106
1485823562330034184
1485825184137453570
1485825580125724672
1485825636333719556
1485825806572138500
1485825992073617409
1485834859251736576
1485864770938933248
1485877249182212098
1485904335326298115
1485937668651368453
1485951864940158979
1485970244116090880
1485970300521099265
1485980574330368004
1485982843771703299
1485995455066615808
1485997207748857864
1486004553384284160
1486007624931807233
1486012027055312896
1486019574516658188
1486023004979019779
1486025838780768257
1486043562374537217
1486062043794976771
1486065431446237186
1486067286498856970
1486072586085838849
1486140750257606660
1486173159338524674
1486174308766474241
1486204063331065856
1486204829814996992
1486285055941095431
1486882400307224577
1488142518743351299