1488271837205188611
1488272154873393152
1488273260600958977
1488274213102362625
1488274698311897092
1488276514470694912
1488277365000077313
1488279274091999233
1488279361279037440
1488280302514589696
1488280711232733184
1488284238021545986
1488288015420059648
1488288530384273411
1488291770685341700
1488293539251466241
1488295008839122948
1488296568751013889
1488297788324601857
1488306322290454534
1488306331220066309
1488309203697500160
1488309497651073026
1488310100817240074
1488311099602522112
1488314647413407755
1488320714885111812
1488321732683440131
1488324878096818179
1488333095988256776
1488337372320309258
1488341713085030400
1488346218115715074
1488354667641950210
1488366800303804420
1488377270188208130
1488399227810037761
1488404578848673792
1488422094400544769