1487093520863305730
1487093619890610177
1487093870617899011
1487093950741684224
1487094507137081351
1487094866534404101
1487095160433487872
1487095779965681668
1487096135776886785
1487096907100999684
1487097649392062471
1487098461891801090
1487099130342252547
1487100250443628544
1487102581205872644
1487103339133349891
1487104693524439043
1487104926383755264
1487108942815760385
1487109453082083330
1487116344139075588
1487143324679028741
1487146380657311753
1487157142478110722
1487172376995323905
1487189193029791749
1487195920974290947
1487204325319393291
1487307016611586051
1487334866496720899
1487656454081318914
1487412575730118659
1487286252181229570
1487145412502904841
1487147258906873865
1487151664800878595
1487160036845670402
1487322974613037060
1487335170848006144