1486427503510052869
1486427793365749760
1486428138846539780
1486430340608634887
1486431011772764164
1486432123833618433
1486435786992107521
1486437318554755073
1486441835895660544
1486442228243386374
1486444297817833484
1486446690169204738
1486453579594432513
1486459710303875080
1486461788476653569
1486474951674769408
1486497479021502467
1486502484822605827
1486506341652832259
1486510969668837380
1486514891171246083
1486578810103296006
1486587754582450176
1486590062133276676
1486593109035155458
1486601595542388736
1486603847267078149
1486727657307791360
1486731472660615171
1486764173623242756
1486785859047370754
1486786563853934593
1486808070210609155
1486941468459687936
1486948506279432195
1486995160177152002
1487153139350654977
1487154312912400384
1487158862247768064
1487248448185270278
1487439167130845184
1487784544069632006
1487784605323350020
1487860008935120901
1488336852390088704