1478501841499475970
1478900155407601666
1479091880012890112
1478916314379038720
1478482654878072833
1478482720288296967
1478483460960313346
1478483829820211205
1478484305500270592
1478484380267921408
1478486221345239046
1478486336684265477
1478486696568176654
1478487216338833411
1478487361268813826
1478488061579186176
1478488318572642305
1478488613364985858
1478488830886002690
1478488991976411138
1478489325587374085
1478489379823882240
1478491386244653057
1478491954627424257
1478493105921740802
1478493928869539841
1478495028364386307
1478495191589961738
1478496377315414016
1478499329681862656
1478499940716453899
1478501342691958786
1478508733906964481
1478511848169390084
1478511978784202759
1478513503065546756
1478513920059093000
1478517594462244866
1478519365985263618
1478522511084167168
1478525641288916993
1478528645106831362
1478539807622115329
1478542716589858819
1478545793393078277
1478546249796173831
1478551683294982146
1478553621977772033
1478564493277937664
1478565175519293442
1478567031054249984
1478584321397207041
1478590450961420288
1478591538405982218
1478600724032495618
1478611595706224642
1478621308640448513
1478635850095235072
1478637637812506628
1478694815994814465
1478698577895567362
1478700203976835082
1478700401654484993
1478716476140011521
1478717490779799560
1478719177087242246
1478723857867591683
1478727991576481792
1478728278471028740
1478731565018624006
1478731871978758145
1478741757428916225
1478742621983895552
1478744247998160896
1478747649419268096
1478750480620732418
1478755764957237251
1478771738687115264
1478782608687439885
1478791967278612485
1478807589513216005
1478929449156415488
1478937352542343173
1478975575314382852
1479098850904264705
1479140711001903111
1479290819714502661
1479369201529675779
1479370609083576321
1479373355673264128
1479480563778129921
1479682456890449920
1479831029250723842
1480183810398605319
1481159394804916224
1482857183196979200