1484619262371237893
1484656805183737857
1484665942135099392
1484685416016056320
1484738107618775045
1484741412545466368
1484862326427852803
1484862908899155969
1485292811767455749
1484636008947793925
1484665902474080257
1484862878289219586
1485104862115336192
1485476298030039041
1485476947803181058
1486042266963742720
1486475207426678789
1486906797839499267
1484666794136666113
1487018250101788678
1484625579731263496
1484625995302903814
1484626187632656389
1484629462683631621
1484632078222336002
1484632309034848265
1484634586969776129
1484636024210812928
1484637982132895744
1484642803221155842
1484644117204414470
1484645729016729602
1484648047216898052
1484651610361847809
1484653760764862470
1484655248274870276
1484659270557839360
1484659569548800000
1484659770825056261
1484666357685780480
1484671395443445760
1484673961787117569
1484688210089459712
1484698051671379975
1484717847318253570
1484718229071310849
1484736261281701888
1484748574122463233
1484751255394205699
1484758259944898564
1484762729835499524
1484765572046864385
1484782028713336837
1484845405850509313
1484853708701806595
1484862605801963524
1484870774100045825
1484907333264109568
1484925414111957001
1484953504082976768
1484984979096432640
1485021100769792002
1485046374886371329
1485168181333221377
1485257688774856705
1485352458901729284
1485476142131949572
1485586028119347205
1485588003003195395
1485610411512807428
1485610853424640000
1485822213374676992
1485845024109649922
1486027377654255617
1484632131057950721
1484654103787618310
1485670321088774145
1484632183436414977
1484666392808857602
1484690111057076225
1484716886478757891
1484728567825059844
1484744659113025540
1484828719101276162
1484829758156206084
1484831070306529281
1484839600036012032
1484862633446678531
1484893106558361603
1484925484135813123
1485080590810501125
1485586060964945921
1485843069047959552
1486870224590843908
1486870730855833606
1486871152001748994
1487790210809278467
1484626334600949763
1484628231336701954
1484632223139704834
1484664771374985221
1484666472374759425
1484684264809504770
1484758422570553345
1484780533246619653
1484803077303455745
1484818462505644033
1484988409898848264
1485418315069677573
1485611276915118082
1485611540724301833
1487171847191945228