1479197815012302858
1479197922273210371
1479198121221660674
1479198659464122372
1479199167457202186
1479199350031101957
1479203730830491648
1479206406137925632
1479211975817191432
1479214494043840515
1479219250225192960
1479219866259312646
1479219889910996993
1479222774082199556
1479225084401307650
1479225181210136577
1479225838851837956
1479229328412061701
1479240051372429314
1479240065134084100
1479240630832451586
1479241803450785793
1479244047826968579
1479244383165706247
1479244403973795844
1479246076485984258
1479246319466258432
1479248990327783424
1479250786777509890
1479252156892864515
1479252385545408514
1479255070441029634
1479280660674379778
1479286236204486657
1479291700807757826
1479297918163169280
1479362325899628544
1479364929014673409
1479388216469823491
1479397610234560518
1479405075260977152
1479422560655785989
1479445724119011328
1479446357785989121
1479448715245101056
1479449202451169280
1479452982081171457
1479454749133004801
1479467079380131844
1479468212622348292
1479471253438218241
1479475094372167683
1479479667484774400
1479479778323357697
1479480395930472453
1479559740191649793
1479584225980563465
1479599958865104897
1479787794583064578
1479801212828622850
1479824973841592327
1479927583420690436
1479927604639584259
1480050895844958211
1480170625847209984
1480526074861735940
1480563259249934337
1480592751511146499
1481035590179213318
1481159060388859904