1487184769188122624
1487185202719907846
1487186113328558081
1487186151995850756
1487189326547062790
1487190956172615681
1487192318688038917
1487199234797588480
1487206440460709890
1487207930533404674
1487216647957987329
1487224057795862530
1487244311632744453
1487246152483356674
1487253462773547009
1487262252755341312
1487285952246693890
1487310495900127232
1487334905637916673
1487336293667274752
1487352471114633217
1487382375273320453
1487384950026481667
1487396659646640128
1487429571670523907
1487457951669538826
1487474990090010637
1487552200436027402
1487561226494398465
1487598586451824641
1487650341457903619
1487738913426968578
1487801163244195840
1487808164649123843
1487810425584508932
1487877994718720002
1488004506591711233
1488119228980944897
1488134223907016709
1488196457693913088
1488367431022166018