1479499002156441604
1479499113888628739
1479499715183984642
1479500842843660288
1479500940055130113
1479503031989411847
1479504909951291396
1479505017061183488
1479505496075870214
1479506008154288132
1479508810427510786
1479511925008613376
1479513688449208327
1479514746101526528
1479514798354276356
1479515384969678860
1479515606386892806
1479515783185186816
1479516138581155844
1479517525729845255
1479518161678520321
1479518799745404928
1479521667726589952
1479526239769702400
1479527358919057411
1479535429414227988
1479535451618824204
1479553043687481354
1479563452435808259
1479564096555081735
1479573303828246528
1479615826395291649
1479724680076476417
1479820556560179203
1480000744602353670
1480214351760048130
1480255342571315202
1480378561705951235
1481158996102823937
1486383452039565314
1486384628726484999
1486392538843996165
1486683721835163648
1480630095467405317
1480655591924289537
1482504703342780416
1479515678793162758