1483897021643702274
1484026426068283397
1484291475554938888
1484572683434139652
1483909817542451205
1484291508245250049
1483896867184250882
1483896914995474432
1483897376200802304
1483897590013911045
1483898886724988934
1483902297872773136
1483903345475551232
1483905954185977865
1483921485701943296
1483936289678368773
1483946336449806336
1483979932850171910
1484022378841534464
1484054208555155456
1484178723758919680
1484187529192558592
1484208650273050629
1484221621254688783
1484268993074499584
1484297813362200579
1484535120145039371