1488251491962040328
1488251981345001487
1488252421201698821
1488252501807751173
1488252882541555716
1488254459285233672
1488254832293068801
1488255181708013578
1488256022959603712
1488258358012436491
1488258610182373378
1488258980472365056
1488260315896848386
1488262212619751429
1488262265761456128
1488263048074649600
1488263062364823557
1488267604989198337
1488269845753851904
1488277770279211008
1488284261966827525
1488310829246296072
1488311428184481796
1488311630173806594
1488321790829080581
1488350228386361347
1488350507273969665
1488351233601585155
1488354038844428291
1488366893425729537
1488368731126390784
1488386344103600129
1488422092664152064