1486390332472188933
1487078785845370888
1487423509475172352
1486393382511521793
1486393857235464197
1486393942891503616
1486393962927693824
1486394058469785602
1486394311323402253
1486394425454563332
1486394660964687876
1486395019221250055
1486395225761148929
1486395727651639299
1486395766826491905
1486395925060804612
1486396507301597184
1486397019585318912
1486397044025659392
1486397062954590212
1486397208694071302
1486397216029872130
1486397668142329858
1486398361662115845
1486399277270192132
1486399628354408449
1486399938275643394
1486400007901257733
1486400291872382978
1486403951759134730
1486403986156662784
1486404340298440707
1486404367443968001
1486404418358677512
1486404444141015042
1486405965117366276
1486406165642813444
1486406861062643715
1486407227464462339
1486410836826464259
1486413376490475520
1486416857565474817
1486417347191713800
1486427206163304451
1486429652180783104
1486431661650853894
1486439326854565892
1486440001672028163
1486453914899779588
1486453938849263625
1486454386347823105
1486457213124329472
1486459768235610116
1486462777711595521
1486464291884654598
1486492176385204224
1486493588456452098
1486493768819818498
1486511542669651971
1486526938701185027
1486528463372759040
1486571043821031425
1486571447283699715
1486670796667899907
1486682339954413569
1486711161718378506
1486734866536353798
1486746300439740418
1486781597714104322
1486795559583293443
1486836797170761729
1486860325462978562
1486875410587656195
1486899723365715976
1486927103274762246
1487045267593613312
1487121086102011906
1487155513959882756
1487159111796019205
1487165662069936131
1487181136694501380
1487283947767799810
1487365342540271616
1487420042090319872
1487429052046536704
1487446224131219460
1487508162919940102
1487520101716795392
1487522256351907840
1487522342137909249
1487525010256412679
1487531280908566538
1487544068355895309
1487544094494949376
1487587873549430786
1487595382280540164
1487609753408839690
1487632041126821888
1487829807215878154
1487913631865991169
1488113795943776257
1488220370763231233
1488270865448210434
1488270908813090816
1488278240099659780
1488284003618762763
1488284029996707841
1486453307254132744