1483935813456961536
1483936204798283778
1483936994623467526
1483941020278542337
1483954872768778245
1483954898966355971
1483968551568482309
1484013548443680774
1484107785923178497
1484181694542454784
1484193181914783745
1484237743370780674
1484252198989189121
1484297731162132483
1484534860739981313
1483936235253080070
1483936443999342595
1483937017767550976
1483953501457821699
1483956841642016768
1483989900638760962
1484107830961582083
1484195963627397124
1484196295086682114
1484196454424010756
1484221513859579909
1484628345262325767
1484175462083579904
1484237482212352000