1486763649972768769
1486763711696039937
1486763790288842753
1486763984430710791
1486764203754995712
1486764302686060547
1486764388820393992
1486764451781091337
1486764749157113856
1486765044339728391
1486765189374824450
1486765263122886657
1486765399446147077
1486766055980630018
1486766555350200322
1486767064585060353
1486767380399374341
1486767665083342851
1486768408414736389
1486768569241198592
1486769888903385088
1486771662259466241
1486772192918614017
1486772474805161990
1486772661459951618
1486772895246389257
1486773478661447683
1486773948901728258
1486774263285755906
1486775117241888784
1486775538614247436
1486775692629094409
1486777393490579466
1486777525443440644
1486777906651144199
1486778305135079425
1486778751350456321
1486780042956914705
1486783419103289346
1486785260847345671
1486790075203600384
1486790181579591680
1486791814300545029
1486794735226265608
1486796123289305092
1486801982752903169
1486803083489206273
1486803337647378434
1486809177477550086
1486811516284256258
1486816082019053569
1486816439772274689
1486826807282348033
1486829225327960068
1486829639007817731
1486835293084962817
1486835315599978496
1486836769039405057
1486837849827811333
1486838368969310210
1486841218877296646
1486841228884942855
1486848451111444482
1486849557514407937
1486856361027649537
1486860310707257344
1486868812934828035
1486870963253915648
1486873866261696513
1486877404026966021
1486895588624977922
1486897467903954945
1486907898038997004
1486924834109943811
1486930973996589057
1486932719724548098
1486973660594421764
1486982425628401664
1487023778462797828
1487057307435520001
1487057507336048648
1487063248910311424
1487072163186233354
1487073072544817161
1487088527468814337
1487141620722147329
1487142255760662532
1487142638792888322
1487162580535857156
1487172831951605763
1487202618862489604
1487242861280210944
1487293016314466305
1487347648965189636
1487415991919427585
1487421629588287489
1487476589453578241
1487509074367463434
1487510140051984396
1487524475172270080
1487563587241472002
1487566734315999232
1487610517145505792
1487801348703723520
1487870873314942978
1487890451671633922
1488167133624295431
1486766437385580554
1486766562975490054
1486771674209042432
1486791162933518342
1486973662477623300