1484203764236136455
1484221234791526401
1484425954336378882
1484467140606496769
1484475632948060160
1484507992359944199
1484566093146509323
1484578990857887748
1484635587122499586
1484650562754859009
1484818633993949186
1484921683546980357
1484935607759654916
1484945175990476801
1484978106859499520
1485003655334006788
1485180844696350720
1485199384195309578
1485210219600830467
1485285940511887361
1485349745287733248
1485363666228756484
1485365292511420419
1485375184911618048
1485467524816904195
1485543022842556419
1485543565577048067
1485571115762307075
1485733464116768769
1485762801524264965
1485887935929286658
1486091151375486988
1486093064489869312
1486095856470274056