1481295070334697478
1481295188727369732
1481303633870344196
1481295367941595136
1481295458685407234
1481295939902058496
1481536948934168576
1481295559084453895
1481295776206761992
1481308882605645824
1481536954139398145
1481647601217081344
1481295715741716490
1481296013067493377
1481304226231955469
1481411186424008707
1481536959847845895
1483196465652633600
1481295905580015620
1481301533224493059
1481536965270982656
1481297030014472195
1481307868842401796
1481308271617228801
1481536970585223176
1481369048868958208
1481296526873960449
1481296876615962635
1481301660114862084
1481536992307552257
1481792682246787072
1481297007465615366
1481297185748787203
1481298212896100362
1481537006786203648
1481298044826288129
1481650202826080260
1481302059387432964
1481302179285803010
1481302214253723653
1481302649978957830
1481302706547351558
1481303734441361412
1481304693443858436
1481304778147778564
1481304859659968514
1481305202078670858
1481305581776302082
1481305714270244865
1481306810497777664
1481308316324311051
1481308394816299011
1481308530766487573
1481308992672440322
1481309447104434177
1481309982440275972
1481310596532482048
1481310693727125508
1481310783363596288
1481312002588958726
1481313938318843906
1481314020250501121
1481314122956521474
1481314127859666946
1481314488175382528
1481315037885054976
1481315584063250433
1481316111249514501
1481317909188288517
1481321512950845441
1481321819558887426
1481323093675196421
1481329665604206598
1481329864397377539
1481330402157543429
1481332351435218948
1481333173074206724
1481333354003795973
1481333945916530688
1481338242314252289
1481339828826361858
1481346177597681668
1481349227976577025
1481350271188054019
1481353064175054853
1481354161639862276
1481354242174513154
1481356776847167490
1481357441757548545
1481361748779274243
1481362052048424960
1481368688594980866
1481373299301093382
1481374512474116097
1481380781872357377
1481394572093652994
1481400080011862024
1481402396924203009
1481411996159406080
1481412554912108548
1481412589754236929
1481414460166180864
1481417943468560385
1481425448471040000
1481427325967286273
1481452669709561856
1481454101561061379
1481460720734715910
1481467383730810884
1481489933923753984
1481491055400955904
1481516271967653888
1481551605107281921
1481566373235118080
1481571420882747393
1481586682650578947
1481586708915408897
1481605119909273600
1481608877225435136
1481619036949655555
1481651579585327109
1481654758356045830
1481688005178011657
1481775346055798787
1481792653553455113
1482019380556967936
1482303048412188675
1483477306744217600
1481329089004785665
1481405940704415746
1481435888135589897
1481606401554329600