1483576494047834116
1483576524993404931
1483576593876496388
1483576710020964354
1483577057401618432
1483577104411369474
1483577424193409027
1483577582578765824
1483577607815938048
1483577682470195200
1483577784983187461
1483578082707615745
1483578125241966593
1483578287595085826
1483578661148278785
1483578817297932290
1483578943907184645
1483579162921218050
1483579165983055874
1483579432929579010
1483579452688932865
1483579728967708682
1483579753021984769
1483579992487256066
1483580410583990274
1483580536211877889
1483580827934072833
1483580894904471552
1483581127054946305
1483581366780370946
1483582854802153472
1483582996640788480
1483583401940733952
1483583697412628488
1483584012136464385
1483585687282757638
1483585722002984960
1483586838233108480
1483586907095408643
1483588048747220995
1483588250002284551
1483588358836142085
1483588434027597830
1483588592303845380
1483589013281849346
1483589399531044865
1483589546528886786
1483589614732341249
1483590173963141121
1483594044831850501
1483594352077438977
1483594822808064001
1483594920644558855
1483595534162141192
1483595588012806150
1483596460218368003
1483597695172362243
1483600580421599236
1483600915957309450
1483601591232045061
1483603401384640514
1483605243120214024
1483605599027822594
1483606200281223171
1483608183469973510
1483609421787787264
1483609483838308354
1483612096562614273
1483612634935181319
1483613169578770434
1483615128989802496
1483616017855176704
1483618865124974602
1483620370720911360
1483620462395600899
1483621095496425472
1483621630014521344
1483621899603222532
1483630799387779073
1483635180724109314
1483638121795227649
1483640134830628865
1483642156833439745
1483642509867851780
1483642852945051651
1483644271223873536
1483644738171379714
1483648388264435714
1483657121845628930
1483671752240680961
1483673494298808326
1483678585634369539
1483695915232034819
1483750127718313988
1483753352101982209
1483771252405850115
1483783806163296256
1483784914436870146
1483785272269619201
1483792818330083333
1483810754230902794
1483814021610577925
1483815005908779016
1483826193157988353
1483826700597276679
1483827020396220418
1483833142498795522
1483835754711326723
1483841413066416134
1483843146350010370
1483843445538107393
1483845278872576010
1483845896303382534
1483849561005338625
1483851750821949444
1483864714195222530
1483874472776155141
1483876945767145475
1483888249458278406
1483888550802337803
1483888756155367426
1483891722371407874
1483895209708912640
1483905752301547521
1483905958438973446
1483906249469136896
1483921257980698625
1483930055164186624
1483935633928298498
1483937091058864130
1483937229395402752
1483937911552753672
1483939488430792705
1483941452799524881
1483960137622634496
1483967712695042050
1483968855248711680
1483988179069935624
1484007368346279936
1484013984709627908
1484018918507356165
1484037950962913280
1484105304195448836
1484112907520589824
1484138043338596353
1484144541213106182
1484171570159435781
1484182130284507136
1484183832777662464
1484189125632618498
1484212619850436613
1484241112122413057
1484243274458091521
1484244049230016517
1484275613628174337
1484309226453610496
1484321815870640139
1484347880852713474
1484356786400350211
1484367387071713280
1484447603735425025
1484498103705161734
1484500244939390976
1484500605313982468
1484501317229985799
1484522675989008386
1484550001720279040
1484552504809566210
1484555739238653952
1484588308294373376
1484609579614883840
1484633380813774849
1484666579845484544
1484758702217478145
1484765660131446784
1484881784756072454
1484987235594289158
1485124305260212224