1486082881369825291
1486097161146310656
1486164522444353539
1486367547004014595
1486448980602986500
1486453181978755072
1486487774786170881
1486085421436006400
1486101752168566784
1486122241226067973
1486125094229450757
1486168297632505858
1486299660440731650
1486346154094874633
1486421405965197321
1486433408867729408
1486442617785110530
1486449847767080974
1486450188264910853
1486453267961942016
1486453407712006149
1486094080723587080
1486094275968339969
1486094355903303680
1486094389218791429
1486094398471421961
1486094851514900482
1486094908951650307
1486095427258753027
1486095482048823296
1486095663091920898
1486097280327421958
1486097465577193473
1486097797359312902
1486098652955349000
1486098812993114114
1486099178614759424
1486099486401347588
1486100115635023877
1486104476494688257
1486105687600279552
1486110286373261312
1486111169999949825
1486116454726516737
1486117525893038081
1486119532930469892
1486131928646492165
1486134944133185538
1486136399816503296
1486152664937541633
1486154999453392903
1486169177232609284
1486178896651378690
1486181956605915138
1486213304229892097
1486220039627882503
1486247598637961220
1486255486932598786
1486255900247707648
1486273290406699011
1486293706571489280
1486294310966505477
1486329771873165317
1486339906091769857
1486344452989927433
1486367028474695687
1486367429878067202
1486373368622465032
1486398801426665473
1486407167985000450
1486407294124544003
1486411369482113025