1485734422141980678
1485735233991282690
1485735334822522882
1485735685596188672
1485735708413382661
1485735822183727105
1485736153923919874
1485736296949682177
1485736334610206722
1485736643113807872
1485737052150943745
1485740017842626564
1485741615171915783
1485742863040364544
1485744389498585090
1485745474728513538
1485746955724771335
1485749217381343234
1485753307553435651
1485759686209150978
1485760264804847617
1485763745565622274
1485772661749911552
1485793372329623555
1485794448990687236
1485806460604977152
1485806552451801091
1485809240912531459
1485815021875523585
1485819473827295235
1485842606026330112
1485848211264839682
1485848505562263554
1485849107763798019
1485859050420154368
1485885383716098050
1485901598408601603
1485905773113016324
1485908843691393029
1485911065435197440
1485912075100561412
1485926686369751047
1485933955723448464
1485946156349894658
1485948086438477829
1485966346684882946
1485966875087491073
1485967036127797251
1485967822953979909
1485968787040083969
1485973625647869956
1485975140395589637
1485977151837028366
1485983897670369292
1485989143540862981
1486006509150507008
1486008551759876097
1486017836355047429
1486019768226304003
1486030029851176962
1486044183622258691
1486049571625046017
1486176364730499078
1486197268558585859
1486248042021982209
1486417327763644421
1486417667200372737
1485736417049206785
1485736457255874560
1485736710948503559
1485736941215784960
1485737298859806720
1485737687529279493
1485738232662929422
1485738486309261314
1485739008424562689
1485740143134846976
1485740278451421200
1485740595939356673
1485740982847086593
1485741042423017481
1485741110525927426
1485742752994250755
1485743313231691776
1485752563479818249
1485756848913408004
1485767118423478273
1485770327346978818
1485772455817924612
1485774544728174593
1485780432394211328
1485783171564199937
1485793856109088769
1485794955792723974
1485799527126814724
1485816835756814338
1485821222378041347
1485826941034942473
1485836458057424900
1485837611671465984
1485842467685425157
1485847240631590915
1485850199683584002
1485851598203019273
1485879013050617858
1485931766816940033
1485954808947294218
1485967362167824395
1485967585443262464
1485973148587675659
1485973797614153728
1485979337245577226
1485979895272546309
1485980957396111368
1485991191837650952
1486001046107443206
1486003350860709888
1486017589318934529
1486027130815270915
1486027672077717508
1486055143724527619
1486061197665312769
1486088952264241160
1486107732797104132
1486169132433383433
1486318372992294916
1486366989295706113
1486367032656515075
1486392334577283082
1486453959141347332
1487159183078219782
1487366030490050562
1487522380780126213
1487525227806482442
1487544189269286912
1487829961092341770
1488220402946035720