1486798453258665988
1486798764522102784
1486799137094135808
1486799319109939201
1486799364194545670
1486799522894426115
1486799601277423617
1486799947387314176
1486800071723208704
1486800366314287104
1486800736159731716
1486800766258008072
1486800867877859328
1486801268031074308
1486801451733196800
1486801804771745795
1486801901798760451
1486802211975974921
1486802316917284864
1486802507963809794
1486803083942367236
1486803310472404995
1486803319163015168
1486803863114063873
1486804670446190593
1486805328931041288
1486807630945398784
1486807774436728840
1486808274380808193
1486809410630569986
1486810215655878663
1486811249379844097
1486813508327125000
1486814655695650817
1486817417862922242
1486818091950608388
1486820660282281994
1486834160496898048
1486835224726028294
1486835631342899215
1486838025661427712
1486841729319849988
1486845954586292229
1486846389766270977
1486848119178338304
1486854894661169154
1486877610399330305
1486946893431287810
1486973669259857922
1486981328633360385
1487038555931258887
1487046555702116355
1487063391088918533
1487063709616951305
1487079253724340230
1487093111914258437
1487126548427644928
1487162437354893318
1487902161304494089
1487907862147911681
1486805580694142977