1486436766064300033
1486437309197160448
1486437586176512004
1486439397042049027
1486439696104398853
1486439784260284420
1486440351804104710
1486440840314691587
1486440870006116362
1486440934082555919
1486441471465111556
1486444242184675328
1486444400842575874
1486457560622374921
1486461828590981126
1486463008721317889
1486463639427104769
1486469072246255622
1486469154102288394
1486469222528081925
1486470533957193732
1486470549933023235
1486491463437463552
1486506623568953345
1486520235511492610
1486528754407063552
1486532772789379079
1486537220219617280
1486539881711128576
1486541294646091780
1486551798953488387
1486584423063728128
1486590022094671873
1486609933219082240
1486610130040938499
1486696001683525635
1486710348665270276
1486766412504907778
1486793016782241797
1487804649843400707