1481950295907344390
1481951421884993537
1481953842300346372
1481970034704621570
1481975638030434313
1481978459622674433
1482017651778068484
1482020032825618432
1482022531171246087
1482028056176828417
1482104263069220864
1482234732725534721
1482235877762170884
1482328942841376773
1483466950688784395
1483881259314999297
1481950881801289729
1482386822730637323
1482389114171568134
1481951635362525186
1481952637213978626
1481958187141976066
1482389291838091264
1482389550496628736
1482624047544508419
1482020070234914819
1482316715220508678
1481960866442526723