1484556902482604038
1484557246340210697
1484557476578185218
1484561199475871745
1484564631960096774
1484566857399083019
1484587118513041420
1484598997646028800
1484604650884153346
1484611136884551683
1484617576252588036
1484666088818315265
1484733238803415041
1484736868939878411
1484741932609781764
1484798081073885186
1485196474543710210
1485645642131075075
1485664579707363330
1484562332474912776
1484563399753465860
1484566566217859081
1484798334644768770
1484564215059083266
1484572941568417793
1484573186951979013
1484582859398541314
1484617764065132546
1484798337983336449
1485387215605837831