1483882145370181635
1483882405580656643
1483883056427638785
1483883063771901964
1483883091328385029
1483884092445761537
1483884128819101696
1483884375427088384
1483884629895495681
1483885339811151872
1483885437362057219
1483885823951003652
1483886564040130565
1483886720731033608
1483887118762053639
1483888057007116288
1483888211000762369
1483888622331994118
1483891440316915712
1483895366894379012
1483896413402681344
1483897016186855425
1483899824260980736
1483901528385613828
1483905772945870859
1483907189517406209
1483926927245152258
1483935246014095360
1483936166198099970
1483939389361192962
1483943273962037250
1483961531242926081
1484073264838283264
1484142753751748609
1484182124378869760
1484287266403012614
1484297842680373252
1484371410151567367
1484535172620066820