1481748364869914631
1481748393756184576
1481748467773026306
1481750137428971520
1481751620908158982
1481751683080376320
1481753929696350212
1481753981265264650
1481754260572409862
1481754456370954245
1481754503795912709
1481755866592337930
1481755955461304327
1481756331560345602
1481757701851987970
1481757866939793409
1481758067138207748
1481758410198638596
1481758737928962049
1481758972294184966
1481759514990985218
1481763096331005954
1481763128845029377
1481764012916314114
1481765041233928193
1481765816232300546
1481766644087201799
1481770243752329217
1481771651779883011
1481772614829973505
1481776748719079427
1481777987523547138
1481778526412066821
1481780312451559428
1481780813842710528
1481781570700775426
1481782585105653764
1481790885746651138
1481794298425356289
1481798123399704577
1481818993358897154
1481820596770123776
1481828549048864768
1481847156340318210
1481847236816482306
1481855244069785600
1481855839044399107
1481864432468824064
1481868792762351620
1481881519790571522
1481881667866279937
1481887070494810112
1481892437207494659
1481893428732461057
1481898981265448962
1481913707244498946
1481914830906925057
1481921784727408641
1481940047012237317
1481959696395288577
1481962644844298241
1481967560203583489
1481971126821695488
1481973206739214345
1481979001342242818
1481981231277424650
1481981799685246977
1481982102786740233
1481992755501015045
1482000606302814216
1482014275543584771
1482016710421098499
1482017558190608397
1482022220297760768
1482025157568782336
1482027708934758403
1482028587188465664
1482030121196339204
1482030395810058243
1482035569416937477
1482040843175399427
1482041334982656005
1482044967841320962
1482049461262209036
1482050274919432200
1482054773759172616
1482063599657000965
1482067631263813633
1482073908215832584
1482075453490089984
1482075487077908481
1482099243909267456
1482119661378580486
1482135310020808705
1482137158601383936
1482202058891485184
1482208774597197824
1482282905728692225
1482310625317560321
1482378124792930308
1482380024992911365
1482392736103763973
1482429666669518853
1482437257218904064
1482693499602542593
1482694341604818950
1482791542414843907
1482808132829159429
1482821612311400460
1482832870515388416
1483094594959163396
1483260605184327680
1483847407947464707
1487522783710134277