1480932822928039941
1480932873079250952
1480932947083636737
1480933016713285647
1480933084161839108
1480933267058708485
1480933605434085382
1480934377878028289
1480934992800796673
1480935071708110851
1480935081371918337
1480935725239574531
1480935937139888130
1480936052055363584
1480936208616378371
1480936300001652745
1480936395136909329
1480936455442780170
1480936628986073093
1480936695189184521
1480937631399571459
1480937894655279107
1480937918923427849
1480938181558255616
1480938525335986178
1480938913384779777
1480939364259704837
1480940773059149827
1480945037265358849
1480945057104597000
1480945367998943237
1480946686281191425
1480947105854210048
1480947192722509832
1480948447603793925
1480949850887888899
1480950494356860928
1480956591767625728
1480957231713734664
1480965219560136708
1480966667698122753
1480969004076441612
1480977221900718092
1480985733116608514
1480988214932426754
1480992805564518402
1481003004090331138
1481046841856860163
1481047051416875012
1481056872845254661
1481073360197103616
1481074004492533761
1481078618415636480
1481080755161899008
1481096805886562305
1481110667000266755
1481113363669086210
1481126394914492419
1481158710328119296
1481174201151201286
1481194132869681152
1481212357439221761
1481246940872548353
1481302450879356932
1482384165765066754
1482751964119248896
1482831232077635590
1482942148916002818
1483462190669705219
1484196779629461505
1480941079813894154
1480942298745565189
1480944504622309388
1480944701809172483
1480944726648176640
1480953714722623493
1480966696483573760
1480966980056526848
1480974468306505731
1480989321129824261
1480998219060494336
1481062814269726720
1481063704254992387
1481103422535311360
1481126036754481152
1481188825422606336
1481204096677953540
1481608758094610437