1483134985418600451
1483134990078681092
1483136138734972929
1483136249342967810
1483136306947538944
1483136550858739714
1483136627455270917
1483136681356242946
1483136757897981952
1483137475723730944
1483137900917268484
1483137912166391818
1483138688322183176
1483140622890508288
1483141048654249988
1483141727317807109
1483141977990385667
1483142621136658436
1483144499987566592
1483147012002439177
1483147335286902785
1483149689398521856
1483152750162726916
1483157752511926276
1483158012940337155
1483158324007018499
1483160967336710146
1483164668361326596
1483165066400780295
1483186700574760962
1483188045792878596
1483190376978534400
1483193960763908096
1483194481331605504
1483209537570152449
1483225625963884545
1483227142464888836
1483241496644145153
1483241600344072197
1483243200672190465
1483249513628323840
1483258310266662927
1483264874771800066
1483265910190268418
1483272985293344773
1483280756554092545
1483282446418432003
1483283178924257282
1483284485248630787
1483290083168251904
1483317529556701185
1483348524410585088
1483381425894309890
1483388224579977222
1483400505552515077
1483410025481740291
1483410871263145984
1483416064390320135
1483423608290611202
1483423945919541250
1483426619721089026
1483428094799224832
1483431083693981696
1483435138931466249
1483440128601190404
1483440300576153608
1483441315396345862
1483462652336693248
1483462817760133123
1483469929621950466
1483487831234330624
1483492110351409155
1483494927434665993
1483501360700182529
1483507871111421954
1483517219971686405
1483536850513842176
1483559573684318208
1483573330636648449
1483576583034179591
1483589991183925249
1483639668407418882
1483649785055698949
1483661021990502402
1483674117845008388
1483783103160078337
1483789496214769675
1483806341026050054
1483915333933342720
1483917574228295684
1484268753680535552
1484591250858778630
1486455703187382272
1486458082003587075
1486458409360703491
1486511951152926722