1483117064223027201
1483117172381691906
1483117419849728007
1483117431367348231
1483117759412195329
1483117776097226753
1483117872553635842
1483118015550038019
1483118125449023490
1483118139269390336
1483118581902905345
1483118888376283144
1483118938993172485
1483118970366537729
1483119038163263494
1483119141095628804
1483119166831964161
1483119352660602890
1483119580239343622
1483119633045536769
1483120221779279872
1483120334559760387
1483121096643780615
1483121132106657796
1483121364995395587
1483125276775260165
1483125331556929536
1483125653977591808
1483125990180245507
1483126013789884421
1483127018262876166
1483127801049927683
1483128790033125378
1483129448249450501
1483130845766508551
1483132463425728513
1483132680355131393
1483133634999721989
1483133661889417229
1483133772279291907
1483134497415737350
1483134934692900866
1483135291917365249
1483137875592028167
1483137957611642880
1483140135017271297
1483141873061478407
1483142262913740800
1483156739578945538
1483157783419699202
1483159810606604311
1483163453070221318
1483164065316880392
1483166887957651462
1483170905345953793
1483174331639377921
1483175265761062912
1483176853787619335
1483182325718343680
1483184117072101376
1483188077875052549
1483188886348066818
1483193434869579778
1483194135846793216
1483195531392212997
1483200972511842304
1483201852422246401
1483208802023268352
1483210057537912833
1483210341915918339
1483211769397055493
1483212792635211777
1483221720865677313
1483225616337887233
1483225988049866754
1483226718563446786
1483229933384179713
1483232439208132610
1483240820555849729
1483246217639333890
1483248334861045760
1483263545496281089
1483271485653458945
1483283257206751234
1483284756850778120
1483289549144920064
1483298485298470916
1483312976807567361
1483318593861271555
1483348522116259840
1483394161059446785
1483406554644762627
1483411101165699075
1483423996188282886
1483426678277767175
1483435694945185794
1483437559397158916
1483440553916346372
1483441354227265538
1483447999024058373
1483465288834240519
1483472552542367744
1483480119519989769
1483480417487364096
1483481205538443270
1483483090601197569
1483485957743681540
1483486875650347010
1483489784077168645
1483495522291884035
1483501706319220740
1483521568454189061
1483528152471244804
1483534297571209223
1483575768261169152
1483667530120155136
1483686053999489024
1483732232019849218
1483735368037982215
1483900847658606597
1483917853048942593
1484041431794819074
1484212501264752645
1484224946163249153
1484776266993528835
1485508059380207618