1478458165104680965
1478458260457811973
1478458342477549571
1478458443958984704
1478458649030897669
1478458669645848577
1478458841859715074
1478458871219830784
1478458880258560000
1478458942548291587
1478458947497566210
1478458979210641413
1478459095203995651
1478459278591729664
1478459659233243136
1478459948828819457
1478459952503005184
1478459968844177411
1478460099974815747
1478460221718609921
1478460278945767425
1478460374714363905
1478460472911441923
1478460966194987009
1478461200614797312
1478461515049181190
1478461549270507527
1478462531580661760
1478462999149088770
1478463192879804427
1478463575786205190
1478464181477142528
1478464574110244866
1478464592795750400
1478465806694592515
1478465850462060545
1478466583211216907
1478467301208993794
1478468163759181831
1478468700869218305
1478469315871522823
1478473835162701826
1478474143272218626
1478475366553554949
1478475399482855426
1478476568762761223
1478476694050590721
1478476912376885251
1478477446676717571
1478482504956981248
1478486515353280521
1478488027622039552
1478489408542322690
1478489657943990274
1478489763984379911
1478490358921183238
1478490492686016529
1478491212994732036
1478491638444007440
1478491717351317506
1478493687818690561
1478494518655791105
1478495106604875778
1478495977648517120
1478498526413955072
1478499380827201538
1478500485770448906
1478501142258614272
1478502610927702019
1478503433967931393
1478506478956736519
1478508013820342273
1478510286562803715
1478511031962017792
1478511246043500546
1478517984608071681
1478521128050122754
1478523785032704006
1478525141923635202
1478530442257129473
1478531699818467331
1478541224659329032
1478550408037650433
1478554022034526208
1478562477755576323
1478581707037052929
1478584127028965380
1478596592110161921
1478624389994520576
1478626007846375424
1478637632838148096
1478647145913794566
1478647877887217665
1478657814268502016
1478694413681541124
1478722794087194627
1478724439890173957
1478729928262963202
1478730593936580611
1478741760117518337
1478746255941640198
1478754765693603841
1478759139023237124
1478760109903863813
1478762335405813763
1478774114819186692
1478798648364441600
1478800284331782156
1478809292740386834
1478810733072855045
1478816996183580673
1478817830162378758
1478835110925553664
1478837425313046530
1478838835656097793
1478839960627208192
1478847472265048066
1478898755038593028
1479034398632775682
1479140825342873606
1479180235690106880
1479224962552856576
1479227642171858946
1479359076429533186
1479573020234682369
1479855513789767695
1479985412810899458
1480240787862421506
1480560368498122752
1480566919543599107
1480607370900393984
1480727223846031361
1480751810138673152
1481053326624055296
1481159418272124928
1479906648567263238