1487456444207276037
1487456463069097986
1487456742682284034
1487456783299919873
1487456847695073281
1487457698807431177
1487458233660940294
1487458866933772292
1487459146836299777
1487459211223121928
1487459583367028744
1487460412614492160
1487460709936074761
1487461477233557508
1487461681131397122
1487461996278779906
1487462089274929158
1487464124279889923
1487465718312493056
1487470398388191236
1487470916166692865
1487471105568739329
1487471420452085767
1487475796054847490
1487475899645767683
1487475977420947456
1487478529814061063
1487481318166470658
1487482029071552516
1487484476775149571
1487484935069831169
1487485785532252166
1487487074701922309
1487490174028189696
1487494315450503173
1487494464281137162
1487497238716764167
1487498406020923394
1487502196748992515
1487516104637530112
1487516130285662210
1487516491037741065
1487516566652702720
1487517587508506624
1487517623160033292
1487520156448395266
1487523476860772354
1487528037130248193
1487530286451765252
1487532183103410179
1487532436196110345
1487532736579571713
1487537293456027650
1487537818364690441
1487538796996534274
1487543672140881920
1487547965514342406
1487552060908359682
1487553515283095554
1487554057569026054
1487554335953334276
1487560393258065924
1487564373434322945
1487564582885335040
1487567750453248004
1487571788586311680
1487575701968588800
1487582267216121857
1487587759120396288
1487588083172319232
1487590783825895426
1487601297499078659
1487603656665051144
1487612057532968961
1487630613356163072
1487631149098799104
1487631948734504965
1487633897009692683
1487639906029555712
1487641727569702915
1487646277911425026
1487653130347163649
1487676933160808449
1487697274373386244
1487740236335484933
1487759268828745729
1487761197717991428
1487777938259025925
1487781679880097792
1487784864787013636
1487787552161607686
1487787599670525954
1487788481099280388
1487791966821621764
1487796731525967886
1487801029009686532
1487806179862626313
1487811148472795141
1487812294365130753
1487812932767563778
1487815054854701056
1487819599299190784
1487820979715903489
1487821880593633287
1487822199671111689
1487859007322689536
1487863985353461762
1487864712108949510
1487877936711569409
1487888612054216705
1487901792600051715
1487908075558342661
1487910816607256586
1487927275639169025
1487937596487524360
1487956240085000192
1488003045329879046
1488003124958801921
1488020798707318786
1488026210177269762
1488164045760851972
1488180275091623937
1488191760048267268
1488194046594007041
1488196375691018245
1488323047966838784
1488323089528201216
1488359459109941253
1488370606886166531
1487464511162490884
1487465794795720704
1487466984228937729
1487467070665236481
1487467326589050884
1487467333765550084
1487474603974963205
1487522642500403204
1487648732548157440