1483910861047705603
1483911390503096331
1483911997595045889
1483912073029554182
1483912585745510400
1483912720466468869
1483912991951265793
1483913792337727488
1483913853549355016
1483914078821122050
1483914333230878722
1483915925141262337
1483915985317163008
1483916314951491584
1483916841034596355
1483917265263161344
1483935305044566020
1483935307364020224
1483936261173911555
1483937516835254276
1483937549773164544
1483942631579295752
1483943419730821120
1483985944298635264
1484010316786802688
1484045257146658818
1484073269749764098
1484176118907387905
1484191930766348291
1484217883727052800
1484221565508194306
1484231569732739080
1484236900554752000
1484237157246062594
1484237427355144194
1484297784954077190
1484535065103278082
1484564556034846724
1484611840248320006
1484628441303597056
1484881444547686400
1485196737455308803