1479597015608745985
1479598331366158339
1479632547910930435
1479657451096100871
1479659743916535809
1479660450954588160
1479697407327621120
1479705981932249091
1479708086327676930
1479708940804009992
1479709034202615808
1479711880335691777
1479716302415491075
1479725002345926656
1479725155144269828
1479733670717976576
1479734543137394690
1479742528031125506
1479743476572962821
1479747892168458241
1479754214905626626
1479754344216109058
1479754907196575748
1479755947471884291
1479758333544316928
1479762687047483392
1479764795326971910
1479765834125873153
1479766018381664258
1479768713180192768
1479770678018691073
1479774013580787716
1479779353072386051
1479781059038433282
1479781376517976065
1479781955243810822
1479792567625531394
1479792730897362946
1479794164397133824
1479797153040146438
1479797329230274567
1479804203501428740
1479819006089461762
1479821370792071170
1479828390857293839
1479830711951511555
1479833232111722496
1479834099258773507
1479835724291653635
1479837649154322433
1479838429034733570
1479839432702406660
1479845058241130498
1479847831800270855
1479850554155102208
1479858460619526145
1479858464604229632
1479859242488242177
1479859280983511046
1479876306342866947
1479884847002779650
1479887311210905601
1479887452454150148
1479891599823888393
1479903553766391810
1479912939477889024
1479926277217951745
1479931854685802497
1479932892364955648
1479958156113428481
1479963737981210624
1479967692446568450
1479993995803578369
1480004665744019458
1480010217492340740
1480019733239848960
1480040345970741248
1480074315710222337
1480125533975425028
1480160873666777090
1480178281391566855
1480201537976737799
1480567235840294916
1482805249144463372