1487154511537975298
1487156451709800454
1487157747946774539
1487161801435680768
1487268064634753026
1487497715508465672
1488196656474607616
1487156410353954818
1487156474665226246
1487156755230511113
1487156816018427904
1487157057857982466
1487157201026400265
1487157526927974400
1487158559569682432
1487159036843864064
1487159403061170178
1487159761313288197
1487159878347018252
1487164415375982594
1487164680019849220
1487168173548118016
1487170544013352960
1487171157497319425
1487171276338835462
1487177616725524480
1487177799697850374
1487179907402805256
1487182124004298756
1487189605212381187
1487198167145799680
1487214622562308099
1487218562255183872
1487233750761099266
1487332281777856513
1487334664373030915
1487335177252651011
1487356147774279680
1487423170193727489
1487436081188507650
1487476056839839752
1487493151417905154
1487518375458873352
1487523737645817863
1487523872673042435
1487543843968987139
1487614968157679618
1487626712015851522
1487696212308512772
1487741584276074496
1487762676440723458
1487763049565933572
1487784169904164867
1487812453626826753
1487852026403127296
1487934220412624899
1488166126777516032
1488336323102781440
1488360123516944386