1482020196604944385
1482020230062907400
1482021160569094146
1482021260540321792
1482021425791877123
1482021982673813514
1482022149506404353
1482022172331806720
1482022201872236550
1482022415525941248
1482022559306727424
1482022930074816512
1482023449337937924
1482024036439928839
1482024295148789762
1482025217199415299
1482025286686298113
1482025341828935682
1482025452227239944
1482026348893937665
1482026509669965825
1482027374577397762
1482027575757217795
1482029060687634433
1482029523843616768
1482034276749262849
1482035391985160194
1482038399930449924
1482041992934793218
1482042386784137218
1482047810245734401
1482048129465729028
1482050382889164800
1482055469652979712
1482059506343243777
1482060142547910657
1482080137587740675
1482083849949650946
1482085521459343365
1482091877461602315
1482100467085631489
1482109006672023556
1482110022217654275
1482114824825978881
1482160604639113217
1482187321927741445
1482192161214976006
1482231399843172352
1482261462789808128
1482282805027647488
1482358158341324801
1482361153997217800
1482361317004615682
1482374397704949770
1482377282580889602
1482380604800831489
1482439192542003203
1482453165589110785
1482463049869144064
1482693284564803587
1483115421561757697
1483973987344564225
1484902946475175939
1486034510550605830
1486057934626902020
1486147082868166660
1486335433294364677
1487209864061411331
1482035705090088967
1482062562749472774