1485554980484485123
1485562362396557317
1485581275628986372
1485553656317587459
1485553806612090880
1485577724798328836
1485554876193325058
1485556383873638403
1485701368983678979
1485558768075214848
1485556830436790277
1485580683019968515
1485557561529180160
1485558864846237697
1485558867564056579
1485558870835712001
1485558874304299012
1485558878951682051
1485586572200263681
1485557567296315397
1485593670527373315
1485557569167015937
1485557570937016321
1485557572484616195
1485557807827066884
1485558148857573379
1485558172198703105
1485558244777291779
1485569430751002626
1485558349626232835
1486021829407875074
1485558571341426689
1485584715620909058
1485693167764586498
1485558729772838913
1485559127623483397
1485559489675898881
1485570187785125889
1485561413707907072
1485562854711480323
1485576907034972168
1485563860388040705
1485565218260406277
1485565387391520778
1485759274152255497