1477308849744973834
1477308920171483140
1477308920192458752
1477308973258661890
1477309120294309894
1477309302469660673
1477309416185737226
1477309732176240640
1477309750073339911
1477310292631638021
1477310572827975683
1477310649847861248
1477310709545512960
1477310847210950662
1477310860569755649
1477310950315380746
1477311898492502017
1477312177379840000
1477312779417702406
1477312890042560515
1477313317337280515
1477313496161345539
1477313869307600898
1477313967995428870
1477314600550866944
1477315275188064257
1477315549717745667
1477315923593908230
1477315990094495749
1477316169094811657
1477316846651068428
1477317060858241024
1477318742635790337
1477318928737062912
1477319290214924291
1477319844542529544
1477321477112352769
1477322149832671233
1477323738756624386
1477323904918167557
1477324438802771977
1477324455491821572
1477324478078197766
1477324599494774785
1477325386362986498
1477326683900289027
1477327104979214341
1477327989595586561
1477330205983313922
1477330922236170240
1477330971309625346
1477331648865837057
1477332933220306944
1477333112560537612
1477333167417839617
1477334920339013636
1477334975687147524
1477335403497766923
1477335858147565571
1477336106505056256
1477337375491645446
1477337876861894658
1477342664840384518
1477343615768748033
1477343744512958465
1477344247703560198
1477344533289439235
1477344674457161731
1477345619656200193
1477345842268983299
1477349666014564353
1477354894667431940
1477358788969738240
1477359787327340549
1477361059233030145
1477361504714473478
1477362348247552001
1477363348043976705
1477363491677814784
1477364168256892938
1477365560698712064
1477365915801071628
1477369148007231496
1477370396848664583
1477370529526997000
1477374625319370754
1477374823374467073
1477376471492702210
1477379786074898439
1477384982544928773
1477391029209026560
1477396907169353731
1477399800186347526
1477401689430839299
1477402911839825922
1477404014484537344
1477409768734081026
1477410544336441345
1477410576922030087
1477410860335349770
1477411910412812293
1477412858354937857
1477414231347712000
1477415394570874885
1477415533637255170
1477415997338492933
1477418128787259399
1477419627567370240
1477425330948173825
1477435565326831616
1477436715061161985
1477437418743734277
1477440345315024896
1477440538722795527
1477443928446095364
1477444321943171075
1477445327661719555
1477445999807270912
1477450307487547394
1477452032445345794
1477452194353975298
1477455269525434371
1477460683331571712
1477461145690673152
1477466283130048512
1477467194350977024
1477470013296717824
1477478114229993477
1477480281422532608
1477486376765509636
1477488310121648131
1477493168836911104
1477498455434141697
1477498513030148096
1477502890763718659
1477503228988301312
1477503858138128384
1477504365376249857
1477505826285887488
1477506734688456715
1477508247997149185
1477508811896147968
1477510277142749185
1477511479448551427
1477511605600411651
1477512301888487424
1477513573026840576
1477513866443517953
1477517617384538113
1477521267372687361
1477524372168523780
1477526295164633089
1477538877137199106
1477539538826407940
1477540013633990656
1477540607941746690
1477542580481105920
1477542977316786178
1477546261880479744
1477547874523045889
1477554994559606784
1477563291023159298
1477566506418331648
1477575788669116416
1477591457448050690
1477593542180675584
1477596801788223490
1477600728491298817
1477601820210040832
1477607771453362178
1477610316888485892
1477615856909750273
1477624128362348544
1477625403464462337
1477638706634838018
1477641005616840704
1477641142430744586
1477642264235044867
1477644213214859265
1477647998226075650
1477650530252042242
1477651785405943810
1477652011051016196
1477653153319460866
1477654050002944006
1477668674706149376
1477671996444061705
1477673298792259586
1477679315550711808
1477682319762894848
1477696893148962822
1477707327788789768
1477707427256614919
1477712054333190145
1477720140175364096
1477726345958510594
1477736513110614018
1477755610917576704
1477778324181168128
1477782387417403392
1477790851547992064
1477817713221419011
1477868280341622784
1477878118799056896
1477942257894445059
1477951496595509248
1477961870837526533
1477991978671525894
1477995788919881732
1477997851380703237
1478006193046142982
1478013555618291721
1478023169101340674
1478028077057851394
1478056187904073735
1478061640809467905
1478061689409003520
1478070774527250432
1478082142034878464
1478088537589301251
1478116100831330308
1478124841458876416
1478142565224525825
1478151663634550784
1478153720835756032
1478172221889818625
1478241512131637251
1478256529551896580
1478356201989722113
1478374558864445448
1478390157095092235
1478515307446743051
1478674956808605699
1478691001229324288
1478702350801915907
1478735689554567173
1479446256191778823
1479565260961071105
1480634103636582406