1483147250427703301
1483147593077202952
1483147875852816384
1483148493212557313
1483148705809190919
1483149196152635392
1483150967382155265
1483151015637618696
1483151225415688195
1483151262308880395
1483151461152444418
1483152425615724547
1483152660932935680
1483152708378923011
1483152778419531777
1483154749159575553
1483159734790549504
1483159821054533634
1483162620014247937
1483163522565652484
1483164353461379079
1483164694110158853
1483170425299419138
1483173404668612610
1483177079709523972
1483178474105942016
1483182911218200579
1483184488574296069
1483184797065388037
1483184863029125126
1483187666812342276
1483190166659293184
1483195987325763585
1483222230687432704
1483228142206537729
1483231600368304128
1483232468136120323
1483253788416823298
1483253999281258499
1483254152276946948
1483254402970533888
1483260464826093569
1483263255439101954
1483275465750052868
1483275889194397701
1483277799263666176
1483287546150879233
1483289322950479877
1483293990980100098
1483295421539696640
1483296438390083589
1483296695932837889
1483298060348362754
1483300139187916801
1483301042565500929
1483309762057887744
1483315038005960705
1483322395796467713
1483331582635085824
1483347569703063553
1483355259263242249
1483410564042919936
1483420902419316738
1483434106377621505
1483447840517267456
1483450932759306244
1483456400747642884
1483469735039844359
1483471347795824652
1483486573266194437
1483545709248860162
1483570519089696771
1483586938808553472
1483599579564036097
1483617340256395271
1483783951181299721
1483820199837110274
1483968941873586178
1484244126610640900
1484552555292147722
1485569346994851841
1483148495095836683
1483148579824758787
1483150182434942977
1483155021114261506
1483156344467251206
1483157054340612102
1483157853363920905
1483160035421302790
1483174761823936514
1483180788455780354
1483188169151598594
1483195809349128192
1483196184177307648
1483214535209066498
1483216898854559748
1483217731797327875
1483225449996054530
1483241568861626380
1483282440089223171
1483349513280667654
1483351179375804416
1483354004516073472
1483361820912254977
1483364003120402432
1483371213007241217
1483377704216973312
1483400734364385281
1483404140131020802
1483415219246350339
1483428037010108418
1483443598775693314
1483453206701223944
1483478417156812807
1483479914447781900
1483485234603642892
1483485728562688001
1483488504587997191
1483488804367478795
1483489058366140417
1483493158042599426
1483496158802677767
1483507980775604224
1483656733809651712
1483666123967315969
1483800902549086209
1483816656275222534
1483881188943093760
1484479063058173952