1482422328625618950
1482425738599051268
1482425896187355138
1482425918908170242
1482431163239129089
1482436179769364480
1482436677465522181
1482436922958045199
1482439711532666880
1482439780541640709
1482443342344556547
1482444613084405760
1482446688983949316
1482449033000099840
1482452143873343491
1482461225741164544
1482462252401782785
1482470644868648965
1482492990648168451
1482513066319392768
1482525799853203456
1482531435277922310
1482543286707437574
1482547920318746625
1482548624508608512
1482549806065020934
1482561279558668291
1482603317184413696
1482616688579383299
1482624083036712960
1482638738689777667
1482654425504174086
1482661416096124935
1482664687347150849
1482679316110622720
1482679362012987401
1482679835646640131
1482680605863256065
1482682517111156736
1482683363488149506
1482684151920746496
1482684825882529792
1482685322085363713
1482686470410457092
1482697936286806019
1482699660582178827
1482705910636048384
1482712733690773505
1482718764563152896
1482719742544777222
1482723154002956289
1482723697370796036
1482727149471551491
1482727849920507909
1482735081848508423
1482741022610259968
1482741820643708930
1482743348209209344
1482744023517437955
1482749521201225728
1482766463861764096
1482783242327670785
1482783800866213889
1482813362614460416
1482854629809561605
1482886928848592897
1482991077741056000
1483033484507561985
1483033511305134082
1483038444133974017
1483040028498534400
1483043030739341313
1483095431353880577
1483098395766136838
1483134641443942407
1483157957323931656
1483188203402280964
1483221427419590657
1483260222005301261
1483282917342208001
1483311453348274181
1483382019304218626
1483477923193626625
1483485788067270659
1483521095613493251
1483577083146260487
1483723101754040323
1484194573681233921
1485561431793750016