1481383938937479173
1481402113796104195
1481412802975879168
1481414105466654723
1481419829739413506
1481425743158693890
1481425776385925121
1481430712783970306
1481439204219535362
1481445306675781632
1481448702665539586
1481463852617199617
1481481755471360002
1481591776876056577
1481608514778935297
1481614939546554371
1481618753599246344
1481631932848951300
1481646264068440078
1481647020070748161
1481655674157207553
1481702731425398786
1482022420630294532
1482693633157570560
1481383657290051593
1481384079706804228
1481388530999910407
1481389500936830977
1481414131194466304
1481448731912196098
1481469121581785088
1481608544046751750
1481618777007661057
1481646353419628551
1481701603363016704
1482022451093540865
1482433389059846147
1482433489966403585