1486058801962827777
1486058981302755328
1486059208214724608
1486059254071148553
1486059977152339971
1486060636043943942
1486060885542326272
1486061141218545665
1486061895870074882
1486062094952931332
1486063170745602051
1486065859093315592
1486067430493466632
1486078715117416449
1486093604657508354
1486097840711639040
1486106676545658888
1486128827734528000
1486196764059262977
1486380425505345540
1486427077888913411
1486467467912355847
1486512946729476096
1486942178777698308
1486067153707192322
1486076977048137734
1486082124922822657
1486082418062893063
1486094387041894400
1486097351353810944
1486104077977145349
1486128783740465153
1486165953054490634
1486169396871667721
1486182051191603207
1486196721684254724
1486202381817712640
1486205706428563458
1486208278405206019
1486243421442375680
1486247591532802048
1486284947308437508
1486333885373984775
1486380382815670274
1486507200075993095
1486528012975702021
1486779942369116163
1486942115720568834
1487422502716510217