1478411960186191880
1478412124154179594
1478412169138130947
1478412226524504070
1478413181714325507
1478413378498539526
1478413728383078404
1478415869348876288
1478416308169543681
1478416560209293312
1478417049563111425
1478418248886460416
1478418396123303936
1478420100533284869
1478420865377349640
1478422247501086725
1478425237159038981
1478426833754329089
1478429351108435968
1478431530364157961
1478433820223414273
1478434477185585158
1478438383202582530
1478438493231718403
1478441969995026432
1478442102254358530
1478444721618014209
1478448924159623172
1478452360087228418
1478452786576695308
1478458231756316679
1478471179409133570
1478471815748014080
1478472974667698178
1478475651350892546
1478482442835136518
1478496069977722880
1478524960037642244
1478526184770215939
1478530104573644800
1478541839829544961
1478545101613846532
1478563534715904000
1478637613816946693
1478704178402930695
1478740744395440132
1478742320099045379
1478772223632568322
1478774616856449029
1478799342815301635
1478822359435862016
1478981068564877318
1479147233350238211
1479500599620165639
1479675758796701696
1480033356498755586
1480099324293877761
1480128860742029312
1481074579955240962
1481115033748733953
1481116603534041092
1481117945786949635
1481128933751934979
1481233638301732868
1481268705451712513
1481283109924573185
1481303296795152393
1481314568207056901
1481374212086538244
1478466664383627271