1479106071012671489
1479110780662337555
1479106369764544524
1479107792896098311
1479155501413904385
1479322271957151744
1479106552258699270
1479109588825694212
1479106711516450825
1479117898698264582
1479162916494614534
1479107099124592648
1479107116161896449
1479107116904304654
1479107665150185472
1479108195159199753
1479108478786363393
1479108585950830601
1479109542696800258
1479110080331091971
1479113090784378882
1479113142802149383
1479107038147858446
1479108324243111947
1479114319736422408
1479116975875903502
1479561599329476613
1479563288719417345
1479108960489590788
1479107896721829888
1479108360112771073
1479108500949069828
1479108769288101888
1479111103275667465
1479109051128553482
1479109128148578312
1479109537802059781
1479109333992361986
1479109505111982088
1479109719667064832
1479110622574874638
1482953324420685826
1479109543531479056
1479110262099636233
1479127607643979776
1479109870997557250
1479111088184594441
1479122257117163520
1479338049603571714
1479110097125076993
1479110231468634113
1479110596012347399
1479111011676221454
1479110395046481928
1479110528718958602
1479110747527397378
1479111708345987072
1479110980239970306
1479111219172630548
1479131384757297156
1479362571551522819
1479111428229398535
1479111491466907648
1479111562963001352
1479156227091439622
1479306278329626624
1479362575498371074
1479112736634068992
1479113505353592844
1479362580854583298
1479111953805049865
1480204217960873986
1479115809641283589
1479445202884509699
1483130188963614722
1479855581368307719
1480003693172953088
1479147222067560455
1479117559530024963
1479150653402501122