1478773861734825997
1478773956584910857
1478774150252711945
1478774197178482697
1478774226404446209
1478774261430902784
1478774587764715521
1478774625131769860
1478775225600909313
1478775464114245639
1478775802825216000
1478775825071804421
1478777281384484864
1478777325625823232
1478777489929424899
1478777730686758912
1478777939462340609
1478780981192577029
1478782087482077186
1478783348818386945
1478783431530225673
1478785739039346688
1478785763101794309
1478786199707922434
1478787228964847616
1478791584997117958
1478792741589032960
1478794042154655747
1478797615777169408
1478797891661488130
1478799419625676805
1478802715304153091
1478803938648408064
1478805236605145091
1478806191195234311
1478806982576463881
1478810671915716610
1478810813452496899
1478812572438732803
1478813234023047168
1478815144398495746
1478815225675935744
1478815376876404736
1478818480891834368
1478824177440329744
1478826215582674945
1478826599751553027
1478827944936103938
1478845643409879040
1478852321035665411
1478864943491559431
1478888410097934339
1478892273790341123
1478898646036979715
1478916041464246276
1478968242118955010
1478997493937434626
1478998067781193734
1479000012398936065
1479114614931550216
1479124277672747011
1479130980883435522
1479139561376727040
1479143875885240320
1479144741618995213
1479218392309673988
1479240189914619904
1479530407486009345
1479554497697488897
1479555163266420742
1479960105282113544
1480275385514397701
1480586806747881481
1480595423580639241
1481159351347810304
1482416482999058443
1482494833981755392
1483626791759757315
1484044965466415108