1482388387323600908
1482388409993682950
1482388802652065792
1482388889440555017
1482389911059763205
1482391080729559042
1482393697744408577
1482393853164457994
1482394292006137865
1482394730940014594
1482395235862855684
1482395347989106690
1482395825745580044
1482395859916632068
1482397210352537606
1482398141114638342
1482398498008010755
1482398906138849281
1482399251728580612
1482399293722054660
1482402971807719424
1482414911238070272
1482418981554298888
1482419058335272960
1482419139075526661
1482419267073200135
1482420018306588672
1482423474383687680
1482424316352516100
1482425518452404225
1482431106322415620
1482432071062544396
1482432518288728070
1482433500670275589
1482441377799720962
1482441444946292739
1482445110906216450
1482451498566963201
1482475591223885829
1482480839510290435
1482482235857162244
1482504127494111237
1482506823533883392
1482509915319152642
1482510128322686976
1482514942981033984
1482542909295497216
1482543859817013248
1482545755386789888
1482553296564985865
1482553494959706113
1482558999807635456
1482590255433801728
1482597484123807747
1482603368019152900
1482617611372355584
1482623834079604739
1482644457488982017
1482684178621677569
1482692580659941384
1482727782157209602
1482728579804790784
1482738802665926663
1482743620746858496
1482753373631827972
1482770640117637123
1482798307172777986
1482816670108467203
1482846020304261124
1482871685338517510
1482886338752000001
1482888219997966336
1482891724544307201
1482892722713370625
1482897652308406275
1482900250629136385
1482905355289980930
1482907465377325056
1482930002219909120
1482952576362586115
1482962085776543746
1482962953787740161
1482993183680200713
1483020347440083074
1483033562899091458
1483033629307457538
1483033681719533570
1483042921242841096
1483067915997954054
1483075615242821636
1483098559046197256
1483127830401662978
1483129741515190277
1483134524473200641
1483144415799619584
1483144481797033990
1483160054996025344
1483205575563522048
1483206020000362503
1483318143921569795
1483503336175423494
1482390148293828610
1482391438012919809
1482391780226129924
1482392397535318018
1482392439243431938
1482392964966100994
1482393137276407815
1482393963223040002
1482394766717427714
1482397142408851457
1482402492805640201
1482415149210386439
1482426082079002626
1482433320772202496
1482440103133859842
1482535882498486275
1482549778873413633
1482570961262194688
1482624978969235456
1482715799731294213
1482745388650143747
1482751769230942212
1482900070882238465
1482907823176617984
1483041903859974151
1483133097260552192
1483134401903046664
1483148959329648640
1483160417274933248
1483410646750400517
1483438361415241731
1483439135058710529
1483439422091710464
1483469828505616395
1483486709815955464
1483937178971697153
1482393607990558722
1482393784423964678
1482394485149605894
1482397778789679112
1482398769144639488
1482402772087554048
1482402939721428992
1482405964556951556
1482420969612492805
1482449212218515469
1482464525337210881
1482466746598526978
1482466796711989248
1482474792020291585
1482525273660735488
1482529654493757440
1482544490963517442
1482559113670320129
1482564809266708484
1482586905019625474
1482599763212050435
1482725784271925258
1482867115329785863
1482888945725804551
1482889069789159432
1482900005258412035
1482900036619018242
1482900619933401093
1482901330440110082
1482907765723041812
1482907788925976583
1482908780606091268
1482963157467516929
1482990767748444160
1483034321204105219
1483034383019696132
1483034469187473408
1483041840702046208
1483041870712381440
1483100889644773391
1483101006519013379
1483110291122626564
1483132999893929988
1483133026104229896
1483134236865482768
1483134355514007554
1483159766839013376
1483159792000675852
1483170549689946118
1483187705823567876
1483187734651056131
1483319465584508928
1483361780692828163
1483410590261559301
1483410612814336004
1483420958887137280
1483421008036077569
1483469765981188097
1483469793667817475
1483476606450651136
1483486605562331146
1483486633878036484
1483921011254992900
1483937153637924864
1484249056515870720