1484535674376175620
1484536154225586178
1484536649212383233
1484536800840347649
1484541604341895176
1484550558518321156
1484552348949168136
1484561076574654464
1484565981238382595
1484567724877615106
1484569090840739844
1484570380979343365
1484574073078394880
1484596220803035136
1484644026343165962
1484798324293226497
1484536558963335174
1484537342430007298
1484538187561246725
1484540019046072325
1484540683146960899
1484542022056914947
1484542082412863489
1484543600759296006
1484544050745298947
1484545572887433219
1484546334929866756
1484546584427872259
1484547027509956610
1484547211987984384
1484550534648508416
1484552299347390465
1484590495233884162
1484591787503243270
1484706083453030403
1484737490560991234
1484798327434661888
1484798365787471873
1484861621512327175
1484911376317386756
1484927083612712965
1484946109441388544
1485104603322535937
1485229825233416194
1485229985875259399
1485256738358308866
1485357702310072320
1485398477270138880
1485470800514011139
1486883885946392580
1484536749057531911
1484537986431782929
1484542479211065345
1484556612861927437
1484560680577556483
1484738302976667658
1484738742661353472
1484766931492253697