1482110548741431303
1482111093086507018
1482111330001817605
1482111797066973189
1482111823251795970
1482112175963611138
1482112179369222148
1482112226592968707
1482112405647810561
1482112485494857735
1482112697730846720
1482113809481412612
1482113859645227014
1482113861100748804
1482114802168176643
1482115191949209600
1482115301680590855
1482116046660190211
1482117092325351426
1482117860885348354
1482119970670661636
1482121014838398976
1482121133398933515
1482121666993872899
1482122073606610945
1482122308454080513
1482122585563357189
1482124227717353477
1482129961884405761
1482130092776210433
1482131394654527493
1482137130235224068
1482139163885391873
1482140824091561984
1482143793298223106
1482143818283724803
1482153436753842178
1482153887570272257
1482158331326353408
1482163368043724806
1482169839519158274
1482172765834825731
1482184067944796160
1482192151958147080
1482196592362991617
1482197722719571972
1482217469741867010
1482226784514940931
1482250216027967490
1482261470670905344
1482282427691188226
1482366393177808897
1482375366945775617
1482386056439910404
1482397461201227781
1482407653456371722
1482419889784737793
1482428555439050753
1482431215034581000
1482432011038044160
1482514671592779776
1482520484495429634
1482550281283981317
1482693136044507138
1482820721864855555
1482821971255590912
1485249318202351623
1485251842703564800
1485253228883288064
1482112275188264962
1482112720237477888
1482122121820184581
1482132760634736640
1482156299961999362
1482161806403592198
1482166699990392832
1482170135213481985
1482194567323660291
1482261474596859910
1482282478647791616
1482375227090870273
1482384979007090689
1482385977280806915
1483160231425286151
1482113362548822016
1482113443599568897
1482113698600734723
1482113773779361792
1482113796114194434
1482114137073147906
1482114195453661186
1482115125981106177
1482115147292364801
1482115173146112007
1482115259167031302
1482115297041657862
1482115386556436486
1482115391811903491
1482115471910572034
1482115611258126336
1482115789792628738
1482115879165120512
1482116057909252098
1482117259715878916
1482117547747065858
1482118203362918405
1482118247390810112
1482118517184888834
1482118542728347649
1482118650031005696
1482119024955768832
1482119528184221699
1482121698094862342
1482123240797614083
1482124593561223169
1482125430383845376
1482125882181439493
1482128361690439681
1482130391666417665
1482130741102272518
1482130826972307460
1482130861369745409
1482130881632514050
1482130955896860674
1482130987324694532
1482133548521836544
1482133883906932740
1482136947023826948
1482138657779822600
1482140746031452165
1482141122088652807
1482141181282766857
1482145717481320452
1482148934243995650
1482150382918938628
1482153520535154697
1482154401439657985
1482172047778328576
1482172439949942791
1482176734820712448
1482177805941362692
1482181291147726848
1482189358992138241
1482191912731742211
1482235649612779525
1482260375043256322
1482261479168557058
1482282167380103172
1482294166973526018
1482313019547783169
1482316867691819012
1482321780589092865
1482338562066505730
1482339282635444225
1482349315200798726
1482360250627805184
1482363015915839494
1482363964008718338
1482366594466598916
1482376922583781379
1482383312589099014
1482384897318821893
1482385888529244164
1482414298039263238
1482431156901531665
1482468486622416901
1482471409909702662
1482482914491355139
1482483139675049984
1482499036460552194
1482500721882898434
1482502158658453504
1482513282585874432
1482547586464731136
1482577254492213248
1482590696150376451
1482603240650907648
1482692833572265986
1482694042999738369
1482700992688922627
1482717946120179712
1482731686244745216
1482746614695534601
1482779588006760448
1482779824091451396
1482780788873646089
1482781068575100932
1482783277345873921
1482784032526057479
1482788907292839937
1482799422698242049
1482820240295747585
1482839915465527297
1482846389990150144
1482870087958863874
1482874393575501831
1482888053190500356
1482898569636065285
1482899742359179274
1482900572298784768
1482907908622852100
1482920241650876419
1482959012354150401
1482974642461896707
1483062612850102275
1483092365665607681
1483160181546573827
1483171314718633984
1483217360748044289
1483921925063819271
1484381046518915076
1484900776497405957
1485295925270614019
1482490782690992132
1482122662172364801
1482122685819797504
1482122696439865345
1482125116423221254
1482125144860475396
1482125570724876293
1482131955617574933
1482136970604298243
1482140714653782016
1482162377625800706
1482226731520086018
1482234801713254400
1482241295619960834
1482246564357853186
1482302995991773188
1482312141608783873
1482400856918138890
1482441489204584454
1482614600428367880
1482740889625800708
1482761565648703491
1482900752788033538
1483134432953483271
1483181173346086914
1483445764567318528
1483843771813007362
1483989027384668162
1484155354606972939