1479574308510789632
1479575364267483136
1479575589883424770
1479576589310607361
1479578869585879047
1479588141363302406
1479599899561844743
1479605560467238917
1479614118827118599
1479615584526422018
1479623094809600003
1479626097138540551
1479626848921337857
1479707498508607492
1479750643183140864
1479814084187107330
1479893616218759168
1479899055295709184
1479919551064297472
1479933170434850816
1480095932620230662
1480156236456861697
1480156784425897990
1480179212434784259
1480207591334719501
1480208182194679819
1480246024983793665
1480271633537507336
1480277331533078528
1480306146023989255
1480326713414455305
1480362097435463681
1480390528378224643
1480432512165834754
1480530449411805187
1481099629538131968
1481158867488690176
1479574286163529728
1479585787205206019
1479614146186465281
1479881697940418561
1479962573672009732
1480349461469609985
1480350317288038403
1480501331454570503
1481158884584669184
1479583245134184453