1484654794983690241
1484655091324002312
1484655191295094785
1484655461513183233
1484655989013901315
1484659433791700992
1484660100073619458
1484660291027746820
1484665781203787778
1484666320092237825
1484667450201460739
1484699809135038465
1484705856818139138
1484716838835605504
1484717095434784770
1484717804959981572
1484743645219540995
1484758101203066881
1484776611593568257
1484781445407289345
1484791648248905734
1484819952725020673
1484825841846657025
1484853511632392199
1484854156628221952
1484862581286522884
1484862774878642178
1484863360655147010
1484925370046550022
1484979256669224964
1484999117981904896
1485003653215932417
1485004286568411137
1485021056528269313
1485046294275969024
1485094341664251904
1485228805375594503
1485229332331212806
1485229467744231427
1485229911849811974
1485333368858423308
1485346387629940741
1485373354991308805
1485412898230972422
1485481695591632899
1485513558037250048
1485586002559254532
1485613254823006211
1485684160916197376
1485749506612207616
1485772571811450882
1485860383600824323
1485967778414661636
1486454079375220748
1488014614507962372