1484277312749142019
1484277863444537353
1484277889340256257
1484277970202157068
1484278043052896258
1484278066537017346
1484278198523375620
1484278239400976389
1484278335991603207
1484278503876874242
1484278517915291650
1484278581542805504
1484279447503003650
1484279551589068800
1484279831126757381
1484280036643508224
1484280566191202308
1484280638928670722
1484280770734792707
1484280852389445634
1484281015908642816
1484281093029171201
1484282450960285697
1484284538821873665
1484284957446922240
1484285712614764544
1484285754306187271
1484287631743668225
1484288775912108038
1484297321273778189
1484297433735733255
1484297506271940620
1484299651767418883
1484300669259599876
1484301057786363906
1484302350135136256
1484303084809379840
1484304634286157824
1484306752036225032
1484320379287982092
1484321100687286273
1484324825065672714
1484325814904635392
1484328064565661697
1484340963434586114
1484347214612733952
1484352018516901898
1484362847706435585
1484364844769824771
1484367887607341058
1484368013390274569
1484378973744164869
1484387976247496705
1484391292159229959
1484404794861264898
1484409697960660993
1484414812478128130
1484501701239488512
1484510173783728129
1484513782835650560
1484516706609512455
1484517589871063045
1484525892848082949
1484533847970693124
1484534320983334913
1484534438377754628
1484539991837618190
1484542004415578120
1484548259460771844
1484550456726757377
1484552208616153093
1484552932796293120
1484563131716149248
1484583521524097033
1484599163358785540
1484602450367627267
1484618777547444233
1484624650239979529
1484626150768926729
1484632413267447812
1484666128878096384
1484742385946951682
1484761399666610176
1484864328977334272
1484879723222245379
1484880423326945281
1484919991996760066
1485224961514119172
1485357858292224008
1485692793087397891