1478064576537120770
1478065149990686720
1478065419487375360
1478066507653472268
1478068218401103872
1478068577894682625
1478072580183670787
1478075517823717377
1478091278386700289
1478124196622487564
1478125200323584000
1478138804167127042
1478173575748198407
1478189936772026368
1478203624161361920
1478205462982000643
1478210657426227205
1478224040108171264
1478275019394490369
1478382475848081410
1478397273948184578
1478434780899389454
1478462830420676609
1478828149274206221
1479147587546632194
1480586811143512068
1478077095951708163
1478810027834048512