1304548648689250304
1304553069598957575
1304559092636291073
1304566000109735937
1304606173711265792
1304707370904248320
1304708556151812101
1304801976341815296
1304807809587064841
1305210560544464896
1305552526050287616
1305556896003186688
1305734063161053184
1306357192312778753
1306975531519410178
1304458219495010305
1304489458641838081
1304503396146188288
1304506365554159616
1304511500699283457
1304527938121945088
1304573529598431233
1304783978327674880
1304900978148290560
1305246451513974784
1305381811082600448
1305461981223231488
1305504039547727874
1305971138762215424
1308015639869579264
1304664220005330947
1304803427239763970
1305394870240948224
1305507403002195968