1310830619409088512
1310831019679981569
1310832823876464640
1310832844772487168
1310833507246186496
1310834781958139904
1310834938254635008
1310835739744182272
1310836402020638720
1310837564170006530
1310839412960440322
1310844379448270850
1310882538320211969
1310883914542714885
1310902717188014086
1310914599328178178
1310961701731414017
1311019226581348352
1311048033044328448
1311048624885952521
1311053787025608705
1311071565103026176
1311074138740715522
1311103373223944192
1311125032442056705
1311144514099253248
1311153260326199296
1311168879520083969
1311248260351262720