1304407594421886980
1304105105722159104
1304105856028610560
1304107227226214400
1304107385376604160
1304109110015791107
1304114134200524803
1304140919856390144
1304238413004988417
1304457528374431744
1304690111016316928
1305166913056641024
1304110734859735041
1304112942892417024
1304117585051607041
1304118778154942465
1304121026071212032
1304121307139801090
1304121529614192642
1304131195903639552
1304131306750697474
1304131830573133824
1304138491400466432
1304140500929257472
1304190794769797124
1304220037784502272
1304238840207618049
1304321939197100037
1304443166293069826
1304690093584797696
1305318290051534849