1310255229733089282
1310294917223051264
1311061987166650375
1310231958958600194
1310232010724651009
1310233226602926080
1310233332031000577
1310233352633348098
1310233419406651392
1310233465254600707
1310233578995736582
1310233943363350528
1310250959600148481
1310263371514740737
1310265253998006274
1310274829627592704
1310299224282628098
1310319138091532293
1310337454751338496
1310364626769469440
1310382673794347010
1310393119179902976
1310410260109295618
1310424347987775489
1310431832979075075
1310450761457758208
1310479565081530368
1310522240107151366
1310523795443273728
1310628916789473282
1310944042772041729