1300894064347361280
1300895061757104129
1300905287189057536
1300954486941331459
1300956844874227712
1301011390283554816
1301018985887006720
1301083656631578624
1301145754862604292
1301157705193795584
1301171931991900161
1301188258769055745
1301214801574662145
1301215893977026562
1305338079507513344
1300897296511651841
1300897318481338370
1300897967679967234
1300898043693338624
1300898266310156289
1300900584988442624
1300900845052076033
1300906038732951553
1300920902603821056
1300928091238400001
1300956864109137921
1300989992643309573
1301009835014545409
1301151666952167430
1301156685709541378