1301932238053896193
1301932924778897408
1301935469723365376
1301936750546292740
1301941158717927424
1301977401937846273
1302135480805281792
1302237865015992320
1302280377508143105
1302731679782625282
1304219519620186113
1305721371939336193
1306243889301520384
1307458525929648128
1308322135560003584
1311148587531866117
1301937668641751040
1301938416553275392
1301938587311587329
1301939753282154501
1301939862304468993
1301940404246458370
1301941877663506433
1301944531592663040
1301945940547428359
1301946702723715074
1301948620950900737
1301956761801445376
1301959131310493698
1301961515256479750
1301972431855382528
1301978635474100224
1301983261426700294
1301984591457075200
1301985144610455553
1301990756769439744
1301993658690932737
1301994607002124291
1302001309315469313
1302013065651564544
1302069957186920450
1302070612660113408
1302070739974131712
1302070762321240066
1302071136201523202
1302071486962970625
1302072071372107776
1302072100224561152
1302072734793576453
1302072998082600960
1302075541063950336
1302075627529318400
1302077890113216513
1302084189144207361
1302084706402328577
1302084934882922496
1302093794800791558
1302094519546998785
1302094821838913536
1302098101042249729
1302100114845163523
1302101580104241152
1302104234092101632
1302132088045555712
1302134190591406081
1302137636044242944
1302143190573764608
1302143933108101120
1302147081495224323
1302163645800091648
1302166519489671168
1302168391554412544
1302180548312530944
1302198877689458688
1302213055292596225
1302213705288093696
1302240803608244224
1302252619700731905
1302272136585924608
1302279018385866752
1302490483126484993
1301952402501718016
1302731784665337857