1301639416604241920
1301283719362129920
1301285052521697280
1301286125936545796
1301286901526265869
1301298817875079168
1301298864197193729
1301320383421984775
1301322501281189889
1301323387776561153
1301323945321299969
1301329829250433024
1301332083319738368
1301335655830749184
1301336210753892357
1301361051825512449
1301367914558300161
1301381989564583936
1301431350646448128
1301432809240788994
1301476563704307712
1301491853288550401
1301503541345947649
1301507865308467207
1301519546759737345
1301519698643701761
1301523946911784962
1301524106420998144
1301532490272845825
1301537053658800128
1301545824606879750
1301572114986815489
1301580443985285128
1301596034351669253
1301600363217330178
1301611532300685312
1301642435202699264
1301644916939018241
1301663239726481409
1301698125430747137
1301739703268327424
1301746475672760327
1301834749741326338
1301852637659312128
1301981134675378176
1301987052964241409
1301987325476515849
1301990860733788163
1302000357011320832
1302016333433856000
1302106004054618112
1302140534560108544
1302258956849434625
1302334106672533505
1302372703320641536
1302609298120470537
1302687326527803392
1302732619751337986
1302749597740273665
1303171789015531520
1303306870640259072
1303393951760568320
1303506849816358912
1303572441466249221
1303773275810598912
1303777764697350144