1306248872507764737
1306249929438961665
1306250571087740930
1306251906730405891
1306253188794847232
1306254942139805697
1306262516486598657
1306265007819231234
1306277875914432514
1306279629796278273
1306282506275127306
1306292128474116096
1306297687655022595
1306306052854558720
1306307739077865472
1306309982871191552
1306318291984580609
1306336373381701634
1306340048317472769
1306355121413001216
1306364173790535680
1306370428571717633
1306371816508633088
1306371912260636675
1306372924358758401
1306378627395837958
1306381332344459272
1306389099532693504
1306390111190482947
1306454390564413443
1306454993424113664
1306478205273100288
1306487418791563265
1306526842434666496
1306526904405684225
1306587599830683648
1306619539690524672
1306867042897731585
1306946432230985739
1306988035679096833
1307615554597990400
1307858549423435776
1308774430114492417
1309547033498443777
1306256157221310464
1306262419971420160
1306266773516238849
1306271106853076993
1306290879209058305
1306297098136989699
1306479857933709317
1306519822105153536
1306537436466511873
1306257340660961280
1306259035830857732
1306265808641892353
1306288285862391809
1306290463155126275
1306290974985990147
1306307396264955905
1306433191612485632
1306927104358051852