1311413725656764418
1311491300265525248
1311421783938138112
1311423665666482177
1311477592030093312
1311584002906652672
1311584569720745984
1311424974989807618
1311425374107193345
1311425851708174336
1311426874422296576
1311427777363615745
1311457106927771650
1311460760715812864
1311471758441164801
1311518878191824896
1311530897519325184
1311535910895284225
1311564609497624576
1311609106336223234
1311646219723210757
1311655632840216577
1311661773192343552
1311684778735931393
1311719217331347461
1311741465559736327
1311809882337751040
1311830396510834690
1311831176579936257
1311836683877392384
1311850541874663425
1311854648861642752
1312038035052060673
1312038412740952070
1312083580718395393
1312136442148089857
1312219405095329792
1312567444297351169
1312603364740542464
1312687756087263233
1312702253481025536
1311425495548997633
1311426158244835330
1311426657203425285
1311441568029696000
1311445213013897216
1311478930071859200
1311864672413536256