1308817412423262208
1308819029088505858
1308823169357230080
1308825920036274183
1308826577912827904
1308826875511410689
1308827875626319873
1308836901248544768
1308842763333623808
1308849430653800449
1308851651776782336
1308929833444028419
1308960793451327489
1309299084361170945
1308818047197679616
1309199632090771456
1308829451397066752
1308831653507272708
1308845255534489601
1308847548904415232
1308848206999179265
1308848475761717253
1308855996811538439
1308856651391340547
1308856861584756741
1308857327781646337
1308859265189326850
1308860777030471680
1308867359403388930
1308870942215548929
1308877131720593408
1308887979985965057
1308898653835325442
1308909433880227842
1308917624282247168
1308920287073890309
1308947328011657216
1308956802495766535
1308976030519111691
1308984611679109123
1309007273679822848
1309026102803927042
1309032249887686657
1309068207316234242
1309068279093362697
1309114467511349255
1309126340214431747
1309153288714158082
1309157605273735175
1309178786349449221