1311276225562779648
1311276513312911361
1311276651813113858
1311276697908465671
1311276723296587777
1311276749137698816
1311278791008821250
1311284918908071936
1311296984570044421
1311297481200685056
1311310558239625216
1311312278143275011
1311287866362933249
1311288114263085057
1311288530606288898
1311288633824075778
1311288722311114752
1311288799696044033
1311290061598724099
1311292808150605826
1311304028819787776
1311319698311708674
1311339294334873600
1311348102134198276
1311417857415294976
1311523449865736192
1311288090749816835
1311289071730413569
1311291315980824577
1311289237740957706
1311289632680816641
1311305323647565824