1302007802647453697
1302051662807339014
1302058263245189121
1302079780473499648
1302228599089496064
1302257246202716162
1302388301291229185
1302731597486194694
1303102556659474433
1302147509926719488
1302509858701414400
1301904621904904198
1301905431678287873
1301906087902244864
1301906845368561664
1301906990017331205
1301907079670554624
1301990962156236800
1302004018823262209
1302036788567973896
1302048323017211905
1302082900851122177
1302096649481666560
1302134872727724033
1302196291531874309
1302284968257900546
1302329153165971456
1302353530624368640
1302396887912374272
1302463719658541056
1302469469147738113
1302469500009406465
1302471061838143493
1302514062383702017
1302515574346412033
1302520724586770434
1302521429443768320
1302611983133368325
1302641473008041984
1302656325042626560
1302665879512059907
1302673517897375744
1302708851662299137
1302730642288005128
1302785426827218946
1302974669566472192
1301903691331571714
1301904709846839297
1301906526647459840
1301904080428621827
1301904328001826819
1301906475938246663
1301906693714968576
1302044775554543616
1301905071689654275
1301905178770116608
1301906379062431746
1301922959464964096
1302344311443398656
1302434035172544513
1302611341102981123
1302668332294782976
1302728236477100037
1302966091904237568
1303331931321323521
1304731215329505282
1304736290462740480
1304955032132083712
1304969697188745216
1305013489644126208
1305017904342224897
1305057983278309376
1305235667090321415
1305494904563523589
1305501150293172226
1305847388947406848
1306244027499642880
1308322164102197248
1311324936863125504
1311559085213405184
1312733707523026944
1301905473751470081
1301906983071621121
1301905695223304193
1301909357097967616
1301921351612141572
1305501220921118724
1301906145318039552
1301906637561761793
1301906977912651777
1302864090495422466
1301908430127607808
1301906853773946881
1301913802884050945
1301907153775665152
1301907273128833024
1301907750822215680
1305501347589033986
1301907888240316417
1301912083382980608
1302731268522749952
1301908921074941952
1301908812073447424
1301909566993637376
1301909219864580098
1302505155540250627
1301909456792498178
1301909669548421121
1301909882774286336
1301910960299560960
1301912608623095810
1302340960181841920
1301910104674050056
1301910366021091331
1301910461789532160
1301913841949868032
1302130153653374977
1301910589627793408
1301910699438874624
1302505180592832512
1301910624310525953
1301910910387326976
1301911210099523584
1301913274720624642
1301911036606451712
1301913794814251008
1302186739516178434
1301912074830974976
1301920945502908416
1302430759865769984
1302447105290665989
1302514138074083328