1309950266997760001
1309951013835681792
1309951684005621760
1309952065267838976
1309953651339931650
1309955765277462530
1309957334257610752
1309960920777592832
1309972051327741952
1309977343130099712
1309986594233790464
1310009692278501377
1310017462549831681
1310017807447277568
1310028544106541058
1310035385074855936
1310059263964962816
1310069304789008386
1310104872952500224
1310116660427337729
1310124987123195909
1310146354937823232
1310149651467612162
1310158233818996736
1310185931366776835
1310194517983637506
1310209353346101248
1310210376479449090
1310211018170281984
1310211140635504640
1310212243070627840
1310256445300981760
1310282552062730240
1310310342141128715
1310331315041046528
1310427992972173313
1310545781301149696
1310551422627450882
1311269396296413184
1311393490773962758
1311701672591273987
1311702000678178816