1309614944611074049
1309618656725422082
1309619540880285696
1309621089530720256
1309622278389342208
1309631268276047872
1309639530803322880
1309639795564396544
1309650956817227776
1309657584232792064
1309665757555384321
1309683998843600897
1309685266676772864
1309685798745387008
1309700074700599296
1309792245340667904
1309829525950390275
1309859988614111234
1309860839055220736
1309894245315117056
1310018789702995968
1310038325827231744
1310183536801046530
1310189547741876226
1310189966836641799
1310360457237073920
1310477471570186240
1310592825252290560
1311508333874954240
1309618341707882497
1310622004236746753