1306678495406428160
1306684271353102337
1306687716650819586
1306844003061690368
1307142439631646720
1307585932053409793
1306682768500420611
1306682881972944896
1306684351258779649
1306684976730120192
1306685222394761216
1306685243584401408
1306693644250996736
1306695142380908544
1306702092736712704
1306712305502228483
1306722527205617666
1306739702381252608
1306759286048124930
1306804702860980228
1306825715283906561
1306868560938106880
1306900747649519623
1306903330812289024
1306912532616146945
1306924441537064961
1306926151693107200
1306929482209599489
1306931915774136320
1306955688132911104
1306962323563835398
1306962961362231296
1306969696948949002
1306972787744018434
1307464765355241474
1307773032325353474
1307781652223938560
1308182509717422081
1308247591876870145