1306312742966562820
1306317252485148672
1306322826392203264
1306329226350600193
1306329738395430914
1306618683180150785
1310571048044298246
1306331173245706241
1306387125923917826
1306318733170954242
1306321182724038656
1306322399013539840
1306328945915240454
1306330967183962113
1306333484902944770
1306351235088494597
1306353538029809672
1306354115484815360
1306355149229744133
1306358908789940224
1306360349197701121
1306360587044237315
1306360642992046080
1306360830502469632
1306360851759280128
1306361002800427008
1306363154595811337
1306363645937549313
1306364366288166913
1306366044467081216
1306367620938190850
1306367752647651331
1306369472245104640
1306371569246187520
1306376023437697025
1306385829233713152
1306413553524637697
1306415684461756417
1306415809498157056
1306422965882544129
1306426526011928576
1306429945233600512
1306431957623074816
1306459032744419328
1306476419233521664
1306486400003473409
1306541395834880000
1306541429632593921
1306608663721893895
1306611251129114629
1306611251343233026
1306617664073355270
1306633071014285313
1306783069425348608