1304002735323451392
1304000637651152896
1304058921301106688
1304079179332243457
1304004715148173314
1304006367879901186
1304006576114630656
1304006756364816385
1304006761523949568
1304009118747746305
1304010431913250818
1304011811830857728
1304013325865562119
1304018090129158144
1304018891518218240
1304020765965250560
1304026767770804224
1304027737020084226
1304029364334411780
1304033365201506305
1304036373998034944
1304041976292093952
1304053143295066113
1304057159664185346
1304060346978762754
1304067544647688193
1304097055896252416
1304097844404662274
1304106756503674880
1304156480984305664
1304165415208333312
1304169382705201152
1304191133929668610
1304200612339302400
1304226051212615680
1304238760561909760
1304288153654693889
1304008334064975872
1304008376452558851