1302292762545524737
1302293434158526466
1302295807702392834
1302300394517942273
1302305548105388033
1302306612330127360
1302307988896731139
1302308718122393600
1302326720725311488
1302338748999520256
1302340562335432705
1302354339391037441
1302396703383969792
1302449580647342080
1302449714143600644
1302470985510203392
1302488860966838273
1302541951321899008
1302563241026084866
1302567157310472193
1302586457534627842
1302598179158929408
1302602739269206017
1302611136773267463
1302630639045242881
1302631493508923392
1302631713500209152
1302651502805221377
1302665804467646465
1302731636660932609
1303057027581620225