1301516862937862148
1301175497406271494
1301234685557633024
1301276717743394816
1301278274216230917
1301279059222159360
1301184033582448643
1301184573850750978
1301184984309432320
1301185374476070912
1301185999595360257
1301208474056036357
1301221642756960256
1301224804897488896
1301234948389699585
1301252278003920897
1301261216229228544
1301265179271983115
1301265644525060103
1301287439214968833
1301294228996329475
1301305034093875201
1301327582143549441
1301371824413069313
1301696538251583488
1305039856083505152
1301188833883697155
1301290172806508544
1301333823414657024
1301433141064851457
1301471539532099594
1301496444835237888
1301532256398434313
1301537620543991809
1301553495686946816
1301870044805304321
1303461744438902788