1307390488190709760
1307396664110592008
1307397353767403521
1307424047752507392
1307427105756512256
1307439047946776577
1307439565444087809
1307440646525980673
1307447144979324928
1307449823197646848
1307450163649273857
1307453606073962497
1307461765895159809
1307464778865168384
1307475615818240002
1307502559188389888
1307525761918734337
1307554992367251460
1307556037751435265
1307556809939595265
1307560361617489927
1307572855262130176
1307584926041223169
1307602887502000129
1307620505902559232
1307627839110307840
1307630751224082432
1307650332399464448
1307651268614057988
1307674563237486594
1307676346324258819
1307687267021074434
1307695585441570816
1307700887888904192
1307701616905080832
1307702454583283712
1307712354331668481
1307746277124382720
1307748538470760454
1307773922449010691
1307606203401490433
1307622964439977985
1307623652159037440
1307739995709476864