1311365611403042817
1311367438047629312
1311369853324931075
1311374227862323201
1311377820497534977
1311382855549767680
1311384869172199424
1311407476588371970
1311433435412529152
1311466016606740480
1311492027041808384
1311622825975992320
1311742739202088960
1311762297233174529
1311827629213798401
1312020532385083393
1312892461245591559
1311366774059921410
1311378432664776704
1311390987877400576
1311406008607145989
1311474749055275008
1311376711506944000
1311379064440139782
1311379785772404737
1311381580582010881
1311394624255164419
1311631981504016387
1311649469964967938
1311650310574739463
1311654311324155910
1311388830008737802