1309904858636529669
1311036846093336578
1309909632337489920
1309910560729780224
1309910575233851393
1309910965119528960
1309911725186056193
1309912035950563329
1309912357678788608
1309915651155271680
1309917687011782658
1309918757796696065
1309920695799824385
1309921129264418816
1309922387790454784
1309934910334005248
1309943416873197576
1309946352961544192
1309948195410149384
1309953840368816129
1309956726888816640
1309957896629710854
1310031811339104256
1310045742321430529
1310053748220268549
1310057491900719105
1310069233791848448
1310119868985942017
1310124751206006785
1310135038579802112
1310138582204649474
1310140846352654336
1310143111444590594
1310143681928867842
1310144034166304768
1310152357221724162
1310152965223854083
1310158965775282176
1310159182402854912
1310174591097204741
1310185607906226176
1310185626335993861
1310185764160897025
1310188590433890304
1310193184266285057
1310207704951070720
1310207947251814401
1310269943502589953
1310280396278575104
1310291371694194689
1310520554961530880
1309911881436594176