1305558735952191490
1305560129115480065
1305560274989133829
1305569570233647105
1305576671689539585
1305622537196298240
1305627361484976130
1305655533307940870
1305659899083468800
1305663762788020224
1305665029560098816
1305669697338306560
1305673807789568000
1305680535348490241
1305706292338540546
1305724508989526016
1305734180970606592
1305739511628836865
1305740549161390080
1305753977687019520
1305760227678068736
1305768012042170368
1305785188044222464
1305786065039634432
1305786299736039424
1305788030779678720
1305790950568943616
1305791435434799104
1305793221734391813
1305796311795417088
1305797561089839106
1305800825445535747
1305804058368839681
1305806431606669312
1305807685976240129
1305812005929062401
1305813067142373382
1305825845022392320
1305827587978145792
1305833333843165184
1305833562659192833
1305836007745630212
1305840108310917120
1305848182958587904
1305853846380376064
1305865563495899136
1305906080782970886
1306023118268502017
1306110326648135680
1306227968113610752
1305587157944467456
1305563409417515008
1305563737714077696
1305589728687910912
1305746000049471488
1309173002513326080