1306338336773230595
1306341244570939393
1306342125169184776
1306347720114941958
1306370206500032512
1306370511274942464
1306390225061511168
1306423578632638464
1306424169916174341
1306432675310383104
1306444919024889856
1306446425006329856
1306449083922558976
1306467324157784064
1306527809913991169
1306565646751346689
1306565852897193989
1306566780593332224
1306587553609527298
1306588522518847490
1306600459889553414
1306613331810164736
1306673713857941508
1306689500874235904
1306691324817612820
1306698820722536448
1306742995795038215
1306762401740546048
1306763856891400192
1306773231760674819
1306804241881690113
1306807050215649280
1306808758681497600
1306820035747483648
1306824568502472704
1306846593916829698
1306849807588261888
1307095145125482499
1307107711214129152
1307186148754616320
1307438542553972736
1307572638156455941
1307577654741065729
1307579592325107712
1307581172784848896
1307582122253672448
1307647777124397057
1307687015052390402
1307693617851568128
1307745118783496194
1307869127726383104
1307996014222233602
1308080621508591617
1308082350241148928
1308085268734521346
1308093438701662208
1308097784273403905
1308097926552526854
1308103367961395200
1308104327702118400
1308113303621705728
1308125408802607106
1308133185016922112
1308140361664073735
1308148470914650112
1308154956483096578
1308157620084146176
1308157839219843072
1308162855221460992
1308163044627939328
1308165103490080770
1308165774696120321
1308173995645243394
1308183315837366273
1308183538257342465
1308191300429250560
1308205976328310784
1308207989308796928
1308213778299969536
1308216677008658433
1308226100540006401
1308228978759446528
1308230195292368896
1308287212509773824
1308308368994508800
1308338711441088514
1308363565229891584
1308379826919800832
1308389016006348800
1308407970158579714
1308419294666067972
1308487154042105857
1308487254608957444
1308499770877583368
1308544960527044608
1308584773921595395
1308585179649200130
1308585661755265025
1308585796341960704
1308590126369472518
1308602431379591168
1308617786919464962
1308621277754781697
1308629543972937728
1308651495953281024
1308684919464484864
1308803853329072130
1308864205441953794
1309294507939246080