1303422188423450624
1303437855365177346
1303531417046003717
1303672793230385153
1303673473127141377
1303674132454834181
1303676677713793024
1303681350470381569
1303686215615606784
1303700102767411202
1303721442685591553
1303387392666107905
1303389098892308481
1303392765242478592
1303414542194618369
1303416853201641475
1303425309442801664
1303432590221860868
1303447177520447489
1303451336156024832
1303451719830040578
1303455033577615360
1303461443262611456
1303474482426781696
1303474980903178240
1303494073970556933
1303511020820889603
1303581461652680704
1303699625333972999
1303701474434785285
1304791155016695817
1304863792455651328
1304925662688534529
1305002478245609472
1305022818518806528
1305133691379879936
1305291959116890115
1305335861555474432
1305356118651285510
1305500512335388672
1305701050884616192
1306243684405579776
1306579698064003078
1311637547282575361