1309549585694683136
1309932715874156547
1310560393245257729
1309525916364804096
1309526070052429827
1309552801823875072
1309735049303068672
1309526202445594626
1309526474714763270
1309526477420081153
1309526708492685313
1309779042472808448
1311542399559180289
1309526909420818432
1309527069735497729
1309711153552072704
1309527394416553990
1309527396035502082
1309527588226949120
1309528053492654081
1309530225609519105
1309539282319740930
1309586807080792065
1309739046118326272
1309820822266183680
1309933262878449664
1309773120832704513
1309859082648649728
1309859993034907648
1309870783574011905
1309898812341858304
1310031527938371584
1310041577021214720
1310174813206515718
1310196799362052096
1310211407267291138
1310223100961681408
1310395282585083905
1310546126429237249
1309586120267706368
1309666400580100101
1309536603505930240
1309539061003100160
1309546472489263104
1309595263884054530
1309607281420414976