1302145559533289472
1302146549426745347
1302147954992586752
1302152678403837957
1302154095155970048
1302157196688408577
1302159145374814208
1302165480707297280
1302165777420709888
1302167145648881665
1302187801526501376
1302187886364762113
1302193959037534208
1302196009162936320
1302196822379651072
1302202752974630917
1302204360823193600
1302204884083789824
1302207635391942657
1302211163548200962
1302217144596402177
1302217500441149447
1302218142689574913
1302218145965518849
1302219572821528576
1302223653757743106
1302223876164853763
1302227277325824000
1302233086667694081
1302235115876122625
1302239815287570433
1302247675199397888
1302247791209721857
1302248710731046913
1302250543079776256
1302254913267867654
1302266041083424770
1302266083764830208
1302266426376572931
1302266941088903168
1302267445365923840
1302268411326717961
1302274362607898635
1302274513346768896
1302281454530048002
1302304179571118083
1302333279782219781
1302335011794812928
1302337588582330368
1302347058339147777
1302353073420021760
1302404927952740353
1302418128064974848
1302422649155366912
1302432764902297600
1302435724722147329
1302449872742674434
1302482208830046208
1302490147045343233
1302493724463845382
1302514630858858496
1302568681075924992
1302591315146944517
1302591690813976576
1302607023582842883
1302609261344817152
1302748230367633408
1302773685724553216
1302882786714419200
1303608143444877312
1304009990949285891
1304011891015143426
1304012012251475968
1304012541513945088
1304057558303465472
1304295292620210176
1305309215049867264
1305597429501186048