1310716040838512640
1306300470860886022
1306301557236002819
1306379533193555970
1306387145658044417
1306408411538632705
1306445211585802240
1306446176405790720
1306455287130402816
1306474631025491968
1306490715946602496
1306524312304787456
1306544315087294464
1306563441503674368
1306924004318404608
1307349495286382592
1307502165418631168
1306305576432005122
1306307817918410752
1306312285892292609
1306320019295477769
1306323482628808706
1306324625933049857
1306340404141359106
1306485594785112070
1306496634386219008
1306545562473373696
1306561548966535170
1306657641008160768