1309602750871732224
1309521164021174273
1309526989217230849
1309662691397718022
1310379842651611136
1309520572850765827
1309521312143081475
1309521343763939328
1309521969205911552
1309522048205623296
1309522837099761665
1309526197420859393
1309527148378705921
1309528767631511552
1309529501546635264
1309536422911791106
1309536498467966977
1309543938626387968
1309558073279705089
1309569398127177729
1309569636434763776
1309571818047508480
1309575817295540229
1309588520177201152
1309682791949377536
1309758092209422342
1309758570569830402
1309791755533910017
1309816989548867584
1309821334747320320
1309827314579124225
1309842569220763648
1309843287449108481
1309871241428377601
1309877290290106368
1309877964738183175
1309900043072270342
1309943374628057088
1309521384234774532
1309524120317693952
1309525833586028546
1309521544218062850
1309524162096979969
1309528201752973312
1309522142787186688
1309523028984897536
1309525002321096706