1310991813717774339
1310992292866600962
1310994017966907392
1310994134719696900
1310994353427447808
1310994911848734720
1310995695273353217
1310997604201791490
1310997965478260736
1310998753780707328
1311002281857310720
1311006747402760193
1311012700475002882
1311013370598809601
1311019323113328640
1311028059697541122
1311028248659324940
1311052571155415040
1311055394106560512
1311097361805041664
1311102173963575298
1311106497149956096
1311128739296796674
1311140655939289088
1311243246836871168
1311254518701547520
1311281018868060166
1311288013893271552
1311349841994420225
1311422110959456258
1311423323805495296
1311423469611933696
1311433757656662016
1311435472602837001
1311435985276727296
1311437130959388676
1311438284342648833
1311439697265262597
1311491063970967553
1311537668631662592
1311645021658112005
1311662829963894784
1312082834396344320
1311005205643714562
1311016617996955655
1311173079242928128
1311201267960573955