1310663599443136513
1310664564925706240
1310667206854803456
1310673229883805698
1310678265699287040
1310926937443807232
1310927354366230529
1310933004508954625
1310948539552456706
1311042006739611648
1310664417713979393
1310664908577488897
1310665998089949185
1310669106618621953
1310669329151582208
1310687435890679809
1310693904136777730
1310719216467603457
1310723327225483267
1310729392809598976
1310734701817204736
1310756537514721284
1310779740530245632
1310783536908111873
1310793786310754305
1310795131537231872
1310795461595365377
1310795473318367232
1310797668143202305
1310797735231213568
1310797751395983361
1310799090293370883
1310799383244439552
1310799500408221697
1310800270691975168
1310800699010232320
1310801790372323328
1310806885059055619
1310808797124980737
1310809521695072256
1310894604934356992
1310916840462462976
1310918495656386561
1310925844802658304
1310665818489917440
1310666725470416896
1310666758584512512
1310667773320679424
1310681881080483842
1310701172785852416
1310838631326720000
1310839047355609088
1310845956263469056
1310852189838102528
1310871143100772352
1311404276615385090
1310665676860858370
1310667421175263232
1310666002980634624
1310667082640625664
1310813803467005953
1310668540308074496
1310667819349090304
1310667908683575297
1310752623780397056
1310950997448155138