1308793318029930498
1308191326882664448
1308314328672604162
1308317414925504517
1308137094255054848
1308135529767149569
1308308061732339713
1308228494636314624
1308229746963120128
1308144865872613379
1308155498148114432
1308190194034716672
1308211849339514880
1308223119086301185
1308223454492143618
1308227071269842946
1308231055158046720
1308236284461109248
1308245692578557960
1308247455016738816
1308259483093696517
1308310490628722690
1308323741013864448
1308333359563780101
1308336704537858048
1308345060900175872
1308364609741565955
1308369818559672320
1308447895918653440
1308457202907111425
1308505294876573696
1308135956726378505
1308139954749485056
1308140529302020105
1308143662929334272
1308144899745775619
1308148905012416512
1308154948224528386
1308158669406732294
1308169921768161280
1308172813187112961
1308258383489724416
1308276499548643328
1308320003452698625