1308091061093502976
1308091144878858240
1308091864172703744
1308092017357058049
1308092055495868417
1308092855882260480
1308093950616629251
1308094352812642304
1308094826060054528
1308095771540029440
1308097511995977728
1308104218293616640
1308104773128855552
1308111067596300288
1308122517752684545
1308191419086049280
1308260070971457537
1308608520254676992
1308138998204895232
1308134109512970241
1308097239839993856
1308097473869684738
1308097939496226816
1308098489394573312
1308099076110430210
1308099273196666882
1308100800137310214
1308101466964537352
1308102285801795584
1308104361701122048
1308105762179354631
1308106255572119553
1308108501495853059
1308109142792589312
1308110233013817345
1308114041257172992
1308117162213679109
1308119624437833729
1308122484638658561
1308137953890381827
1308151043738435585
1308171818252013576
1308262495832989697
1308273772936323073
1308373195330850818
1308623059839004673
1308106639204134917
1308111452037881859
1308112854935941120
1308113382202134528
1308163031868870657
1308228713939480578
1308240538789765126
1308248469635764225
1308249844503293954
1308252117916819460
1308253938718773248
1308274135269814272
1308281864767942656
1308327516441116672
1308335761364783106
1308362545330376704
1308374151783165952
1308414839761633290
1308427515564888069
1308432808537251840
1308589490819264513
1308608643311398913
1308107544578097152
1308107828389961728