1303220942965846018
1303222729219256321
1303223368720748545
1303223689023021056
1303224101180338176
1303224226531487745
1303224505377214464
1303224652710457344
1303224713217482755
1303225433387925504
1303225866214809600
1303229305569202176
1303231235171516423
1303231313940377600
1303231474372616192
1303231532753068032
1303233633000419328
1303235516494524419
1303237354837217281
1303241778410262528
1303245974245122048
1303249006160617472
1303249884397666305
1303252713644400641
1303256332749778946
1303269441384443904
1303270752578224130
1303273019733835776
1303275544310460416
1303277737109585920
1303278429589008384
1303283276799528961
1303283914413346816
1303291804834361344
1303293155622686721
1303294371429785604
1303296006977658881
1303300997763063810
1303303024744554496
1303318560366710784
1303324506975596546
1303324574210314246
1303324829840482306
1303325301380911106
1303328676537339909
1303337343588339712
1303341816637521922
1303342488866836480
1303346521262485505
1303346615436992513
1303351949589385216
1303352726160465920
1303364713611485184
1303366269601820673
1303378099065806848
1303383596233879552
1303384023201443843
1303388902372372480
1303389712116322307
1303390639820861443
1303390869119070209
1303394396562309120
1303395772524707842
1303398403238506502
1303412568086712322
1303413964978745346
1303414208252579841
1303421193312022528
1303430161786900480
1303436570553442306
1303442552151048195
1303444247056580608
1303444992707489792
1303446334842699777
1303449555669643266
1303454300027473920
1303454479845666817
1303457055509012482
1303459216531709953
1303460270220738560
1303464559206899712
1303466622645133313
1303469718846631936
1303481188028502016
1303494616176418816
1303494701148856320
1303496692168261632
1303507186103062529
1303509271431262209
1303510613537091584
1303510763886108672
1303513154534604800
1303513545011675136
1303518223732797440
1303527547800449024
1303529117510295554
1303530334643007488
1303531299127390208
1303532444692500481
1303536881825648640
1303538810723024897
1303544440896679936
1303548617496629252
1303551154966745093
1303551553840783362
1303559778786971648
1303577188416065536
1303579864633573377
1303584884930170880
1303706335872077824
1303720961292808192
1303736030919626757
1303806369359974403
1305284194889871373
1309178337529528320