1309219450927882241
1309151926693629953
1309135010948091905
1309135245661425669
1309135358483935232
1309136264474562567
1309138736945471488
1309141323002318849
1309142143819083781
1309460178132107264
1310576085776687104
1309156314141032451
1309169324813361153
1309174182157185024
1309180055789207552
1309222835295064071
1309250287648092160
1309323780137857024
1309441413994643456
1309145223692521483
1309414092159975425
1310482316175839232
1309143001034358784
1309143708831551488
1309151433976156160
1309184847966097411
1309238840301891585
1309246188336459776
1309248056479461376
1309280791948677125
1309149238115348482
1309411803118665729