1308099018514407425
1308062547715727362
1308084927582306307
1308062495161155588
1308062578074030085
1308062774443081728
1308062850879909890
1308064942617227264
1308065400375173122
1308065600951013378
1308067154298843136
1308067259122962432
1308068622233931776
1308070832502050817
1308108224340475904
1308123139159855106
1308199446354841603
1308202704720867328
1308230236425789440
1308242153513000960
1308304416538230784
1308333530930348033
1308063550913548288
1308064018301620229
1310649040594448387
1308064290205831168
1308218805034782721
1308318475987881984
1308064874761781251
1308065121974063106
1308065250776936449
1308065388215894018
1308066540709765121
1308065500275118080
1308065748183429122
1308065786829955076
1308065801283473408
1308533339318558721
1308584130817323009
1308681359116980226
1308066075750342656
1308066386464440321
1308066976917581825
1308087714001158144
1308067240361820160
1308087810830864388
1308086488769474561
1308102491675013121
1308300586891182081