1303451409870970880
1303452316138459137
1303454285821292545
1303462411245105152
1303466892062076929
1303469667957141505
1303481462721740802
1303489182258597889
1303590652827987968
1303668880867561472
1303990625583484928
1304203469243514884
1304522383018070017
1304573827637227520
1304620921278390272
1304790189492113408
1304790773049761795
1304800122962956288
1304894934441496587
1304899564617510915
1304904233032888320
1304906984072843265
1304923610717405190
1304932545469898752
1304945850045607942
1304980808072134656
1304996510275432448
1305003121802842112
1305022893961744385
1305051536951828481
1305061608947933184
1305070092456267776
1305128495937392646
1305129064538152962
1305137304076529664
1305137390995075072
1305148819173191682
1305243598351290368
1305350277445423105
1305500558728536064
1305719919510720512
1305749964161597441
1306588505141915648
1306956442121965574
1308138648143949824
1308176285131128832
1310253808581316617
1311148486222639105
1311849359521312768
1312178737253806080
1312403023914766336
1312697330186031106
1303342525541949440
1303345151054696450
1303420087408488455
1303529319256461315
1303637259216998401
1304650611355344898
1303347034473345026