1303018003815165953
1303018005077450753
1303018246992465922
1303018511434801152
1303018813932224512
1303019011387666437
1303020070679977984
1303020147024769027
1303020340701007872
1303020588156452864
1303020839567159296
1303023019045126146
1303027277756641280
1303031351055134720
1303033631481495553
1303040183839985665
1303040389943754752
1303046969506504705
1303052796539949056
1303057711328714752
1303072874324848641
1303094496654168065
1303096197674971136
1303113656440365056
1303125681103155201
1303131570165952514
1303139567390908420
1303140633897467904
1303146559555731457
1303154004428455937
1303155152971538432
1303162624943828992
1303166160352038917
1303173562878967809
1303180244895952896
1303185705498218497
1303188324056625153
1303188821220233216
1303191795459907590
1303200573383155712
1303209276945686530
1303213444204691457
1303214190077841408
1303215808957444096
1303244937819910145
1303268714800771074
1303309634057330688
1303316558916263936
1303368748120846336
1303370434256072704
1303385513425076225
1303403494838284288
1303424906261139456
1303515239476940800
1303620393241116673
1304127426650226688
1304657931695259655
1304731172069539840
1304885743995686912
1305015093671976961
1305165450213429253
1305323505370763267
1305590597718335488
1305677176210153477
1306293339919134720
1307328717631483909
1307345250822873092
1308257746203095042
1312913814346592256
1303058382740488195