1305842848584151042
1308982075522011136
1305633131714818048
1305644867452833792
1305570212671037441
1305591876238491649
1305607831643721728
1306362034993483779
1305576785145401348
1305576923330940929
1305577855712141313
1305578199297011720
1305578207001927680
1305579071426801664
1305579133867450368
1305579440521523200
1305580975599112196
1305581576021966849
1305582024418299904
1305582389717073927
1305583403710976001
1305583903525216264
1305587028122193921
1305590122570821639
1305590671416471552
1305596015878246400
1305597025656991749
1305597083282337792
1305598826120491008
1305598935247929344
1305602265776926720
1305602391409004545
1305608943792795650
1305617587305316352
1305621992658341894
1305622357155995649
1305622961630699520
1305623356805267456
1305625250885902337
1305625560597630982
1305633891407949824
1305641835826573315
1305644087253458946
1305655114565214208
1305665403478310917
1305679713202036736
1305685916674076673
1305701240156958721
1305709023962988545
1305744557993160706
1305753687952969731
1305754398061199360
1305754482945527808
1305775373364244488
1305787927222513664
1305811725460156416
1305838799881220098
1305845389858426885
1305853542234685441
1305857078653784066
1305861683877945345
1305871526147874816
1305906930972385284
1305907698765099008
1305908911657058304
1305927253449084928
1305932718497296388
1305933401677996032
1305950364546396160
1306032970441068546
1306113318612922374
1306143781184565248
1306191998064496640
1306212424782143489
1306232855438200832
1306247337929510912
1306669976648970240
1308505214836670464