1303806790149328896
1303807453604315143
1303808508777832448
1303808678496219137
1303811180679565312
1303811326859509764
1303822338970931200
1303826701990998021
1303831506801090562
1303836690566373376
1303837783828697092
1303849060105945088
1303860221006278657
1303884938295476224
1303926915431100416
1303933453822554113
1303934997892603915
1303937971268321280
1304012691779055616
1304022672888664064
1304031126059716608
1304055359938625537
1304083453252694018
1304122460380553217
1304139074861559809
1304196574214410240
1304245150366003201
1304264567606964226
1304393252955721730
1304510362167857152
1304519363345743878
1304592070103924736
1304646183281856512
1304706845597077511
1304707274477240320
1304786536412700673
1304835383700660226
1304848093687484421
1304874709318684673
1304961430085496832
1304975305665384448
1305049612873592832
1305149205846151171
1305151676744175617
1305219342251044864
1305323184938389505
1305348598868119552
1305616359229779968
1305624491574272001
1305626320177639431
1305632490279768064
1305634557589364736
1305641306388082690
1305644584903507968
1305669248824434688
1305692993341587456
1305717308170604545
1305730385616273408
1305766486942855168
1305772527134806016
1305931585162682369
1305972925279895552
1306030865840050176
1306046699295535104
1306122985103855620
1306125047606603776
1306324080510095363