1309605817939890179
1309613413090373640
1309613555180765186
1309614855821819904
1309615106997788673
1309617367845019648
1309623735247200257
1309638608480096261
1309642232836820993
1309644245792256001
1309652797722423297
1309662620543315971
1309667747492634624
1309672783882878976
1309673395915816961
1309679558757548032
1309681801426681856
1309686756007006210
1309687216080379904
1309699635792039936
1309701712341430272
1309702289943392258
1309702501239750656
1309702573092409344
1309703264250875904
1309703835254841346
1309718175706120197
1309718409081315332
1309730984364044288
1309734570825310208
1309738374312292352
1309743088579952640
1309760408409038848
1309813109037694982
1309829919350771712
1309830582101311489
1309856292220088324
1309867693693005826
1309901565462024200
1310416495978016768
1310650098561449985