1304046994982395905
1304453147813969920
1304581690862505986
1306391248018710529
1304047163538890757
1304047452031459329
1304048434912153603
1304060179550531584
1304051013427638272
1304060271477116933
1304051171842289664
1304051999336525824
1304052064918491140
1304469170843680771
1304052317889626112
1304315591696830464
1304057461574447109
1304057751182729218
1304058578014277634
1304172108986093569
1304173039668482048
1304173065748852736
1304175338407301120
1304175775336325121
1304179837708447744
1304187843397517314
1304188819294560257
1304196587002839040
1304249636903845900
1304339550169436161