1307058410979028992
1307071225127219200
1307083102813069319
1307083349920550913
1307156826773954560
1307419904891650049
1307901457891557377
1308075169043357696
1307055038481739780
1307096114479460354
1307183096412819456
1307183429621035009
1307474976098770944
1307665080218193920
1307958954673274880
1307056365119197186
1307057925240872960
1307078338641567746
1307136115904839680
1307346677880233986
1307372455120470018
1307058474459828225
1307059316764049413
1307059543474610177
1307059547199205379
1307062320024236033
1307064186611130368
1307065000712904707
1307068900723617792
1307070902287425536
1307095761474252807
1307096135815888897
1307102208341823491
1307127247434911744
1307139320298508290
1307160090462609411
1307173577142145024
1307255225863081990
1307284224077111297
1307290993524273152
1307292626899603457
1307342336469291008
1307342559073632258
1307360791113261057
1307377264779235328
1307396475660402688
1307398539778154498
1307445985925267456
1307509455127486464
1307958773470892033
1308085277546684417
1308180005675913216