1308768151920947201
1308768262960951296
1308780525243383808
1308800519121625088
1308804213686898688
1308816218053201920
1308839145050079236
1308864876283035649
1308889803585449987
1308899811056328709
1308902803360886786
1308910779735986177
1308919181153370113
1308920417143394305
1308933714357948423
1308950826786848768
1308978244297854977
1308997895539036160
1309004137208610818
1309014316973273090
1309029222065807362
1309042077284655106
1309090002249408513
1309100463393050627
1309129927959228421
1309234445812150274
1309236745012154368
1309281865774190592
1309410580340633601
1309431759352877056
1309434730878824448
1309446574045646848
1309473080771850240
1309474320947830787
1309480030100127744
1309485638438313984
1309486895739604992
1309488725299204096
1309490109427793920
1309505606215180290
1309511602153029632
1309526518893223936
1309813661272244225
1309822023112314885
1309830620353310721
1309830792437211137
1309833769944317952
1309841142343757826
1309868397065318403
1309869253231771648
1309873155100626946
1309873488862339073
1309874450343419904
1309878169885966336
1309878212055445505
1309878904887312384
1309894150935007233
1309894675411734528
1309895337725882368
1309896214893277184
1309897158074740739
1309903041701670912
1309914153759502341
1309938551023382529
1309948483768590336
1309984601570455555
1310010144567234561
1310046950084014080
1310081921116852225
1310130613702340608
1310140823984627715
1310154105013313536
1310166013674225666
1310171990226067461
1310180902186749955
1310182201775001600
1310189514581839872
1310190601749499905
1310201543942123524
1310205417197166593
1310210644457684992
1310213144271376386
1310214108957028353
1310221310824452096
1310223948638896128
1310231545064505344
1310242430529216515
1310253313431138307
1310253706521317376
1310255266898812928
1310413811539742720
1310466485354102785
1310470368470224896
1310576244874973185
1310941100400676865
1311303374621597698
1311303843322490882
1311309892318375939
1311381564199260161
1311566847196635137
1311626859805913088
1311964550938402816
1311978170179088392
1312088865579114500
1312097891541028866
1312101041958080512
1312101167736840192
1312121086037782529
1312175207084224515
1312193555390058496
1312225344397639681
1312235012197097474
1312267815932563457
1312295473286311936
1312393795879809024
1312411689103568897
1312426020457402368
1312430961842323458
1312461466784595969
1312476969368391680
1312478193023029249
1312589582077054977
1312607986767015936
1312619666401943552
1312640165437992962
1312688720143941632
1312703869554753537
1312724936297975810
1312795107398049793
1312900015459717120
1312963986418139136
1312966754507907072
1312976808736813056
1312992454723792897
1313000321346498560