1305492984344055810
1305629218664075266
1305639490829066246
1305645397063487489
1305654556282454016
1305678862320197633
1305688198849462272
1305494140814270464
1305494992912134144
1305500908353196034
1305502096691691520
1305502958059225090
1305521244482265089
1305533722096218113
1305636981981032448
1305681283000004608
1305716532425699329
1305720500337827840
1305752851386380288
1305791669053390848
1306204127005900802
1305644729229606912
1305644774528086016
1305647279211241473
1305908235896074241
1305502592965976064
1305503095460331522
1305525363578220545
1305503346263035905
1306130939056021506
1305503779350081536
1305504278975578114
1307518611414814720
1305504495862980608
1305514482718912513
1305844474808074252
1305504874482855936
1305523895315947520
1305504875816640513
1305505109812494336
1305805959235739648
1305868118355476482
1306151279115137024
1305505384162095105
1305505389790732290
1305505557869146113
1305506023143362568
1305506447040688129
1305507714282463233
1305509915922960385
1305524072000958466
1305730101129039872
1305831346187776000
1305511132233256960
1305531004690587650