1306497121579937793
1306497402983997440
1306497880870522881
1306502335611498496
1306504720668930048
1306540356713041920
1306551998624530432
1306569817223245824
1306585368679141376
1306631754103562241
1306650586008424450
1306661856849911810
1306720928462770176
1306721662843445250
1306824372494032896
1306824456287825920
1306824566279348224
1306825002608549888
1306848209571115008
1306852276905160704
1306854618903834624
1306975949473361922
1307286741678784515
1306500694451662848
1306498525346365445
1306498741482868737
1306501377494052868
1306520746974425090
1307422120914423813
1307428091778793472
1308339453090553857
1306498850618773506
1306498976019968000
1306498981799788545
1306499033314123778
1306499058714861568
1306499093414383616
1307423013730750464
1306499351460675587
1306500432605458432
1306501221658669060
1307425089718280195
1306501265141137408
1306504747063611393
1306505656518795265
1306509635457814529
1306787528112996353
1306538032896540672
1306501498835214338
1306506679765200898
1306513236276252673
1306520504656896000
1306528543657033728