1308893213030330368
1308893322736476160
1308894036565073921
1308894263456006149
1308894278530326528
1308894363477512192
1308894610303987721
1308896080193622020
1308896216634273800
1308900234832076800
1308901014247010306
1308904760506974208
1308911198197473280
1308925680869167106
1308926835116445703
1308927321555054592
1308929665344647168
1308931339538710528
1308940742728052741
1308941867854299136
1308944219780730881
1308947294339969026
1308947394772570112
1308948104809340928
1308949349720875008
1308959504101502976
1308959926602076160
1308970406594969600
1308973580504489987
1308978522027970560
1308983040018972675
1309022809360871425
1309023596254240768
1309027168358367234
1309077158955036673
1309089659117596674
1309096686921437185
1309097774412161025
1309105972875493377
1309113531145564160
1309128757207236610
1309130082343149569
1309149058364309509
1309152638643077120
1309155638329716740
1309177624497991682
1309204707525656578
1309209348569067521
1309283783443582977
1309299846600445955
1309300941821222912
1309328654128693248
1309382343572905984
1309454846945263616
1309480026014912512
1309487437673099266
1309491706363080705
1309505518545907712
1309531653279105024
1309534261993598977
1309537392135528448
1309547751617650689
1309554467348586503
1309602424852807680
1309614044710449152
1309677621215727617
1309721694987321344
1309859569036713984
1310036262007566338
1310110730620866561
1310200196513570817
1310214783929659392
1310393647293177858
1310423333574451200
1310427867986030594
1310610111690280969
1310620293082181642
1310648487655153664
1310669868069302272
1310686531095605250
1310698479501574144
1310778665035210752
1310932413242060802
1310989578128502789
1311064931270189057
1311076399797678080
1311076922860998656
1311098536981794819
1311115250603827200
1311290773640544256
1311291055002841088
1311415290786349057
1311422889946746880