1306157077551673345
1306157161639112704
1306160881403920384
1306175215227998210
1306175959448473600
1306189678983421952
1306196112336809985
1306224451105816576
1306236144573538304
1306269035747778562
1306319260772257792
1306334082993852416
1306339078842060803
1306378570122616834
1306382527276494851
1306402750545244160
1306411917205008384
1306435726490378240
1306487353943433216
1306507263922896896
1306526383040942080
1306548170034262017
1306690024835100672
1306803899312025600
1306841481261522945
1307076661914066947
1307286153205227522
1306178431445499907
1306196083970682880