1308032227910057984
1308032584434282498
1308033120411750401
1308036249068937216
1308036795683295234
1308038774987915266
1308039077598507009
1308060932921266176
1308067509808123915
1308087453769756672
1308090582854590466
1308090761343307780
1308093507341484032
1308094056203862018
1308094655746027521
1308097146638553093
1308098565802262529
1308127472035098624
1308135742200320003
1308144046842564608
1308163853805473792
1308192186094288898
1308201882683428864
1308521287061471234
1308083033698902016
1308090723976327175
1308165158867476480
1308294632535539713
1308388097831432192
1308039185840959488
1308039584224288769
1308047557118042117