1310144467379220483
1310145398221271041
1310145911096569858
1310146182300139521
1310147242980851712
1310160420049649669
1310164188069867520
1310171143664472064
1310171462167396352
1310191381458178048
1310196888990171136
1310207800241352705
1310218672296865793
1310225308675723272
1310265631393091585
1310305038313689089
1310306178669346816
1310308142912278529
1310310007519326208
1310311133581127685
1310368027490349056
1310421773653958656
1310430528298823680
1310452630460669953
1310637250603094017
1310755064848551937