1301976789452025856
1301977099595583489
1301979045815398400
1301982078226051072
1301988323603275776
1301990510853201920
1302018333580034049
1302040107290042369
1302076995820494849
1302129163931758592
1302317648181489664
1302336581337051136
1302599900027392005
1302731918782476291
1302748491907608576
1302882565603430401
1301988085136265216
1301988356780363778
1301988420001112065
1301991307225845763
1301991453460017152
1301992991373119488
1301996351979388929
1302270965888552961
1302276474104406017
1302367242764668930
1302372719296737280
1302489904207650817
1302578290906066944
1302606848584024064
1302666434418552834
1302870944038490114
1302953198311944192
1303043871044235265
1303109301490376705