1308832345487806464
1309064991526596608
1308771371179220993
1308771700415311880
1308772542946181121
1308844148905185285
1308776661819813891
1308776818246332416
1308779377895899136
1308844193972973568
1308876453925224448
1309016634955309056
1309032874625073157
1308846422389817350
1308883322681032705
1308844098888048640
1308776595809808384
1308784170357813250
1308792910679281665
1308832009888960527
1308853221314756615
1308869409478451201
1309026650596802561
1308783918393561088
1308784140964294662
1308787230585094155
1308814218372800514
1308918081989816322