1306976883020619779
1306979245697232897
1306979360667324422
1306983936640380930
1306984851594067969
1306992727708532736
1307007506279837698
1307011016476094464
1307037082859311107
1307092402205872128
1307119874062381056
1307163955387752448
1307165710288740352
1307170075690938369
1307171171478183937
1307176701131194370
1307189178690535425
1307237327484276736
1307340498651160577
1307443498719891457
1307497349179215872
1307552637978517505
1307519017322766339
1312104234146381825
1307521080362496000
1306977379160596482
1306977487205945344
1306977622384144385
1307304965057150977
1306977796653297665
1306978502030307328
1306990467574165505
1306993235282329609
1307036533233459201
1307073338162978817
1307075469771264000
1307096634057265152
1307097044620804096
1307098408000331783
1307203891763834880
1307215718165999616
1306978971641434116
1310223315529859074
1306979060753616896
1307665260095004674
1306979628834271235
1306984729254780930
1306979767133057024
1306980245338284034
1306985337479020545
1307256515955273728
1306980544425664513
1306980565174935553
1306980927474671618
1306984582126817280
1306985178691067907
1306998125412966401
1307000306736168960
1307006242834046976
1307266797763207169
1307325177848623105
1307327043324071948
1307339265420996608
1307346655461531648
1307351370345754624
1307373378727227395
1307379548913373184
1307381457036419072
1307454606105022472
1307460381208526848
1307495651526291463
1307532536176926721
1307536856863645699
1307538009496092672
1307551442971111424
1307555046008262656
1307567879961948162
1307585276450140161
1307630967662809088
1307633261867405312
1307636881992175617
1307642331290574850
1307657182712868864
1307661098846355456
1307662701695504386
1307664657050513409
1307665542254338048
1307669239273336834
1307694888763318282
1307724895149842433
1307751676338724870
1307758633288167425
1307873049148973056
1308076187881795587
1308097977211187200
1308118600461332480
1308153635923046400
1308154492861296640
1308183688186716160
1308185537367302144
1308227736725381120
1308228416101998592
1308248843104944129
1308335005974880256
1308346764160761865
1308458042174959621
1308497460550082561
1308909503958654981
1309090090329739270
1309424633494478848
1309445896770392064
1309478213656043520
1309485777286361088
1309521410209931264
1309845416440102913
1309896353045241858
1309896541193342976
1310182089925341193
1310187937297039361
1310211492093067264
1310253577105846272
1310269947101278211
1310957863255314435
1311151745905700865
1311567052482641920
1311675842251157504
1312022372212383744
1312173674833694720
1312393892533239808
1312430991181443073
1312438561514246145
1312448724426080258
1312518395183525888
1312733446230466566
1312913142834364416
1312930176121139205
1312962602079641603
1306997035158077440
1307036600573063176
1307348597768216576
1306986411095142402
1307022558860959745
1307339194470199308
1309150978508296193