1308515272962301952
1308516782924128256
1308745305916145664
1308806017912696832
1311343173864628225
1308515641658421250
1308517798449217541
1308556860153364482
1308569681008054272
1308583040176791552
1308584685459574784
1308584801394401281
1308585179624009729
1308585228882059264
1308585290450243586
1308585391419604992
1308585573125246978
1308585759633362945
1308586337931538432
1308586513064628224
1308587135793070080
1308588771885985792
1308589894214856708
1308590165326266369
1308590434592198656
1308591034872606720
1308591345636958209
1308592060304207872
1308592532935397377
1308593221958803456
1308593430294134784
1308593644451004417
1308594368677318657
1308595728013578240
1308597975870922753
1308598632090759168
1308599632910381057
1308601114259001345
1308602100029423616
1308604200239030272
1308606478056529920
1308611562190536706
1308612086658822144
1308623994833100800
1308629950124220416
1308631618890817537
1308633139204497408
1308676519598776324
1308699583329968134
1308700975553748992
1308703565347684358
1308746089005162497
1308761982758076416
1308771758544244740
1308780264651448321
1308794298905788418
1308855032155181058
1308940960978677761
1308529760155336709
1308534310207664128
1308548529783267328
1308587494401810433
1308602472143810562
1308761063345643520
1308778910600093696