1306362537924079616
1306362781030113281
1306363079018655745
1306363204453400577
1306363230382632962
1306363242806153217
1306363351199625221
1306363395680198656
1306363511610589184
1306363666472882177
1306363699846881280
1306363753953259520
1306363770810363909
1306363801055318016
1306363830210048001
1306363884714881024
1306363980466794496
1306364001853546496
1306364078961631232
1306364148817821696
1306364212323782656
1306364261510320128
1306364354929987585
1306364413289480192
1306364430729568256
1306364501361602563
1306364505040056321
1306364517018816512
1306364521771085829
1306364580742955009
1306364648392851456
1306364656819343362
1306364679724335106
1306364697927712768
1306364702281228288
1306364707285151745
1306364772456296450
1306364786314276864
1306364796422557696
1306364806744748032
1306364861899833345
1306364877515128833
1306364908498378752
1306364941889404931
1306364953352232962
1306364956808544258
1306364958528147459
1306364980174884864
1306365024806502401
1306365033337597952
1306365034449301504
1306365055429038081
1306365055617957888
1306365060567232513
1306365070327164928
1306365075834449921
1306365080251109377
1306365085464637440
1306365105739714560
1306365118448644096
1306365159905128448
1306365190548656129
1306365193564323845
1306365206331785218
1306365260471898120
1306365264871612416
1306365289198747659
1306365302591098880
1306365310044438528
1306365314561605633
1306365315178213377
1306365323315159045
1306365351966498838
1306365360933806080
1306365431809298432
1306365453212594176
1306365461853020160
1306365480211419137
1306365483067736065
1306365491460616193
1306365506514038785
1306365525346451456
1306365551657263113
1306365553519411201
1306365554446409728
1306365567012679680
1306365608221523969
1306365625082626048
1306365625351237633
1306365630002716672
1306365633626402816
1306365702702419968
1306365705886019585
1306365708998189057
1306365712588353536
1306365721249812481
1306365726215733248
1306365734214344704
1306365735631876097
1306365755013951489
1306365771858284545
1306365792867553280
1306365797414113282
1306365805664362496
1306365822303166469
1306365823485845504
1306365906168279044
1306365914770743297
1306365918440755203
1306365943245930502
1306365943887601666
1306365968709496840
1306365977576140800
1306366049168826368
1306366061370114048
1306366069867786240
1306366091019591681
1306366108027547648
1306366110963576841
1306366144782229504
1306366162670882816
1306366179133411328
1306366191590608897
1306366246204604416
1306366279138197504
1306366292685983746
1306366313959358464
1306366351125209088
1306366384235044864
1306366384578998272
1306366443668217856
1306366456385417216
1306366477969235973
1306366532180537344
1306366534928011266
1306366541315801088
1306366568939610112
1306366588816420864
1306366593715310592
1306366613202128897
1306366638053371904
1306366640255361025
1306366681036460033
1306366685729951745
1306366706458210304
1306366732639129602
1306366758492700674
1306366786607230977
1306366803724185600
1306366866928041987
1306366925124104194
1306366933621780481
1306366951401443328
1306367033467187201
1306367118045306880
1306367142959312896
1306367155525447681
1306367168297213952
1306367172566867968
1306367183828606976
1306367186009600000
1306367189558202369
1306367197657411584
1306367223423021056
1306367262790647808
1306367286136111109
1306367290125025283
1306367326351175680
1306367395146199041
1306367395175436288
1306367404180729856
1306367424481103875
1306367436602650625
1306367448799760385
1306367491808153600
1306367525748383746
1306367570711203840
1306367608653045761
1306367642349891589
1306367696897036288
1306367700856385537
1306367706778742785
1306367760037892097
1306367765910032385
1306367811103711234
1306367823845834752
1306367832016351232
1306367899389526016
1306367961838612480
1306367982197768194
1306368151777685504
1306368204202270723
1306368217665994753
1306368356459507712
1306368372691677185
1306368372817494019
1306368495391834114
1306368549292781574
1306368653059854336
1306368661582618624
1306368666418786305
1306368682050887682
1306368818839658496
1306368947374231553
1306369005867937792
1306369047789858816
1306369098721497089
1306369148436520967
1306369151854936068
1306369157034897408
1306369181101613056
1306369186973847553
1306369212357672962
1306369266023837697
1306369357711245312
1306369392142422018
1306369487654907905
1306369534207684611
1306369537261146113
1306369643402190848
1306369726449430529
1306369752357429248
1306369832435068929
1306369906754150401
1306369911757963266
1306369919815241728
1306369920226263048
1306370020633501696
1306370024450519041
1306370050882965506
1306370204985733122
1306370347386634241
1306370410062270467
1306370411156963329
1306370423853121537
1306370431369252864
1306370515557322757
1306370595232251904
1306370610537340928
1306370616044515329
1306370617604792321
1306370683342073856
1306370726161776640
1306370780490616846
1306370809699676161
1306370817811460096
1306370922711052288
1306370958316507139
1306370979833184257
1306370981376782341
1306371026075504645
1306371040168247297
1306371095860113408
1306371114252341250
1306371153141866496
1306371271089946625
1306371273065467904
1306371384126308353
1306371480666554368
1306371534714548228
1306371565840465920
1306371567849537536
1306371626926252035
1306371664519876608
1306371707456946178
1306371710556368896
1306371757058777089
1306371786855124993
1306371887291863045
1306371890966138880
1306371971370881024
1306371979361095681
1306371999325773824
1306372042032214016
1306372059803648002
1306372202674024448
1306372291039817729
1306372340201279488
1306372516781461505
1306372578022363136
1306372617650274305
1306372638705500161
1306372761653334017
1306372772772352002
1306372935779717121
1306372986987900928
1306373004142796802
1306373072300191744
1306373085818429440
1306373166936338432
1306373245336256522
1306373271567228935
1306373354794885120
1306373380053049347
1306373440811696128
1306373494620340224
1306373498483470336
1306373543605817355
1306373589797490690
1306373674245660672
1306373863622742016
1306373866843930626
1306373886204813317
1306374059530137600
1306374204615536641
1306374230704095233
1306374295036329984
1306374303466901506
1306374307032043520
1306374546702970880
1306374547764129792
1306374618421264385
1306374683768401921
1306374721576022018
1306374777620377600
1306374781877485571
1306374879558721538
1306374936433393664
1306374978363772929
1306375175898791936
1306375204671815680
1306375331352379393
1306375440270069760
1306375632331460610
1306375699368833024
1306375745867001857
1306375771783442432
1306375914595393536
1306375926490558467
1306376010712207361
1306376153532301313
1306376286865158145
1306376359351070721
1306376387939512321
1306376636816912384
1306376802458308608
1306376999800315907
1306377030091657216
1306377179861716992
1306377344160903168
1306377559320322049
1306377633152679937
1306377688362311681
1306377691625648128
1306377784667697152
1306377999298695169
1306378019032961024
1306378133218701313
1306378301817061377
1306378333303853057
1306378358515576832
1306378400496451584
1306378443299446786
1306378493060546560
1306378505614172160
1306378640440131595
1306378702658428928
1306378903888433154
1306378920321638402
1306379076119269378
1306379081177608193
1306379210433257474
1306379332655276032
1306379369611440129
1306379496103256071
1306379546569170944
1306379692350423041
1306379702945210368
1306379734574661633
1306379781143801857
1306379894738223104
1306379911259660289
1306379973838729216
1306380162049740804
1306380213157154816
1306380376391192578
1306380414370680832
1306380455600623623
1306380532465491969
1306380600656318465
1306380628347232256
1306380657766141952
1306380737134891014
1306380750317662208
1306381040609624064
1306381132309688325
1306381183572471808
1306381202392338432
1306381332566560769
1306381425902460930
1306381445900926982
1306381546912268289
1306381676285751299
1306381751527198720
1306382104515801092
1306382410263793666
1306382439325904897
1306382460817747968
1306382624617889793
1306382658516246528
1306382677088575490
1306382683761643520
1306382705173630976
1306382738321219584
1306382784118710277
1306382842407063553
1306382850896195585
1306382948036468738
1306383061051899904
1306383191201153030
1306383261799772160
1306383362647490560
1306383857239941120
1306383862004461569
1306383895764500480
1306383975863197697
1306384059233439744
1306384092204851206
1306384129513140230
1306384131052507137
1306384155203317761
1306384168855633920
1306384170797723654
1306384185356152834
1306384187952435200
1306384256818540544
1306384259972837377
1306384471340523520
1306384491212988416
1306384507818311680
1306384511379349509
1306384553779625984
1306384557617360899
1306384565905371143
1306384570359648259
1306384571848687617
1306384574902145025
1306384608569823242
1306384722147315712
1306384751863889920
1306384771103195138
1306384775867924480
1306384914686922753
1306384918369333248
1306384936048439296
1306384948438409216
1306385036703301634
1306385141464469505
1306385170384125952
1306385254484115456
1306385340207431683
1306385371786338304
1306385409434423296
1306385446704906240
1306385455567568900
1306385484051034113
1306385577579810816
1306385602888249344
1306385628217700358
1306385736594264066
1306385780714209281
1306385816910999552
1306385870933557253
1306386010230501378
1306386039691530240
1306386064211410946
1306386144116998150
1306386197820985345
1306386277072343041
1306386387101417475
1306386458274672641
1306386474502242305
1306386488049926146
1306386528562606080
1306386695085076481
1306386810227109888
1306386810625499137
1306386861439569920
1306387045267525633
1306387091765559298
1306387091971084290
1306387221105254402
1306387271621455872
1306387271806070794
1306387278781087744
1306387393826754562
1306387493907042307
1306387628665851904
1306387728624484353
1306387766213840896
1306387809398214656
1306387968668692486
1306388060498726914
1306388185916805122
1306388455128289280
1306388535042289664
1306388621113651206
1306388668836450306
1306388702155935744
1306388891470049280
1306388897484517376
1306389071741227010
1306389118415405058
1306389192566546436
1306389213747740675
1306389277379424257
1306389489586253829
1306389595991539714
1306389708948336641
1306389751155642370
1306390393660092416
1306390413775781888
1306390532336230400
1306390556059213826
1306390603207503879
1306390946045521920
1306391037271781376
1306391100761006081
1306391193601806338
1306391226623635456
1306391282244354054
1306391357318221829
1306391371553660928
1306391545457844224
1306391730200219654
1306391822466392064
1306391843504963590
1306392115363098624
1306392116613001218
1306392254278512641
1306392610823696389
1306392711348383744
1306392791824637952
1306392904919908352
1306392917678813184
1306392967402467329
1306392984498438144
1306392992366964738
1306393065599442945
1306393076647288832
1306393112261079040
1306393304104341504
1306393357997010956
1306393420274061314
1306393508979277825
1306393593859526656
1306393620644208640
1306393621718077440
1306393655620452352
1306393865545449472
1306394108848672768
1306394204541599744
1306394246992232448
1306394317393715201
1306394361039450117
1306394381382021122
1306394419642462208
1306394493869056002
1306394553142841346
1306394566212321281
1306394577818062858
1306394654468784128
1306394825655291904
1306394897621102595
1306395501131190272
1306395685328162817
1306395970461077504
1306396099536617475
1306396112417415174
1306396134685003776
1306396428302839809
1306396784365723648
1306396830192730113
1306397044630847489
1306397558458036225
1306397669112328195
1306397778374000640
1306397849878515712
1306397920955170816
1306398025607069697
1306398026471215104
1306398131488202758
1306398269396975616
1306398319183196160
1306398324619173888
1306398839310516224
1306399036807819270
1306399187899015168
1306399260242448385
1306399419730931715
1306399486462357504
1306399515721764869
1306399532717047808
1306399775667838976
1306399910070165509
1306400106686472195
1306400119810555906
1306400227398684680
1306400350723813377
1306400387877007361
1306400441731751936
1306400676763693057
1306400693972918277
1306400996030066688
1306401133909467136
1306401192877137921
1306401397500522496
1306401406258094080
1306401562034487297
1306402229088219137
1306402237611204609
1306402510199050241
1306403197624496129
1306403353241350145
1306403457646067712
1306403757136068608
1306404460084842499
1306404481194622976
1306404522944847873
1306404799538016256
1306405056389042177
1306405085677785090
1306405150953791491
1306405187431673857
1306405416289603585
1306405726907228167
1306405727121088512
1306405919958462467
1306405941450092544
1306406225597394944
1306406234195714048
1306406309512671237
1306406628443394049
1306406775156101122
1306406837743308800
1306407039426539521
1306407057239797760
1306407351088492553
1306407370310983681
1306407389403312128
1306407626410995713
1306407656811302913
1306407820213051393
1306407949947023362
1306407991277686793
1306408579235287042
1306408647266725889
1306408772189945857
1306408776086425600
1306408797422972929
1306408809921798144
1306409178999730178
1306409288202674176
1306409393848832000
1306409418976899073
1306409481291653121
1306409796434878472
1306409950793682945
1306410021455097857
1306410500134232064
1306411061889904640
1306411184023916547
1306411309106368515
1306411372687785984
1306411376118726656
1306411545321263106
1306411640359976961
1306411686014988288
1306411750145830913
1306412228766240768
1306412947124760577
1306413407449411584
1306413444359499776
1306413558385782785
1306413742859718661
1306413964641865733
1306414023857123328
1306414165754548225
1306414166245355521
1306414169491746817
1306414227129806848
1306414284063219713
1306414597193101312
1306414635541696513
1306414735093452802
1306415116401999872
1306415704711856129
1306416183592259585
1306416397958799360
1306416540020092934
1306416610916196352
1306416828533669889
1306416867632918528
1306417253588426752
1306417458144636928
1306417584997359617
1306417709215875072
1306417740782219265
1306417783144546305
1306417790342045696
1306417797929426945
1306418016498917381
1306418299828305922
1306418438525644801
1306418620570963969
1306418842051067905
1306418880823271425
1306419031591845892
1306419060956160000
1306419199674404864
1306419710926389249
1306419718870511616
1306420136652333056
1306420219154493441
1306420474403000320
1306420663721373696
1306420817618755586
1306420833297068033
1306420932001529856
1306421116496351234
1306421132191465474
1306421246989676544
1306421341931806720
1306421489449787392
1306421501579669506
1306421597008519168
1306421745830760448
1306421883429171200
1306421901020073984
1306422176438980613
1306422394412654592
1306422545730605056
1306422710147448832
1306422802854141953
1306423116227371008
1306423137781919744
1306423435862650880
1306423498265497600
1306423540133122048
1306423633166897154
1306423771084058625
1306423971668254721
1306424064945389568
1306424126832340992
1306424400389066754
1306424513899294721
1306424865000484864
1306424996412239872
1306425084261920768
1306425112363761664
1306425308057415680
1306425945990017024
1306426064890101760
1306426220721180679
1306426423020630017
1306426455518306304
1306426937234128896
1306427215341588480
1306427494753538049
1306427725792514051
1306428094492803072
1306428510915964929
1306428765178863616
1306429170029744133
1306429340960174085
1306429361432690690
1306429369766871040
1306429558422298624
1306429772663152640
1306429866829643776
1306429945472663552
1306429974103064576
1306430485942480896
1306430508763668480
1306430560835903489
1306430644843495425
1306430703446503424
1306430981403009024
1306431072910090240
1306431115595411456
1306431132058234881
1306431333556727808
1306431546715328512
1306431655708692482
1306431664265015296
1306432197277233152
1306432229472571392
1306432478765371394
1306432478920417280
1306432495299317761
1306432583643934720
1306432650287087618
1306432994144526336
1306433038730104833
1306433380351971328
1306433421254840320
1306434092796276739
1306434500625403905
1306434561417543680
1306435309153005568
1306435414820093953
1306435434650562561
1306435481585020928
1306436952376266753
1306437109004214272
1306438261552771072
1306438391693815808
1306438854262632448
1306439101449609218
1306439838732754945
1306440216689876993
1306441090031972356
1306441299168358400
1306441383457288199
1306441420996313088
1306441877483290626
1306441889957187584
1306441908089049089
1306442066298363905
1306442082345648129
1306443954519330816
1306444114708312065
1306444520117202944
1306444549628268550
1306444570377424896
1306444603877396482
1306444625448595456
1306445217567039488
1306446151097307136
1306446574545903621
1306446764824645632
1306447217062866946
1306447368485629953
1306447623415566337
1306447824217808896
1306448362141442048
1306449244044357632
1306449564107407360
1306450538314321921
1306450722993696770
1306450978582003712
1306451222094774272
1306451352340619264
1306451788615176193
1306452086528319489
1306452144766160897
1306452149468041216
1306454069922291712
1306454417932132352
1306454582676029440
1306456906811224064
1306457279680655363
1306458215459311617
1306458705945214978
1306458826753757185
1306459136448757761
1306460123523690497
1306460296723144706
1306460835951316992
1306461086909173761
1306461859856424961
1306461892551028737
1306462370475188224
1306462388346998785
1306462421486153731
1306462489509494784
1306462795282690049
1306462992259637249
1306463464672559109
1306463764238217224
1306464761681379329
1306464962668310528
1306466368636805120
1306466742630256641
1306469695126679552
1306470344056868864
1306470649968422912
1306470717735817217
1306470907385458688
1306471309774327808
1306471460760948739
1306471660850216961
1306472022701043712
1306472513866612737
1306472973457555456
1306473046648127488
1306473754298593280
1306473783880941568
1306474266372825088
1306476057730543616
1306476821630779392
1306477000085786625
1306477345159524352
1306477944865345538
1306478548908032000
1306478590553329665
1306478931462283264
1306479220151861251
1306479426503405571
1306479522238410752
1306480708198653953
1306481984311447555
1306483307463483393
1306487143167033344
1306488426024361986
1306489651155341312
1306490032983867393
1306490804727357440
1306491016862674944
1306491056855212033
1306491274913087488
1306493143853010946
1306493418143535104
1306494067610513410
1306494848715886594
1306495809458974721
1306496744553930753
1306496831057276929
1306497552670367744
1306498639532097536
1306499365964599296
1306499663168585729
1306500221141016576
1306500750017617920
1306502057143144448
1306502096414412807
1306507065540583430
1306508159729758208
1306508245092229120
1306509859664388096
1306513082009751553
1306513395399749632
1306514410278662144
1306516436899094529
1306519870285152256
1306519891005116416
1306520747951693824
1306520928461955072
1306523717812584448
1306524697710952448
1306525554829455361
1306526010884730880
1306531472883417092
1306531958785101824
1306532269327253509
1306533375977586688
1306534329594646529
1306534843963133952
1306534945838559236
1306535260985802757
1306535436601438208
1306535661634285568
1306536370622652416
1306536457734107139
1306536820214202369
1306536828627857410
1306537070954000384
1306537122187313154
1306539315967778816
1306539470515318785
1306539548353138688
1306540162134892545
1306540661471019009
1306541723041107969
1306541887008931840
1306542843977228290
1306545162395541505
1306547445015416837
1306549181138509824
1306549264554897410
1306549390522421249
1306549645909385217
1306549692512309253
1306549763085664256
1306550086349053952
1306550401311870985
1306550452188860416
1306551055816290315
1306551139538788352
1306551555626328065
1306552721579937794
1306553177056194566
1306553203320918016
1306554386642923520
1306554390552158208
1306554986059493377
1306555279442685954
1306555497764487169
1306556004625195008
1306556993990283265
1306557103499173894
1306557997334831104
1306558768860352514
1306559632446500864
1306559670262194178
1306560240691949570
1306560647317139456
1306562480337039368
1306562938367553537
1306564875200663554
1306564989046718465
1306565644150767616
1306566305244418048
1306566750323044352
1306567177684877315
1306567178771197954
1306568390115557381
1306568708874276864
1306568771906215936
1306568847714115586
1306568873525874691
1306569099485630464
1306569233829105665
1306569359830265859
1306569500406378499
1306569593943662598
1306569627833634819
1306570969453080577
1306571398261796864
1306572602194964480
1306573142895321092
1306573647533010944
1306574383960535044
1306575721981149189
1306576212102316033
1306576343216332801
1306576544337457155
1306576879332274176
1306579766422667264
1306580193834864649
1306580451860062211
1306581440746979334
1306581904318238721
1306582524718649345
1306582751450222592
1306582928323997696
1306583049874833410
1306583611114692610
1306583850269765637
1306584385018368005
1306584672177184768
1306585049681326080
1306585477810712577
1306585972650508288
1306589801479634944
1306590434991374337
1306590662465327104
1306591407939842048
1306592016738865158
1306592545514815488
1306594655027499008
1306595666337046534
1306596003160625157
1306596542019768320
1306596881892388866
1306597532550692864
1306598446514798592
1306600082704302080
1306600224966602754
1306601042566676480
1306602225716740097
1306603604833431555
1306603612567736322
1306603828238839808
1306605500910514181
1306605719379214336
1306606714075189250
1306607103596023811
1306608072157265920
1306609856326103042
1306610463640297473
1306612513086279682
1306612841223458816
1306613000254697474
1306613349468311552
1306614355119742976
1306614367815741440
1306618699491631104
1306619356026036226
1306619677565739010
1306619988342648833
1306620605173825536
1306621355735965697
1306621992133562368
1306622710307577859
1306623147173707778
1306623243176927232
1306623519791423489
1306623708681760768
1306623818069356544
1306625058106998784
1306625349183328256
1306632000460259329
1306633179588186113
1306633208872742912
1306633463735496706
1306634610189705222
1306635381547433984
1306635796859031553
1306636446980354051
1306636518010826754
1306636602165395457
1306637536878444544
1306640054568189952
1306641454777991169
1306644559036702721
1306645695344984069
1306648828418895879
1306649671822200834
1306649885458931713
1306652594857807876
1306657104493568000
1306660950561308672
1306661550476996609
1306664410102902786
1306664448191422464
1306664710775996416
1306666527798833152
1306667887705436160
1306684580439756806
1306692982142373889
1306698505793101824
1306698697833549825
1306704528662724614
1306704986361995264
1306706806249381888
1306708785940094979
1306717233771614210
1306718161241214976
1306728205420826624
1306737668114518017
1306739991444422656
1306748905132941312
1306758950033989632
1306775884662280192
1306788427183149060
1306807704334237697
1306808425783857152
1306808891263467521
1306809266196697088
1306814005181259776
1306815528158154753
1306827166324121601
1306827796061224962
1306843083380678657
1306852331682758656
1306856207626334208
1306879466271014913
1306887834322849793
1306923530915733504
1306932778668380160
1306967176314789890
1306989075191267342
1306989623797624832
1307069029799153665
1307094594954432515
1307095395596668928
1307098810582282241
1307183025160032256
1307233313111896065
1307239158239227905
1307541919589949440
1307881475476398081
1308079212037799936
1308094210743074818
1308299950149656576
1308855665406939136
1308870014863323139
1308870198930427905
1308933130162761729
1309355946834100226
1309851373794668549
1312018065664675840