1309402617274077184
1309402913220034560
1309403815880331264
1309405282779500544
1309409458666250240
1309412146699264000
1309412386642833409
1309416466458882049
1309417172070998017
1309417715111735296
1309418232089128961
1309418232101642241
1309418290268303360
1309418562495352832
1309419239128936448
1309419388374790144
1309419921235947521
1309420160995000325
1309421859218358274
1309422009550548992
1309422963427549184
1309423169166508034
1309423486763442176
1309423551561248769
1309423676064964608
1309423873331466240
1309424295937007617
1309425106972803072
1309425232772558848
1309425362317832192
1309425550969262080
1309425902426763264
1309426591517343745
1309426693208190978
1309426730529165313
1309426871054946304
1309427396957929477
1309427731566923776
1309428076602945537
1309428494322069504
1309429093151236097
1309430384921321472
1309430730322317314
1309431700620009473
1309432135196041216
1309433105103683591
1309433226746826752
1309433642066808833
1309434582308188161
1309435790099992577
1309435877567983618
1309436527353749504
1309437474217832449
1309438023961116672
1309438248226258944
1309438719863259138
1309438854735241216
1309439971502305280
1309440103723433984
1309440272405856256
1309441655938985985
1309443683343912960
1309443763421556736
1309444412414414848
1309444443297251329
1309444649652760577
1309444736378458113
1309445032588521473
1309445646202609669
1309445659045621760
1309445926960889856
1309447847968780294
1309448484521750530
1309451144519974912
1309451196336406529
1309451685627080704
1309451752819826694
1309452921831067648
1309453034896924672
1309454365623754752
1309454605122785280
1309454771561082880
1309454837759840256
1309455267101368320
1309455571523907587
1309455872561688579
1309455888126742528
1309455903939207170
1309456564089163781
1309456647073468417
1309457336034119685
1309457577281978368
1309458530013978625
1309458606312558592
1309458690186055689
1309458770376916992
1309458992486322177
1309459382619512832
1309459642515435520
1309459872824594432
1309460999225909248
1309461733833048064
1309461878599495680
1309465824441364483
1309466067698356224
1309467308239192065
1309467352510103552
1309468033824423936
1309468319423102976
1309468748705914880
1309468894764191746
1309468915802742784
1309469136939032577
1309469914252693504
1309471386553987072
1309472209027633152
1309472476280360960
1309472682245869568
1309473261173039105
1309475387966095361
1309475475132162050
1309476410768199682
1309476517089607682
1309477261268131841
1309478660643139586
1309480256420667393
1309481102248206336
1309481305436979202
1309482672062947329
1309483340291026952
1309484367727620098
1309484688390660098
1309486136599871488
1309486321333870592
1309486749752741890
1309488181465812992
1309489445666779137
1309489631298191361
1309490130022019073
1309490187953676290
1309491577287512065
1309491706358837256
1309491849619484674
1309495397744816128
1309497201253642243
1309497545723437061
1309507821499748353
1309508096012681217
1309508587761397761
1309508781794045952
1309509593333223424
1309512095885668355
1309512720144830466
1309517904640192513
1309522393359167488
1309522938534731776
1309523547434479619
1309524271824240642
1309524854899703808
1309525383054790657
1309526554569973760
1309526899006345216
1309528965166628865
1309531246796644359
1309533830538235904
1309535699494989824
1309536573340483584
1309536628751425536
1309537391212785664
1309537627419430913
1309538620835913728
1309540529290518528
1309544553976721409
1309547080717918209
1309548225787985920
1309549018272366592
1309551651905318914
1309556748177551362
1309557439637979139
1309557670370779137
1309558473433153542
1309563345620668418
1309570321075376128
1309571260389752832
1309572237335433216
1309572493624082435
1309573409454657536
1309576360273248262
1309576742642819074
1309581694584971266
1309583059902234624
1309585797792903171
1309590197168988161
1309592898141290498
1309593069927501826
1309594409403641862
1309595645955715077
1309603536314003458
1309612079511470083
1309612844254724097
1309627292671455238
1309630657203712000
1309633714272563201
1309645428762112000
1309658760244326401
1309664264513368064
1309670362947481600
1309678063953809408
1309685841460043777
1309690266429734913
1309698964506251265
1309702352937648128
1309709227217297408
1309716749411971072
1309717587102633984
1309726312144220161
1309727774840512513
1309730635695697920
1309731918653652992
1309734984362545152
1309736881152765953
1309739830918733826
1309745249137328128
1309749732881899521
1309752987405950976
1309753949843582976
1309754530159112193
1309763372385271809
1309765889307209728
1309766549360779270
1309768417214427136
1309768941992984576
1309772846357504000
1309773599201464320
1309777109947019264
1309779024101728257
1309782735226109952
1309783226177794048
1309785297081769984
1309794696936525825
1309799774800031744
1309801695329869825
1309810311709556736
1309816153984962561
1309821656014217216
1309827784609587200
1309834080834457602
1309854779049377792
1309880797067972608
1309884441066643456
1309912916997672960
1309935358986145792
1309944532239290375
1309951272854802433
1309957258793582595
1310090628148137984
1310107113650302986
1310112897616547840
1310137275297259521
1310155411551662080
1310240437106405376
1310258921039425536
1310294861422235648
1310358740655386626
1310388891208224769
1310478982668849152
1310522584472203264
1310528127169429506
1310530507298533376
1310547023653986305
1310568557617516546
1310578862670086144
1310658809430503424
1310709741304213504
1310729693826396160
1310864004055625728
1310872579041890305
1311208926843727873
1311569819540639744
1311765955513470976
1312306471309316096
1309752076579172353