1304146649221140480
1304150955743744001
1304067780199800833
1304086280150675456
1304147874553438208
1304209656131342342
1304408142873329664
1304067775372169218
1304068222455513090
1304070845825011713
1304071175023341571
1304072619847823360
1304088139053506560
1304170669593300994
1304264589740257280
1304264634808045571
1304357880271745024
1304366418729857025
1304400630988107777
1304401697423470593
1304586963580841986
1304617846996049921
1304734654050648064
1304749333343096832
1304798683368570882
1304854077994610689
1304873494023290881
1304880389719314437
1304904930470162432
1304906104921489408
1304907451033026560
1304907954190127107
1304908436493094912
1304908683357204481
1304908990531264512
1304909886573039616
1304910323971809280
1304910545372344320
1304910617837408262
1304910817754660865
1304911049439637505
1304911246924214272
1304911770713116672
1304911812442218501
1304913066031628289
1304914471912050688
1304914500454215680
1304915668173643777
1304916925969920000
1304917086423060480
1304917564317859840
1304919177396809728
1304919337904427008
1304919740092092416
1304920155781173248
1304920368444895232
1304921589964664833
1304922003778879488
1305147750158405632
1305178641693683712
1305256667827834882
1305407859547615232
1305414411713089536
1304068326025506816
1304099203484971008
1304068439510843392
1304068811608543232
1304068586558947330
1304071071734390784
1304068993276416007
1304069311858905096
1304069670153093121
1304069862214565888
1304074247019655171
1304069963980967936
1304070423890583554