1308467864157007877
1308470905991962624
1308472263981834242
1308475225420574721
1308475594414460930
1308477083312586752
1308496151516188672
1308563562063855619
1308567209443196928
1308573875639382016
1308584760449609730
1308587923370106880
1308596382383693824
1308822480614600706
1308978135711580161
1309022222368071680
1309090031353712645
1309426734001868800
1309459289606676492
1309479838319816704
1309483759465500674
1309484911774953472
1309495128369893377
1309530299336994816
1309578667580887040
1309863686576771072
1309896196052389888
1310097200890826752
1310121561056215041
1310185655151071233
1310219468686200836
1310219854993977350
1310220445879156738
1310221579754889224
1310237995577094147
1310239824863952897
1310302771854237696
1310378088929218561
1310511581718028289
1310579941654790144
1311155768364654592
1311292410266255362
1311566907577835520
1311617482613026816
1311689883044511744
1312093081437528064
1312105924010545152
1312116590553436163
1312174777658793984
1312209980603297794
1312349936361582594
1312386586105921537
1312479678876147712
1312514407558082560
1312611824307765248
1312732561211301891
1312972820461187072
1312976956422381568
1312990905301827585
1312992743476523008
1312994408413892608
1308468750254043142
1308470566530289665
1308489162941698048
1309477756841930753
1308475190444257282
1308481053670150144
1308481389868838915