1310604088510480385
1310604460591382529
1310614128315203585
1310618896739827714
1310626963221078016
1310673140465496064
1312460841577455616
1310613081056309248
1310620708398010371
1310640879145816070
1310656352759549953
1310662935547654145
1310694978251829249
1310695627706204160
1310700221270306817
1310803195321397248
1310927488554430469
1311058761512091649
1310607440237522945
1310607508122357760
1310607961945812992
1310608680325349378
1310609392354680835
1310611163038638096
1310615713707483138
1310648315449610242
1310654498327666688
1310660693495025666
1310670725728989184
1310679743394701312
1310736613916291072
1310738976341405696
1310785234481434625
1310806257444552704
1310827925193854976
1310832791396003841
1310834282517143552
1310842622848782336
1310867741071507457
1310867884302794752
1310939346296606722
1310608198949376002
1310608301105852417
1310609158102749185
1310610493745311744
1310610147216158720
1310609241519132672
1310718025470017540
1310815387865550848
1310610655657984000
1310663226191949825
1310716905842520064
1310717279471120386
1310718670562373633
1310731790131376129
1310738116349550597
1310750233798688769
1310755853851656192
1310757686779285505
1311230589450633216
1310772794683084802
1310995073727897601