1304466846410772480
1304467148660707328
1304472913735630848
1304482324004982784
1304482514937868289
1304495660993970176
1304505867086237696
1304523906041221120
1304567078012231680
1304645382102605824
1304689678835212288
1304740501795622912
1304758103456403456
1304953328984567808
1304961699615834113
1305071507006042113
1305153588251906050
1310142824596332544
1304468695754842112
1304477605802860544
1304482320200720389
1304483962111262720
1304587890618318848
1305002291968323584
1305643227068932101
1304763648162684928
1304490453056860163
1304478019579379712
1304478608128438272
1304481347101224962
1304499075279130626
1304503823776583680
1304548158031245316
1304639388387651584
1304689648296431616
1304763477349683202
1304785861129785351
1304848285249699842
1304596393093365760
1304508806261424128
1304672830965997568
1304766773674127361