1304148683865370627
1304154243696394244
1304310919749541888
1304330611079995393
1304149619337768962
1304153209783681045
1304154362541899777
1304159651500523521
1304167914489217026
1304169516817997824
1304197611184951296
1304388848848429059
1304420109256069123
1305076687013634048
1309128388079169537
1304153888803688450
1304154174498562048
1304154195549880321
1304154253481705475
1304157475181080577
1304159152563015686
1304159844325380098
1304170611925594112
1304297644647305216
1304159516477526017
1304164456038043648
1304433552000528384