1308114019111362562
1308127593162592259
1308165170540183552
1308151127112908801
1308553726123220995
1308754058212192257
1308977749537837056
1309234436819439616
1308110887031640065
1308109957041131521
1308110216484057089
1308110615840542720
1308112589445050368
1308113841147047937
1308115582013911041
1308117896673914880
1308118685291249666
1308119112200204290
1308126360397774848
1308199259032956933
1308222619217526784
1308270640458334209
1308376592893304833
1308127664784502785
1308110170027819009
1308110375779475457
1308115689618550784
1308116302511341575
1308118438238445573
1308119242693320707
1308124536425115649
1308269500169621504
1308278143912992774
1308367650297466881
1308486173384417287
1308494616170311680
1308604991435755526
1308120322508558338
1308130563031732224
1308118631868493824
1308118751485853697
1308119296493735936
1308120098457214977
1308122193243656194
1308129560454594560
1308184372735025153
1308215879243649024