1300844326927380485
1300844475359600641
1300844975555371008
1300845673315790849
1300848387747700738
1300848416310939651
1300850015301177345
1300853000655777792
1300854263753723904
1300857359011516416
1300869652596359168
1300879752505430016
1300896416420823040
1300910316226740224
1300926028186087424
1300932449988296705
1300950644321263617
1300957950803091457
1300964619796779009
1300970319503650816
1300970847881093120
1300996220069044227
1301023827665674241
1301137459229663233
1301137922574503936
1301140348413116416
1301140956478156804
1301163035713830916
1301176999466217472
1301269149155549185
1301822008225722368
1302433091475120129
1300851302205980673
1300851353036652545
1300865710164340736
1300874712977989638
1300875872350633987
1300884592115814402
1300931201780256768
1300938015628496898
1300941190968291328
1300942436886179840
1300948228125454339
1300949705585766401
1300957523386814466
1300973420071411713
1300978134968344576
1300986844293795843
1300993426255564800
1301014091377635329
1301016038201593859
1301043394584612864
1301043402432221184
1301084203799293952
1301148042343714817
1301211497113235459
1301366739339337729