1310275035257593856
1310275580831637505
1310275832544464896
1310275956700065792
1310276196484014080
1310276810584678402
1310276919238197250
1310277047831453696
1310278972509429761
1310279103195484161
1310280144188321792
1310280173217079296
1310282119600431104
1310282757399031814
1310282899241996297
1310283011171246080
1310283872349741056
1310285169421582339
1310285223444320257
1310285924614508546
1310287387348611074
1310287852392067074
1310288808923987968
1310289496835907584
1310291053757583360
1310293423409238016
1310303778294431746
1310311533893890050
1310318257707143171
1310320334009176068
1310322586006499330
1310323455888363528
1310325611559149568
1310327250265358336
1310328373403627520
1310335810919526400
1310339895651491840
1310347539053330433
1310355061965373440
1310364736375025665
1310368745680809984
1310375171291860992
1310377351335743488
1310381325052907520
1310393495744589824
1310397257821364235
1310402617223372803
1310409660206387202
1310411506794848257
1310421609027600384
1310423697677746181
1310424546013569024
1310461107765682176
1310464004771532806
1310464211609288704
1310476538652037122
1310502141824512001
1310508149921767424
1310514388361674752
1310540886481104896
1310556168687947777
1310557147978248192
1310559858169720834
1310563297385754630
1310563959376928768
1310569253527986178
1310570201654517761
1310587724802535425
1310588115002720257
1310592061075226624
1310595907013021696
1310605534106656768
1310610868665606148
1310616732332154884
1310656407377571840
1310659313447436288
1310665034343751680
1310688673491423232
1310689185481723904
1310693264064872448
1310766087538053120
1311003805157396486
1311007836873293827
1311012526843482113
1311100642128084992
1311101229758656514
1310276780855635975
1310279065727676416
1310303038096248834
1310303749395509250