1304090165015539713
1304092111084511234
1304096040841342977
1304100658874851328
1304107260982030339
1304107998340501509
1304123068583944198
1304137503239057408
1304181546048520192
1304186656782577664
1304187937798590464
1304204434512072704
1304216614540177408
1304220364201963524
1304239077202432000
1304245328921743360
1304247556008943616
1304248730942607368
1304252017976770566
1304264812269129730
1304282221910601728
1304305744209039360
1304349737861218304
1304381443418869761
1304429140024541185
1304437221970247680
1304100882829709312
1304097527017484288
1304099493026107393
1304110171845734402
1304133002537185280
1304434735276609537
1304809245041328133
1304103842334740481
1304112930435153920
1304113166511636483
1304157814353321984
1304103873213329408
1304392720786624512