1305900147881185282
1305901410450628608
1305902639184396289
1305907242449895424
1305910512912400386
1305913395053563908
1305913628646952962
1305919816138657793
1305928498993926144
1305933576043507712
1305938924104118272
1305942777058926592
1305943320489725952
1305944432781516800
1305948246062186497
1305958039963537412
1305975730485030912
1305982685727387653
1305998914034626560
1306034719826391040
1306035449119481856
1306077237272178688
1306084660758237184
1306108238866386945
1306141799069691904
1306177679943782400
1306197186191831040
1306198037103022080
1306206073280315392
1306209295097360384
1306228957205934080
1305900314051194880
1305901011656155137
1305900496901857282
1306087795765604352
1305900753366769671
1305927202752606210
1306196343468122114
1305900991838138370
1306085173058961408
1305901259350781952
1305908193822994432
1306080875008929792
1305972672728367105
1305977011240865792
1305902659392729088
1305964118659260421
1306105163157962752
1305902766817247233
1305902858995462146
1306245390556069888
1306957810396266497
1305907720223166466
1305961219090558976
1305907552245305344
1305908257215647744
1305939035160866816
1305951698192531457
1305956684607696901
1306008548590182403
1306034854425837568
1306034942460284931
1306224094464086016
1306429039339597826
1307077159668850688
1310692653693108230