1305965857319813124
1306587248368984064
1306737434491793408
1305969505995087872
1305969583153610754
1305972622656761858
1306015145072766977
1306042609358516226
1306096670908788737
1305982391463194624
1306016865139990528
1306033482976632832
1306107418900942848
1306118817379004417
1306129913632583680
1306132322916487168
1306133054889619458
1306133433828216834
1306135957209583616
1306175646951931911
1306191821735952384
1306196167311515649
1306313759183364096
1306371648900288512
1305974504661884928
1305977233245433856
1305972908653715456
1305977170540392448
1305983508297383936
1305984065888165889
1306204798161739776
1306322608229625856
1305979950240014342
1305981011138879489
1305986937744916481
1306013509839392771