1303940471287406595
1303940997567700992
1303941041427369984
1303941084255408128
1303943090877718528
1303943825891573762
1303944648273072129
1303945281172578305
1303945763915956224
1303945949203529728
1303945981457838080
1303946971053318144
1303948039279828992
1303948640847831042
1303948876240441344
1303949073628557313
1303949277669068801
1303949284979748864
1303949313043828736
1303949419117715456
1303949433449508864
1303949450461630468
1303949681219731456
1303950380448047104
1303950387494285313
1303950511582961664
1303950687227834369
1303951098240065536
1303951525874724864
1303951913403080704
1303952033729265664
1303952473111932928
1303953467833114625
1303953686737989632
1303954013277356032
1303954038535393280
1303954169049407488
1303954201811193856
1303954608889290753
1303954720680280065
1303955117104861185
1303956249592107009
1303957537390239744
1303957774653624330
1303958604119117824
1303959110371639297
1303959581090107392
1303959676074237953
1303960301013028864
1303960359208796161
1303961368610168832
1303961442497056768
1303961659241713666
1303962395237404672
1303962465781379073
1303963195904872448
1303963280747225088
1303963618812350466
1303963825008447494
1303965056879783937
1303965283355418626
1303965558380072962
1303965686906138625
1303965834650345473
1303966433861185536
1303967301100859397
1303967384303091712
1303968237097345024
1303968899210321923
1303969758925254656
1303970203290673152
1303971486936432641
1303971548907278336
1303971793271746561
1303971960599109633
1303974623722139648
1303975542975324160
1303975572536733697
1303975613930274816
1303977141521002496
1303977947519504385
1303977988107640832
1303978243494731776
1303979453366890497
1303979601090224128
1303980156214747137
1303980395474694145
1303980453175717888
1303981650045526016
1303982180431994880
1303982452268990464
1303982673157906432
1303983084199653378
1303983760556220416
1303983791304781824
1303984748264554497
1303984981803446272
1303985761348456448
1303986070640619520
1303986110914342912
1303986416779698176
1303986423993958401
1303986444520886273
1303987094553993216
1303987187306958848
1303987488004993024
1303988687794057216
1303988987003056128
1303989380302872576
1303989434845663233
1303990768839819264
1303990795368894465
1303991459079688192
1303991858696052736
1303991913230589957
1303992408816922624
1303992412809953281
1303992422024712198
1303992572126334976
1303993070569099265
1303993600993353729
1303994131971268608
1303994831975280640
1303995523972595713
1303995845138960386
1303996352687493120
1303997361237106688
1303998330448441345
1304001190439596034
1304002466384670720
1304002474127351808
1304002781183971329
1304002850167705607
1304003456043290625
1304004013785075712
1304004081787326465
1304004445659779073
1304006260073824258
1304007059499814914
1304007906879209474
1304008916813197312
1304009326797914114
1304009512047837184
1304009945118113792
1304011513364185088
1304011781178679299
1304011882592907265
1304013771287924736
1304014197760471040
1304015430416240640
1304016135600386053
1304016592456634368
1304018951555420161
1304019155134246913
1304019683318861827
1304020409038393344
1304020450524110848
1304020874454994944
1304021986406928386
1304022022972993537
1304024764068048899
1304025397181456384
1304025656582459394
1304028138465304578
1304028341012496384
1304030005425582082
1304030845276164099
1304031729812869120
1304036857022427136
1304045424349712385
1304052298814021633
1304054731711623168
1304058674651058177
1304059122804023302
1304059219184955403
1304060375453884422
1304061462810427392
1304061668876484608
1304063145292574721
1304064067456434179
1304064327901618179
1304069201292914688
1304071580780236807
1304072780934078465
1304075104356188161
1304081466041733121
1304081486476238848
1304081695902138369
1304083981785346048
1304085131200618496
1304085139589394433
1304085957864337408
1304086805399171072
1304087112963194881
1304090881318944768
1304101942466093056
1304117260114628608
1304121239796092933
1304121843855495168
1304122519788695557
1304124212479700992
1304128467609423872
1304128676502671361
1304135476077617155
1304137803253428224
1304140529576288256
1304142100334690304
1304142954076884992
1304151108126875648
1304152166144380928
1304163468111687686
1304170616719904768
1304171412584833025
1304171983677124609
1304177364021248001
1304178195365679104
1304179060705296385
1304192567358009344
1304235740910551040
1305560998020026368
1303949677000261632
1303966944828121088
1304015820473892865
1304102328639926272