1303423560141201409
1303423673882222592
1303441859675648001
1303654397604433921
1303823784592453634
1303989921573728259
1304219697148309518
1304635772046376960
1304687164966547458
1304737228812357632
1304778129433600002
1304785559655677955
1304790938133434368
1304801754010222592
1304808704240422915
1304809055496687616
1304824528686604288
1304824721783939072
1304841370675212288
1304842156989972491
1304843315834171395
1304845315875442692
1304846687416934400
1304849522934374400
1304853310449606658
1304855546177007622
1304860604755136512
1304865360399794183
1304867289951399936
1304870433636978688
1304873023787462656
1304875060562255872
1304883430203764737
1304884914072875008
1304887163805298691
1304887506983288832
1304891459951382528
1304894703758798848
1304903361225986048
1304905924113559552
1304908679616045063
1304920618882793478
1304923229027409920
1304935648894365697
1304935735695351808
1304941633675370496
1304968205534806019
1304975734029660160
1304979695675473920
1304980196236423175
1304982108960681984
1304983391746564096
1304988777287503874
1304993667971678210
1304995230098354177
1305002011629289472
1305006378499670016
1305017013526581248
1305019900977586176
1305022461877067777
1305028918664101890
1305033142592516097
1305040598911639553
1305054718494900224
1305072884927410176
1305097911555051521
1305101374103916546
1305115512951779334
1305118148300079105
1305123590434697217
1305155585139187717
1305167353823584256
1305184503133069314
1305249298666278913
1305376395770712064
1305397971047993347
1305509139569938433
1305670465554395141
1305691705551630336
1305700992793497600
1305762253866561542
1305791874347614209
1305823461537914880
1305833237739171841
1306150176608878593
1306176664020365313
1306300030589046784
1306578669809393664
1306582721863593985
1306738003252064256
1306937354595299328
1306953100100599808
1307268547568168963
1307297919410765827
1307336178367188992
1307427669269647360
1307454924486324224
1307460589967388673
1307466814843244544
1307499077681254404
1307589838519050240
1307725607606910976
1307758893213388800
1308148904379047936
1308192429594476544
1308255205037805570
1308302160535277570
1308322045722157056
1308328785889103893
1308530062933798913
1309471138981064705
1309478540505526273
1309486972310884352
1309908021858971650
1310182246540738561
1310190029067649024
1310240688383102978
1311148393650180098
1311557789106532353
1311637420249677824
1311726565806534661
1312531255712378880
1312614756948176896
1312802120500994048
1312992700510003200
1312994382232973313
1304506572115251202
1303425607523618816
1303426642862276616
1303428316775489536
1303428697773481986
1303428971204411392
1303429649977020416
1303437277536882688
1303447941684789249
1303448935856390144
1303468354523598850
1303501645314170880
1303537221350301696
1303630470270328832
1303654003583135746
1303721636827258882
1303791610220642304
1303829094967238656
1304722197911461890
1304760054378360834
1304785888019443712
1304790722449604609
1304795340361564165
1304853198671351810
1304868364687376384
1304880086273929218
1304885799989710848
1304928743262167042
1304936676867801089
1304952095964004359
1304956222160986115
1304958632983965696
1304959246405165056
1304976479487438849
1304980246052179968
1304988853347012609
1305029035941134337
1305048304288497666
1305084830997188608
1305161428295249920
1305192017476157447
1305290244082761728
1305555780951826432
1306198499487371264
1306243620912148480
1306950532825636866
1307109703294607363
1307337080373227521
1307480934950883330
1307775343659569154
1308327699606372357
1308625779346022401
1309874101884989441
1311324378613903362
1311637462700232710
1311876097441759233
1312094790721232898
1303706696150167553
1303747729164775425
1304091764383518725
1304184456706654208
1303436868437061633
1303437098909798400
1303438785418612737
1303464274572972032
1303496461448097793
1303647853194235904
1303705618272989184
1303710176986324994
1306203679050137604
1306807126422036480
1307238410210488320
1307343560358985729
1307780473742131201
1310253711541841920
1311637505113022467
1312132438831755265