1307371872309448704
1307372375424536582
1307372543125282817
1307374530910982144
1307376947953979394
1307378526568550404
1307381913364115456
1307391333544407041
1307392219314368512
1307395435707994115
1307397554787688453
1307410719567040512
1307438221819867136
1307444051885666304
1307455853109415937
1307460640597041152
1307479871736745989
1307487024048472064
1307487084882661376
1307492657829212164
1307493280909795336
1307501820944809985
1307506055916785664
1307509180820066304
1307509403126509570
1307518347010023425
1307526067171844097
1307559036435357697
1307571279810027523
1307597244372221953
1307604980132704256
1307606264134819842
1307631702433464321
1307632687436492800
1307633932352057347
1307634213370368000
1307686130242867200
1307686617516212227
1307707451828056064
1307734981381218304
1307789252483321858
1307830973313155072
1307889264395513856
1307980701573230593
1308026494309011458
1308058336990986240
1308087918691528706
1308092046763331585
1308101890597683200
1308204466655633413
1308205075681087488
1308261474989559809