1302627595218030594
1302946001418940416
1302628285558468608
1302628471731113985
1302629549537026056
1302630588889706496
1302631502757363713
1302632148315320321
1302632685630881792
1302632974819553280
1302633860354760706
1302634381756911616
1302634618445860865
1302643592733786116
1302644836240035842
1302645000937766913
1302645760329162754
1302653402149580800
1302653888236007425
1302656644329943045
1302661567377551364
1302713319887982593
1302740808014147586
1302752858282946561
1302760991747432448
1302768888145276931
1302777175842713600
1302819214890168320
1302837985562431488
1302892142336016385
1302893085505081346
1303053878825488384
1303056231628779521
1303138262899286016
1303753336513073153