1311322600254197769
1311324092965019648
1311348759725576197
1311349343190949889
1311379653941223424
1311396202164957189
1311423876069380096
1311426819950809094
1311434881734500358
1311441873781784576
1311464426462208011
1311471502114480130
1311557177988059136
1311558690286317575
1311596404763172864
1311597752288260098
1311598796841857026
1311606366239367169
1311363277516091400
1311417751013998592
1311461492496035840
1312113876452876289
1311662926567153665
1311397246341197824
1311452719991975940
1311742429163409414