1253742549396684800
1253742612202360835
1253742615683411974
1253742678711373824
1253742693500489732
1253742791856922624
1253742970571915264
1253742994093555712
1253743027144863745
1253743329013051393
1253743385128480770
1253743593388474368
1253743618906456064
1253743744945356802
1253744062726721536
1253744110701350913
1253744126069276673
1253744218276687872
1253744509902622722
1253744612767789056
1253744650147504132
1253744821765763072
1253744868490219521
1253745048241549313
1253745170262028288
1253745482775572480
1253745573032718336
1253745802620612614
1253746041561788418
1253746147757297665
1253747169305206785
1253747242449559552
1253747449170141186
1253747569567633408
1253747997302755328
1253748770057093120
1253748790248562689
1253749767206694912
1253749993237872642
1253750765488930817
1253751495947780096
1253751671525531648
1253751989877395457
1253752615592058881
1253753688902062087
1253754310372085760
1253754340394913792
1253754971289419776
1253755161685737476
1253755345878618118
1253755802684403714
1253759586059743232
1253761520447770628
1253762167750496258
1253763071258042370
1253763349860343808
1253763973633228802
1253765000952336384
1253765604030345216
1253765649358258176
1253765986135805953
1253766024744353800
1253766368861831168
1253766914486173696
1253767129389727746
1253767213770825729
1253767371858247682
1253767411448320001
1253767551479414784
1253767782010945536
1253767932578017281
1253767936621383682
1253768147171192833
1253768272710787072
1253768323227103233
1253768573396193280
1253768637565075458
1253768792838152192
1253769011990421504
1253769040536862722
1253769490690695168
1253770121962754052
1253770482727284736
1253770563111342080
1253770692329443328
1253770715280670724
1253770718396977159
1253770835661209602
1253771183394177025
1253771560789434369
1253771645610754051
1253771796341383168
1253771808412766208
1253771866352898049
1253772030266261509
1253772085148749824
1253772150667804672
1253772164626604033
1253772267198308352
1253772819462098944
1253772833680998404
1253772951222194176
1253772992334704640
1253773223331692551
1253773247621070848
1253773335281926146
1253773377124339713
1253773402411692033
1253773574713688064
1253773595454705668
1253773662781612038
1253773804498677760
1253774077678026754
1253774345769570304
1253774417731006469
1253775143001903104
1253775159472816128
1253775205618446336
1253775272790429701
1253775322941739014
1253775613074247681
1253775667805646848
1253776221491605510
1253776288109690894
1253776344472674304
1253776346892972032
1253776480699584512
1253776515181031434
1253776550828208128
1253776661037879297
1253776745099964416
1253776873403944963
1253776971873607680
1253777035001884673
1253777921858088960
1253778687310381057
1253779089644752896
1253779123387973633
1253779282226065408
1253779399671009282
1253779827628240896
1253779857546203136
1253779914265853955
1253780389883240450
1253780520158334984
1253780754858823681
1253780897284800512
1253781090910662662
1253781370272223232
1253781549620908036
1253781882933665792
1253782034046222336
1253782303882559488
1253782703918342144
1253782857228496896
1253783041111097344
1253783187374977033
1253783414408445952
1253783501913993216
1253784189985525760
1253784806300753920
1253784876504973318
1253785804985507840
1253786054659719168
1253786603643961345
1253786712939077632
1253786769453088768
1253787036105859072
1253787339714891776
1253787444018917379
1253787444291555331
1253787646339411969
1253787908051480577
1253788069775409153
1253788266509328388
1253788434474455043
1253788573590929408
1253788951183269891
1253789122541608960
1253790242013937664
1253790686941458432
1253791500376444929
1253791672359702529
1253791685353648131
1253791739367886848
1253792154738139136
1253792746076286978
1253792863961452547
1253792896878120960
1253793396100960256
1253793949153660929
1253794189151621121
1253794520682110976
1253794532224876545
1253794870344314880
1253795208325730307
1253795489511870464
1253795690741854208
1253795747843190786
1253796538373025793
1253797007459864578
1253797414802198530
1253797674244956160
1253798294674796545
1253798832883843074
1253798887179108352
1253798988312166402
1253799459600949248
1253799869980053506
1253801587719405570
1253801604987445248
1253801845648166912
1253802317645664256
1253802338554437632
1253802434910191617
1253802860355215362
1253802867619622913
1253803047618314240
1253803160587526145
1253803794300899331
1253804285038657541
1253804444250263557
1253805140454367234
1253805450375684096
1253806273679593472
1253806395356581889
1253807659154718720
1253807749877469185
1253808021924311293
1253810911866953728
1253811016980262912
1253811298174935040
1253811486822150151
1253811880625242112
1253812229075423239
1253812379399319552
1253813055269548032
1253813227240202242
1253814934447763457
1253816055996153856
1253816062153338881
1253816558046064641
1253816633421938688
1253816783800348675
1253816909956595712
1253817608584990721
1253817988182159362
1253818159574011910
1253818289840697345
1253818323772506116
1253818625762504705
1253819480662249472
1253820797803802627
1253821004142567431
1253821980052054016
1253821980366667776
1253822853205700608
1253823091936903169
1253823163143729152
1253823646004473857
1253823897654394882
1253824136889217026
1253826149601480704
1253829271375671296
1253830516006096896
1253830597224644614
1253830671329607680
1253831219768365056
1253832034289672196
1253834215168241664
1253834802689540096
1253835231267885056
1253836011194507266
1253837063574761474
1253840133578616833
1253840201237123072
1253840426911633408
1253841417568477184
1253841874298769408
1253842906416373762
1253843333677490176
1253843396562739201
1253843406960418818
1253843451348758532
1253845792034562048
1253848589664768000
1253852410134458368
1253853689099550720
1253854533018517504
1253854858307870723
1253855149556224005
1253855631624171520
1253856180839034882
1253856516513423362
1253861520708194305
1253861880571080705
1253861995637542913
1253862401205624832
1253864099529854978
1253864182279274498
1253869968288071682
1253870521923653634
1253871494511439873
1253871709083574273
1253871742616993797
1253872471561945095
1253873248275763200
1253874569649123328
1253875696746655746
1253877083161399297
1253877291182026753
1253877517716467712
1253882868692115458
1253886715867074560
1253889869727674374
1253891543209054208
1253891832175460352
1253893151166738433
1253893774415138816
1253901102287917058
1253902377373044736
1253902871747194885
1253905908339372034
1253906594401865728
1253907137983463424
1253907220854603778
1253909192781398022
1253911823843315712
1253913857333948416
1253914294640664576
1253917330091974656
1253917753100115971
1253919816945217537
1253924813254676486
1253926878315978752
1253938556172595201
1253941900341645313
1253944257481711616
1253946308446040069
1253947575662571521
1253947772950269952
1253948715275915265
1253952084392566784
1253961105489223680
1253968420212785156
1253973227761815553
1253982971855613952
1253998492936212480
1254006218491920385
1254023877665030146
1254026000456916993
1254028634869858304
1254030350189236225
1254032300402245632
1254032920626425857
1254033269466599425
1254033285266587653
1254033444658708480
1254033457648406528
1254033499901878274
1254033579027296256
1254033844195545098
1254033869747167234
1254033870485442565
1254033927863492611
1254034154393567232
1254034342986350593
1254034451081965568
1254034565548695554
1254034757270171651
1254034766871040002
1254034782738137089
1254035399640571907
1254035403822305280
1254035499834056704
1254035651995021313
1254035739186212864
1254036381384486913
1254036654118985728
1254036930083291137
1254037131866955776
1254037462629810176
1254037551712579584
1254037731547713536
1254037748790558720
1254037940675719170
1254038942988394496
1254039959532638208
1254040659742392320
1254041271850741760
1254041435185217536
1254041601271140352
1254042748262518785
1254043054656196608
1254043708066062338
1254043939302264838
1254044576630833153
1254045147588890624
1254045423599304706
1254045497259679745
1254046107241455619
1254047324122124288
1254047646903406593
1254049652317605889
1254051061272383494
1254051166150852609
1254051648659488768
1254052151531376641
1254052541333213184
1254052675437694976
1254054664183537664
1254055192603045888
1254055342960451584
1254056961760530432
1254057146892857344
1254057663337500672
1254057817809522688
1254057843214495744
1254058292302807040
1254059075807195142
1254060941949485058
1254065681634603009
1254065980738854913
1254065992633892870
1254067536645304322
1254069427408117768
1254071181101105152
1254071420017168384
1254072533751562242
1254073000883679237
1254073038494224386
1254073551226843147
1254074092174503937
1254075820420677638
1254075870676955139
1254076771663851520
1254078580109176834
1254079607147397120
1254080551566393345
1254082493675864064
1254083160633159682
1254083214026702856
1254085616184299521
1254086230318428165
1254088549768417285
1254089780520013825
1254091246546583555
1254096229388214272
1254096636323803138
1254097831578796032
1254098590676336645
1254098989793841152
1254100991319789573
1254102600666034182
1254106567965683712
1254110775154638848
1254117432278605825
1254118528409415680
1254119336010289153
1254123971294961668
1254125466526666753
1254126965252112385
1254128164994863104
1254130883201830916
1254134913571475458
1254136012235853825
1254139082420047873
1254142260821843971
1254142912582934528
1254142950403014656
1254144514249437185
1254145408349036544
1254145550536114176
1254146074777997313
1254149182459281408
1254149287522570245
1254158908610031617
1254165418601779206
1254166781905842176
1254167998312529921
1254168534931865605
1254172059288166400
1254172771644473347
1254173899253706753
1254173919743029248
1254176319136567297
1254179548943593474
1254181487257108480
1254182384674668547
1254184994047700993
1254195911950917632
1254197086381211648
1254197312831787009
1254204568910598146
1254217998967222278
1254218865070014464
1254219588004446209
1254219884856213505
1254219970181038081
1254234568628015109
1254241872601546754
1254247847349719040
1254250173812924416
1254257911636819970
1254273383933632513
1254274864296452101
1254287967566233600
1254294000028143616
1254309849250312192
1254310650420932609
1254312845145186304
1254318088138502147
1254332645477097473
1254367068503171073
1254372969956204546
1254377147235434496
1254387813451251716
1254390696028581888
1254391395399368704
1254399424442388480
1254418557066268674
1254423290556198915
1254458701873926149
1254465298691833856
1254537831390703616
1254572886964215810
1254601605002997767
1254637202400837632
1254662405851930624
1254777405371105281
1254815560518508545
1254864357881556992
1254864433911717888
1254865234314932227
1254865485927088128
1254866114875514880
1254895700573216768
1256410756117135361
1291151139002556417
1291379486647230466