1250901424453623808
1250974052283551745
1251089978471432194
1251215600350789639
1252524087135678470
1254724940043034624
1250894924997894147
1250895902845403137
1250951827085910017
1251029337744093184
1251031490504224780
1251038053839355905
1251050356403994626
1251055491314102272
1251056832585576449
1251068669033054209
1251073838923857920
1251076297377316865
1251090889470095361
1251096736430505985
1251125668613468165
1251150054057893888
1251181242487275521
1251196559909421056
1251246623738355713
1251262392371048448
1251264797372547076
1251270129691680768
1251271342587908096
1251433706503495681
1251443643107459072
1251448583670214656
1251448989012164608
1251451972257013760
1251506871531429888
1251583912582791170
1251601788878254080
1251698425315225601
1251819471926374400
1251824289600294912
1251825228205846528
1252565069663272960
1257674554887016450
1251073873044332545
1250940288090112005
1250888022805016576
1250899229913968641
1250930524857733120
1251904529517461505
1251909584500994048
1251934115949088771
1251941514537775106
1252108233822666752
1250886672721600514
1250886794721320966
1250911062309908480
1250941890503024646
1250963143083175936
1251119272232980480
1251523841735757824
1254438912182845446
1250887998016638976