1254129238636146689
1254129960421220352
1254131137489842177
1254132893082947584
1254133413147099137
1254133593007415302
1254134611837440000
1254134972899905537
1254139624185880577
1254140529559908352
1254145256808947714
1254148843375144961
1254149642348105728
1254150394512621572
1254155547894525953
1254156002724847616
1254159907529646085
1254175497774301184
1254176412212355075
1254177284669480966
1254183995593629705
1254198935071133696
1254219726894530564
1254249967343898624
1254253998183456770
1254255646775693312
1254257072675438592
1254269844494725121
1254275934804307971
1254277121607782400
1254286961705091080
1254347171010240513
1254373716105916416
1254373886826700800
1254385351491309568
1254393652237012992
1254394470126084104
1254417756696522752
1254424367263596549
1254436614404812800
1254511764189982720
1254539077212188673
1254558350261522440
1254558370486382592
1254576947377639425
1254604008993374210
1254667024921395200
1254669062669361152
1254677146733289473
1254690771850141697
1254707197331804162
1254714378823360512
1254730941609771010
1254734506105483266
1254739945706717184
1254743465482731520
1254774759125991426
1254782971720036354
1254791284163821568
1254799743923994625
1255198394311684097
1255210173099937793
1255432027395981313
1255574511912513536
1255581780129824777
1255866745371459584
1256041225389584384
1259848511933349893