1248529095526428672
1248530673117179904
1248530795091742725
1248534315526508545
1248535768282402816
1248537216260898816
1248538340909080576
1248538424774029315
1248548188975439873
1248577191983472640
1248529339446157313
1248570849000595459
1248529764958289920
1248530350999044096
1248534183808557058
1248536805835599872
1248529767059644416
1248530082102116354
1248530241888432128
1248530379331399681
1248532611120627712
1248530243138342913
1248622042007527425
1248530413045395457
1248530632730443776
1248531114517553154
1248530775827456002
1248530955935105029
1248531038579625987
1248532061847080960
1248533059474948097
1248531960101834752
1248535233395339265
1248532089575739392
1248535102579249153
1248544950993727488
1248532436679614464
1248532688413306897
1248533013509500928
1248533533435604993
1248543721957675008
1248532776904769537
1248533466947477505
1248533961812238337
1248535047600300032
1248537263740420097
1248532985697243136
1248571055561678848
1248616128605065216
1248534036936413184
1248536301801963520