1247183647368720384
1247184247019864064
1247184838320242688
1247184907153158150
1247185161474707457
1247185396028456960
1247185500303175689
1247185515477995520
1247185576299814912
1247186004747919360
1247186020971487234
1247186084317892608
1247186344297857026
1247186373846671360
1247186411247337472
1247186529665126403
1247186829347971075
1247186902056386560
1247186927029125120
1247187313215455233
1247187333864198144
1247187900690771977
1247187963013926920
1247188382490427393
1247188445698707456
1247188544239607808
1247188554528088064
1247188760111894530
1247188836834295810
1247188932611190787
1247189011707371522
1247189536351768577
1247189854879805442
1247189883980038149
1247189892372758529
1247189900279066625
1247189913361137666
1247189922013995008
1247189934370222081
1247189967757066240
1247189987889688576
1247189993057144839
1247190021632856064
1247190051982675968
1247190059989819393
1247190127333519362
1247190170123689985
1247190177950228480
1247190228026167296
1247190244664856576
1247190249060663296
1247190261584654337
1247190278189928449
1247190429344374785
1247190479965491200
1247190500831924224
1247190526404833280
1247190668302110720
1247190794664136704
1247190799797936129
1247191004240896002
1247191170221871105
1247191239163654146
1247191494907265027
1247191666752024576
1247191811468263430
1247191985636757504
1247192027521056768
1247192044159688705
1247192069484863489
1247192123243466753
1247192270924890112
1247192723519660032
1247192841375399939
1247193193898053638
1247193223044321283
1247193435188146179
1247193742873956355
1247193805805117440
1247193881332133888
1247193960969162752
1247194355212767233
1247194434594385926
1247194456014696448
1247194669974519809
1247194678828695553
1247194896311746560
1247195029527019525
1247195055938396161
1247195554603565056
1247196653897080835
1247197245235175427
1247197324654399491
1247197458867896320
1247197811419959298
1247198037681688576
1247198293827846144
1247198314505932800
1247198478096195592
1247198671097249794
1247199262326185985
1247201216775335938
1247201993128644608
1247202449615736832
1247203713019719681
1247204802901262336
1247206684625375233
1247207255394508800
1247207563243991041
1247207928425144328
1247208955576832008
1247208955585146880
1247209031392870401
1247209215711567883
1247209673088028676
1247211014757761029
1247212623055257600
1247213359856058369
1247214848502530048
1247216517919338496
1247217219458736129
1247218981770907648
1247220653796790278
1247220798026158080
1247224441517424640
1247224785295355905
1247225741701455873
1247228798636097540
1247229376451817479
1247229772243091457
1247231777128812545
1247232543969234944
1247233316027355143
1247234958432837633
1247235337581203456
1247236642232033285
1247236981999820801
1247238709810003969
1247239310069252096
1247239565632516097
1247242375979655168
1247245248679608322
1247246293338132481
1247247158451015682
1247247618914291713
1247255122700308480
1247276933332828161
1247286826890649602
1247287595098419205
1247294875764027392
1247298692907855872
1247299288679337984
1247301104859336712
1247305634518720512
1247313036957769730
1247323292165378048
1247349800921714689
1247350139854786560
1247377437308133376
1247380448126234624
1247394658927476741
1247405400435105794
1247418678162771968
1247450321124823042
1247468029769740289
1247489558855458816
1247490800725958662
1247534806004424706
1247591077411946496
1247609281131630592
1247618097743306758
1247638087628357632
1247638319229538313
1247691550089494528
1247721721831948288
1247999292528156674
1248073275042746370
1248209750514446338
1248238485162659841
1248816896385806336
1249265962823684096
1249857209845993472
1250156531900973056
1250201729552896000
1251746437731201026
1252055466454052864
1247187828657786882
1247189213038227456
1247189636482568197
1247194271435849729
1247200663643160576
1247201934223839232
1247208245426556929
1247208265315950592
1247311049273024512
1247380250234736640
1247492856375279618
1247536644208508928
1247802457813471233
1247814546103783425
1247852747887689729
1247974294904131585
1250082050054524931
1258916356730355713
1247189077159489538
1247189113977090050
1247189273297793031
1247189280562098176
1247189300703346688
1247189937012838401
1247190240470560768
1247190299094343681
1247190333261307905
1247190442606813184
1247190769200488449
1247191193680777219
1247191347477372928
1247191758523510784
1247192694063071235
1247193914714529794
1247194355204378624
1247194628002066432
1247195083771768835
1247195298646102017
1247196381451706368
1247200361213054976
1247200982817296384
1247200999548366849
1247202609468932097
1247203130510467073
1247204538739802114
1247209161135394821
1247210406499758080
1247213846525173763
1247215062999326721
1247221106294935553
1247225284287291402
1247225505432166407
1247226483250257920
1247230089881739266
1247230451347066881
1247232622016843778
1247233747558133760
1247238076553805824
1247246633508560896
1247255390867173381
1247271861957865473
1247282615985504256
1247311019598213121
1247355475907100675
1247408529352404993
1247413360846606342
1247436161049452544
1247465626244767744
1247479530413002752
1247509784166719488
1247600204880195584
1247621046712360965
1247864010235617280
1248044645172621313
1249037688814133251
1252425978321571843
1260077165292539904
1263442077934903297
1267852359847350274
1303996329635590145
1304152727358976000
1309767428822376448
1247223042637475844
1247189359603957760
1247189473584205825
1247223807825174530
1247379575895515137
1248758609212633089
1247189658276106241
1247195044114726914
1247195672006230016
1247226970141835264
1247229821882490889
1247230497303994372
1247231328552181760
1247231568713789444
1247231734610944005
1247231818820210692
1247231953025159168
1247233139916693506
1247233574815723520
1247240840394702853
1247251188048896002
1247299292844494849
1247376488766242816
1247425663361040384
1247431689971871744
1247448014010138625
1247452326530617344
1247470013285412865
1247514473180672001
1247537881582678023
1247591895926288384
1247596932782075906
1247604377969479682
1247617417762738179
1247875044631609344
1247986713668079618
1248462762969157634
1247192085851226113
1247192605051555840
1251004457552232448