1248192737775693828
1248193225019387905
1248197839332597760
1248207813559664640
1248215970222616576
1248267677182935041
1248296681923211265
1248303479543791623
1248309733947314180
1248513581022416896
1248599233638400000
1248602555522994176
1248611802386026496
1248733957706911744
1249045209247289346
1249059898563768320
1249074362763874304
1249247840582369280
1249248012884496385
1249322105054904320
1249670944307785729
1248165312182321152
1248166243624013825
1248166758239764481
1248166947960893440
1248166966248058880
1248167833302859776
1248168834546073604
1248168902359764992
1248169221705437185
1248170172143276035
1248170592735358976
1248170767646408705
1248171154105421825
1248171687629078529
1248172190337564673
1248172370583597056
1248173288716734465
1248174597884837888
1248175855861411841
1248179245655838720
1248183699079720964
1248191714990280706
1248192122764890113
1248194553884160000
1248195384352092160
1248197918915465216
1248197930898657283
1248200107637518337
1248201757328576513
1248202855116353537
1248208815117545473
1248209369193463808
1248212576573493248
1248224861991944197
1248241966820753413
1248249440206376961
1248251273725370370
1248254876267806723
1248257598840848384
1248261339820298241
1248265125691297793
1248272992049803265
1248275735082565632
1248277987423735808
1248280138514653186
1248281204484431872
1248295833948258314
1248303480248418305
1248303945933623297
1248313110483664897
1248338465047171073
1248555733907648518
1248556307810000896
1248561214411636736
1248564194565189632
1248566144866250752
1248656324596051970
1248687150280740864
1248726534782926854
1248812853240397824
1248867496570036224
1248867845213224961
1248869493868302336
1248906947350462464
1248915202709557248
1248915584819048448
1248926814120132608
1248956330594971649
1248959013972303872
1248960405411631106
1248979875182116867
1248987487621521411
1249001191394213888
1249007775105060867
1249029663088873479
1249036631874637829
1249045411601494017
1249052906478645248
1249053278710771713
1249064976880414720
1249083981141880833
1249118173535842304
1249288876553678848
1249611721314127872
1249618139928764417
1249711726297264128
1249827492820660224
1250021571735011328
1250027171457961986
1250086617206882310
1250147988095356929
1250174609619587079
1250311872542212096
1250365873447190528
1250368814094716928
1250439299599757319
1250501486251061249
1251176149591511040
1251177643518513152
1251177883143409665
1251178138962481153
1251178478285668352
1251189845222973444
1252456189733961728
1259847760557244416