1247935681722290177
1247936235634659329
1247940601594740736
1247940945292791808
1247941302198710273
1247941503382519808
1247950664229158915
1247955667387928584
1247958406566154240
1247963787778539523
1247963879780552704
1247965000007708672
1247968980121329665
1247974206932803585
1247979193348038659
1247979650342703104
1247987464809205760
1247988039399419906
1247990291925094400
1248083002883584001
1248143669787365376
1248183801177464837
1252488037789044736
1247962978244333570
1247967545556111360
1248248986823053312