1248735825392807936
1248736202343268353
1248740463709958147
1248764056845996032
1248801982023958530
1248881426172235781
1248905279426703360
1248907183472828416
1248914779932184577
1248952750660112384
1249091422667649026
1249357081074741250
1249379633885147136
1248737262873063427
1248739816419852290
1248750752685797382
1248780020698337280
1248794055405862913
1248799490695401472
1248799746120011776
1248812900489162752
1248838232218808320
1248839697196912643
1248844445866266625
1248855900405657600
1248863831553523712
1249944683117080577
1248742150109425665
1248743565670469643
1248750618052718592
1248750996211277825
1248763023046696960
1248765902989987842
1248833204884090882
1248892351965061129