1253035216530178058
1253035853733146626
1253037138045800448
1253048028379992066
1253048736911163393
1253050475701768197
1253051602820366336
1253052475474456576
1253059950303162368
1253082502597611521
1253094541873348609
1253202494639017984
1253221676814401536
1253222328214999040
1253222724027256834
1253223539626455041
1253223838789353472
1253252635626319872
1253317983113379845
1253383865818890240
1253416396299440129
1253420518427877378
1253420632244543492
1253422368438935554
1253423048411115521
1253424180105605121
1253425065430904835
1253426620024549377
1253431415212933129
1253435752035172352
1253436024887357440
1253436431747317765
1253442168980725760
1253445000580550664
1253458573285363712
1253474378181992448
1253482548208062464
1253514177479573509
1253514922002186241
1253526755912175619
1253529067485384705
1253531596986212352
1253532472635080704
1253535253534248962
1253538777575968769
1253538807003086848
1253547111074930688
1253550747410554882
1253551259602182144
1253558053925838850
1253561330151288834
1253561347205410817
1253563535289802752
1253564212225474560
1253574235441770496
1253579785214873600
1253588592443764742
1253596103691231232
1253611971687190528
1253612206442217473
1253625607382011904
1253631794928218113
1253639779855499264
1253639805671485440
1253646302497341440
1253649741566693376
1253653944871649281
1253662701592723456
1253668842397728774
1253681272217571332
1253684554340216837
1253687935284715525
1253708255970410498
1253780142364729344
1253837684390256640
1254128986956926976
1254242602024611840
1254356210565943297
1254542457787813894
1254930162325401600
1255132339522252802
1255188694014795777
1255896348798451714