1253713444827791366
1253717710292344833
1253727927314927617
1253731434134679553
1253748954883403776
1253871196317388800
1254033168421830664
1254033432390381568
1254033470034231296
1254035130794020865
1254038675329028096
1254040549943848960
1254041217047891970
1254041951013396481
1254051933175808000
1254053787162955776
1254054026120794117
1254054232057098240
1254064813925371904
1254065422233595905
1254066336810008577
1254066873496453120
1254082124002529281
1254095222805532672
1254099117862600704
1254103007387693056
1254141599606427649
1254165913823178752
1254175573162831877
1254213514530619393
1254213847201853440
1254221618223763456
1254235014201577472
1254258376734846976
1254303697405968389
1254406331039023106
1254517392501342218
1254531185356800000
1254554168121004037
1253720944155246598