1255937596259274753
1256023860115202049
1256058522275627010
1258362302652284928
1258371933034463232
1258373376508416000
1258385509107159040
1258434779516633090
1258500206653554690
1258565533529595904
1261596228514504705
1255936555459493890
1255936845902479361
1255936933697589253
1255939458894970880
1255940901303726082
1255949734264668161
1255967467731513344
1255971604053491713
1255972499931758593
1256078143233961984
1256078327833595904
1256079720883634176
1256080344899637248
1256108473026109440
1256110869487980544
1256123077760618496
1256126214273503233
1256126649931894785
1256133394745810946
1256139829668122624
1256141141768011776
1256143670564155392
1256144102862622720
1256161026371809280
1256162486190895104
1256163001687666688
1256163455897231362
1256231898923307011
1256234452755382272
1256247915049218048
1256267289894117378
1256631384879267841
1256635813871390720
1256653785818071043
1256804563333656576
1256867569153249280
1257422355162378241
1260204041453350912
1260211367635804160
1260525258508910592
1255948388362829824
1255961185452732416
1255977881982971913
1256155536233426944
1256182958924484609
1256370045275590657
1256746394204934145
1256746965557182466