1255547092120018944
1255547601941860355
1255547632740528129
1255551020945608706
1255551736560967682
1255572851303895050
1255573253709430785
1255578777666703362
1255579167195725827
1255579404434116611
1255580085857460225
1255584561674649601
1255604681969025024
1255703289682894855
1255835637523058688
1255857816155369472
1255859455947706371
1256187715441381376
1255546727031025666
1255548356220211205
1255553737491283968
1255555981905285120
1255555985508352004
1255560660659953664
1255560846866030592
1255574210002522113
1255587543413927936
1255594201984626688
1255604555602997248
1255614060110008322
1255646692377915394
1255653830232018944
1255674982484467712
1255698550731821058
1255756293031235585
1255849390197092355
1255969552271278082
1255975285826166785
1256772405457895425
1257033203652542464
1257292247470669827
1258254749050101760
1280774323372830720