1253413044467535874
1253671133422985225
1253780930076049410
1254034531096682499
1254034635937533953
1254034929811423233
1254035189979680770
1254035286155071488
1254035692851773440
1254036549072805888
1254037384209092608
1254037916306886656
1254038544911413249
1254038568932122624
1254040278253649920
1254040424240603138
1254043510879268864
1254046615456952321
1254047865061748739
1254049262171815936
1254061823797706757
1254063568812556288
1254070320635564033
1254072594854281216
1254081360203046918
1254082162158120960
1254082876355735552
1254085479504515075
1254085630381850625
1254088417165611009
1254098615724838914
1254101816297562113
1254105674944053250
1254111337581613062
1254113920870232065
1254136649585434627
1254140806987948040
1254142400752123910
1254151695606714368
1254152269471285248
1254155373054840832
1254158376159895552
1254175946900471808
1254178425587118081
1254196427527344128
1254196679605026816
1254231231769841668
1254239485514133504
1254242082484441088
1254268743422627842
1254273300378894336
1254302795789811712
1254304661219180544
1254306692105408519
1254309048612257792
1254312860953522178
1254315398763339776
1254315856806453251
1254351210750115841
1254368686942621703
1254380955340607488
1254387163715772416
1254421963558268931
1254444013077348354
1254445526688436225
1254454619738001414
1254549416394067973
1254550779135963136
1254609583194075136
1254652004393193474
1254698271571767296
1254942170353528832
1255286824848760838