1253815856611692546
1253819476740575239
1253820499794071552
1253821258036154368
1253824161660592128
1253828700451282944
1253828784857518081
1253838443463016448
1253844289802702850
1253845494192844802
1253852130424823810
1253892751055183872
1253909050225577985
1253940755007242243
1253999316068417536
1254020597652156416
1254020690904322048
1254020924652892163
1254021017103667200
1254021374819041283
1254021488254103552
1254021507744923648
1254021927041196033
1254021968866742273
1254022459772321794
1254022480324427776
1254022653259780102
1254022782653956096
1254023186305425410
1254023756835586048
1254024117050920960
1254024435222433792
1254024695814520832
1254025731572740097
1254025937815035905
1254026985648590848
1254027716040331264
1254027783468089344
1254027917295783936
1254028282246205442
1254029980046102530
1254030882320547846
1254031419455623169
1254031666932101121
1254033285421895685
1254038684145315852
1254044916289765383
1254046271003738112
1254062410262089728
1254082279535603712
1254085097856221184
1254088390242447361
1254119134817730561
1254135257617633282
1254142605786374145
1254144506003255297
1254147186419326976
1254208755295715328
1254268230035664896
1254440141042659335
1254528921992904705
1254698692205875200
1254736591332892674