1252990868270825472
1252990998696902658
1254696229742751747
1252991388574154752
1252991962870923265
1252993195128094721
1254034258345234433
1254035249454968832
1254035941922091008
1254036289034256384
1254038344272510977
1254041955132157962
1254042466745008128
1254043184134569985
1254044207099998209
1254044228436410368
1254044324846866432
1254044391565492224
1254047940081004544
1254049131452084226
1254056678368182273
1254058941958565888
1254065187121815552
1254072926166450183
1254073681023647744
1254086520069373953
1254089405029105666
1254099991527747584
1254108086874386439
1254109038612283408
1254121055427280897
1254125132857012225
1254131181026791427
1254134246278455296
1254135492381077504
1254136461328371714
1254140618177040384
1254157769277616133
1254201947680157697
1254203309679947776
1254204829125283841
1254241411735719937
1254241901580029954
1254266985665515520
1254274566823665664
1254282402102308864
1254309053548945409
1254310881300754433
1254312865663762432
1254315403947528193
1254351026221711360
1254383354990002177
1254405437778284546
1254406121080541185
1254432884917706752
1254481656309846018
1254534656202084356
1254536858660454400
1254698208904671233
1254941842853904384
1252993550536630279
1253337195420643334
1252994724639789059
1253435026533990400
1252995545175592962
1254905726104977414