1251167200074821642
1251169083585966081
1251174904910798855
1251176586138783744
1251179778771746816
1251215174876319750
1251262260451868677
1252695826465349633
1254271727191969792
1251166076244803586
1251167686769479680
1251176137931100163
1251183364553338883
1251175920469245958
1251498428275871744
1251576203544322048
1255852149097009154
1256425125194477573
1251176452831272964
1251176759229247489
1251180907161100288
1251181330987180037
1251202847791775747
1251207130037665792
1251401883660554240
1251402252822216705
1251402319981350913
1251403021784887296
1251404342269222912
1251414400432406530
1251420029347913728
1251429348785000448
1251454209901412352
1251484515383382016
1251496218083110914
1251940989285150723
1251972475266764800