1256472025746604033
1254858308629835777
1254858346915442692
1254859268076924928
1254859328474902528
1254859888594808832
1254860012016381952
1254860159546871809
1254864680100655105
1254865274366570496
1254883516690640898
1254885966118092809
1254886344272248834
1254890538794270720
1254902982287728640
1254906891433582592
1254909362432356355
1254911673862959108
1254916480086487040
1254921777899339777
1254922247745220609
1254923946018902019
1254929664180543488
1254931437859545088
1254935098115321856
1254936704999460866
1254937989064638464
1254954942172999680
1254956834286374913
1254958338770702337
1254968041810595842
1254968761582575616
1254968843635695616
1254969062230286345
1254970716543283201
1254990023608266752
1254993487713337344
1255004124468383747
1255010729893257216
1255021756961763328
1255030229527080960
1255044436297281537
1255050912323624960
1255076371807776768
1255078930228432897
1255079779427971072
1255091033970442240
1255099456485306368
1255111519228092418
1255120082948239360
1255121250839642115
1255121631967666180
1255122311004524544
1255128334075191296
1255130469538172933
1255132851374133248
1255198009866031106
1255218565810196490
1255283829482323970
1255298237982027778
1255318378014822401
1255378776969658368
1255477746744131585
1255552286518116352
1255599245735985158
1255715494771949571
1255737319258193920
1255831715236450305
1255849767072038913
1255907743560372227
1256133433039994880
1256183593791115265
1256252669301325827
1256255155118518273
1257303487966306304