1246206717689573376
1246206718993993735
1246206720705208326
1246206882357837825
1246207665010851841
1246208388997890048
1246209633825497089
1246211747599413248
1246211785029349377
1246212758141616128
1246213496611549184
1246214415063478272
1246229661073489920
1246240406477500417
1246286972160823296
1246473937220845568
1246604258365095937
1247008866560344064
1246206721867108352
1246206722961784832
1246223701328252934
1246233575017627649
1246208614123134976
1246208615255588869
1246208617377906688
1246208912778506240
1246208937306861578
1246208966729793542
1246209008295448576
1246209059142893575
1246209176486977536
1246209238898061314
1246209425179922433
1246209679530831873
1246209733867917314
1246209864101216256
1246209939934248960
1246210120855494657
1246210174848827392
1246210201784467456
1246210227361505286
1246210622121000961
1246210632174706688
1246210649018920960
1246210652907040769
1246210729629253632
1246210753104719872
1246210787804356609
1246210828459704325
1246210828472184832
1246210852102914048
1246211133771563008
1246211202767654913
1246211285940830209
1246211587804991489
1246212015443652611
1246212271614971906
1246212507750092801
1246212586280038400
1246212601161244672
1246212849883590669
1246212914387828743
1246213070009008128
1246213135570264071
1246213467398451200
1246213663977021444
1246213874115846151
1246213974594650112
1246214037580333058
1246214129834168321
1246214222360559616
1246214519493472256
1246214624732745729
1246215144750923778
1246215778501718017
1246215781769248770
1246216176683843587
1246216198338916353
1246216310717104132
1246216461976305665
1246218428429611008
1246218755916455936
1246219460861734912
1246219527601389573
1246219682232684544
1246220266541203456
1246220547136069638
1246220669014040576
1246221553479516160
1246221554926714881
1246221704738803717
1246222090694508549
1246223118328160262
1246223214382067712
1246223315322142721
1246223340919861248
1246223520989949952
1246223659750080512
1246223908384247811
1246224108183928833
1246224187301040128
1246224212349587462
1246224699345924096
1246225072383238150
1246227656305078272
1246227744699998209
1246228391122083840
1246229254997770240
1246229544119357440
1246229980104798215
1246230676745027589
1246231388904402944
1246231595306160130
1246231615401078786
1246231884855685120
1246232573442957315
1246232878276587522
1246233499251757058
1246233733801238528
1246233826491236355
1246234434598080512
1246237467344240640
1246237986905350144
1246238901582409728
1246239329548038144
1246239650672345088
1246240129922072578
1246240252701872130
1246240302186123265
1246240994573668355
1246241652710281216
1246242205922217985
1246243272143577089
1246245377201725440
1246245545372299266
1246247147701485571
1246249701990633472
1246249739189989381
1246251194734927872
1246252468247367680
1246252725924438018
1246254168429547521
1246255145702195200
1246255272076562432
1246259562333659136
1246261533715435520
1246263131850096641
1246267863167651841
1246268320568893441
1246270996287344642
1246274180057686016
1246278424076922884
1246279204557205505
1246279292805316613
1246279435281727488
1246279598469533696
1246280236184076288
1246281230703788032
1246281390099968012
1246281855105720321
1246281910071857152
1246282598986416128
1246282915803267075
1246283180451266561
1246283243852349440
1246283365285859329
1246283653140840451
1246288276786262016
1246294471962251264
1246299178755452928
1246305632908709888
1246309942275039234
1246310909414432769
1246320829253779456
1246323995311562753
1246326398429671424
1246332253933879296
1246341358425530370
1246344404618694656
1246345738847694849
1246354652301533184
1246368384427548673
1246369125833768961
1246377309562642432
1246389459827871744
1246402240530825216
1246403490349547525
1246419765620596737
1246420098333761536
1246420226012590081
1246421381488746496
1246422429217497098
1246423299355291648
1246423994980601856
1246435408818438145
1246448830146461700
1246449480636997632
1246451265737052161
1246453750102982657
1246456249727823872
1246457175335026689
1246468207776538624
1246471013740744704
1246499254111215616
1246504258389696512
1246509526288908289
1246536773015982081
1246537556767813642
1246540582845059072
1246570087835992064
1246570314890235906
1246572688077963267
1246574147821547520
1246574421281837059
1246591130545917955
1246612907699458048
1246617332035641344
1246658860498051072
1246680121261596672
1246691915753390080
1246706413797355527
1246735604013989894
1246818427962040321
1246829385706950657
1246872336910843905
1246915358390235136
1247041691141496835
1247254182807076867
1248092653725659137
1254872217218961414
1256273136296660993
1256535805771816961
1256540763019710465
1259151066488168449
1259626167386030080
1260585052255195142
1260811952781230081
1261517078193827840
1262117400352153600
1262728749377822722
1263146170119065600
1263468556836130821
1264859619480010752
1265115886643544077
1265830701049548805
1265831141480828929
1265944771882860545
1267171003085414401
1267318290386284545
1267989727610798080
1268358800467275777
1268360227298181126
1271078223972106248
1246208618493628417
1246208619479261188
1246210028316422144
1246210678093987842
1246211624685445121
1246212102731321346
1246213164628234240
1246214599596072960
1246221931667308544
1246226121127088128
1246228310943617024
1246229807924482049
1246229930314260480
1246230588178210816
1246240364857622529
1246248860592332800
1246249194148360193
1246288696523005954
1246305188417134593
1246308996916449280
1246309138809921536
1246337853359034368
1246343042484834304
1246419923368321024
1246467222320472071
1246501171361206272
1246508288667267073
1246997475115905025
1247275947583246337
1247326480121704448
1257328573653942273
1257718493153288192
1259151235875106816
1260769672846290947
1261096866420318208
1261116756480815104
1261147340603154434
1264655390416961542
1264734570471059457
1265008470358659077
1265184128946839552
1271067667668008963
1298055853484851200