1247648030473498625
1247648422443745288
1247648610977603585
1247649345467486208
1247650679176519682
1247651181872070656
1247651446205669377
1247653996921344001
1247655271603806208
1247662779085004802
1247697541975740416
1247714197041041408
1247738077247729667
1247761199103488000
1247769880876576769
1247772464760754178
1247789300718006274
1247815313019637760
1247819352809680896
1247847652282322945
1247848058794192903
1247852068649480200
1247871647534714886
1247883460494028800
1247901825166012425
1247926529742508037
1247940010726379525
1247985581159833606
1248038364281843712
1248066368647442435
1248168851822403586
1248228670751285250
1248324376229011456
1249089895798358017
1249819921728626696
1250197556396806146
1247649537952546817
1247655564936708096
1247767935055060994
1247788910739992592
1247884544713187328
1247929318925389826
1247935517955518465
1247941096195284993
1247966614588456962
1247967164130373635
1248038425837490176
1248825386592538624
1250008519706923008
1251269495617916930
1255151298141249537
1247665971109732356
1247732718626013186
1247791955406274560
1247817126154391552