1250547365905219584
1250557413230555137
1250557423796002817
1250557729619546112
1250558400787816448
1250558549215846402
1250560210709741569
1250563042598764544
1250569342921715714
1250575412985581570
1250592971323510791
1250594845199962114
1250595134799933441
1250596568161554432
1250605947430375431
1250606744193175554
1250607579341959169
1250608083090325504
1250612353122459648
1250614466191843329
1250617913838571522
1250620263198269440
1250624104471965698
1250625305414455296
1250626055280357376
1250627016740626432
1250628307902582789
1250628487712514048
1250629524129067008
1250630715982692352
1250634587132157956
1250634606501662720
1250637757975867392
1250640198016385025
1250642463846305792
1250643898344574976
1250645701098237952
1250648499563061254
1250651362154516480
1250652246053842944
1250652991247527936
1250654584789364737
1250656308656844800
1250657319278403584
1250657831314808832
1250658251747864576
1250659861530136582
1250663708033978369
1250664295186169856
1250665657890308097
1250666853086556160
1250669261166538752
1250675602325037056
1250679322974846976
1250682247813804032
1250682388851507200
1250685509698850817
1250687863357755398
1250692589650456577
1250692858203553793
1250710020527775744
1250728635754921986
1250742249006288896
1250760864266768384
1250760977492123648
1250768435149262848
1250768581794521089
1250774894532415489
1250798633382887430
1250804606663364610
1250807251540963328
1250807459045715969
1250821337825849344
1250838915596128259
1250839037478232064
1250846121187917824
1250847959522164738
1250850026277855234
1250851989778554881
1250860584175726592
1250863075101532165
1250868184430735361
1250895316678828033
1250899812955811841
1250931647819571202
1250932990454136832
1250941882240323587
1250942188168654854
1250977089408434186
1250994856492781570
1250995083303890944
1251003962553221121
1251082060837470211
1251098999945297920
1251152465044504576
1251462055137165318
1251464286985244674
1251703793990938628