1251195329325776897
1251202771283566592
1251195517809418240
1251195519310979072
1251195644934598659
1251214054665797632
1251472164336930816
1251531547762720768
1251195850220503042
1251195852753944578
1251196224667090944
1251264994244792323
1251196347971252224
1251483845133840384
1251197613619195904
1251197614873358338
1251294681566232576
1253644414733488128
1251197993736384513
1251198908958674950
1251199953629831169
1251410440585961472
1251482381204234240
1251503569498497027
1251866575872970752
1252117785523691520
1252302644175163398
1251198204336582656
1251201524094697472
1251245604291969025
1251314906697216000
1251433626279043072
1251198296728784896
1251198369898418177
1251199072935063557
1251206487801659397
1251364232249012226
1251709816923439105
1253941473004978176
1251198547627782144
1251367210163089409
1251797150708760576
1251198658453929985
1251204701523267588
1251403327339933697
1251827731559571456
1251198771935010817
1251199859719364609
1251216445725380610
1251356737086447616
1251391889284239360
1251198890038214663
1251201996318785536
1251542980168749056
1252203407550623744
1251200032583401473
1251200356132040706
1251200620129910792
1251201232695365633
1251201361280151556
1251205080226938881
1251206302916845568
1251206912013742080
1251212208941359104
1251235463576371203
1251246527227613201
1251247978389671939
1251294115406495747
1251400194379350016
1251254852686151686
1251255150770966528
1251255288717545472
1251255352621924352
1251255519907635200
1251260997161148417
1251271017919586305
1251274200989331456
1251278618103250944
1251290541884571650
1251323648150994947
1251327841876180994
1251330774273601536
1251337451269955585
1251448310646419456
1251544255845339138
1251206295153192963
1251212087143157768
1251219737704411137
1251223492038545410
1251224910107721729
1251233650621861889
1251273701535952901
1251275715527405569
1251294354569867264
1251313464276066310
1251313589828419584
1251317821465714688
1251323580308230146
1251359625288585216
1251417370628730880
1251475141793587201
1251503695617015808
1251510856162004992
1251537578215583745
1251560294163329024
1251593945651560449
1251733289448153088
1251766151480094723
1251927745115938818
1251985781641617408
1252206204908195840
1252238887239380994
1252395766095556608