1251681501680263168
1251682449559621632
1251683280023359488
1251684269891731456
1251685032814678018
1251685473833148420
1251688648191475713
1251689548393955328
1251691761401049089
1251694905941991424
1251698685827833857
1251700409418350592
1251703022805106688
1251708221212905472
1251713138183061505
1251722027196731392
1251725053407801344
1251737729999810560
1251758177785278464
1251759839115649024
1251765425106333696
1251772216418676737
1251875777865560064
1251892718105554946
1251896753466617861
1251927883288895488
1251956828419895297
1251961618658967554
1251965048676741121
1252015670243590144
1252065754653982720
1252102730950356992
1252547050681634816
1251683548341420032
1251687251165265922
1251685498940243975
1251685565805793292
1251686073597657088
1251686111585480707
1251686612783689729
1251687424260005895
1251688166060417025
1251688547838496769
1251689312762150912
1251689664345325568
1251690179439595526
1251690301065957376
1251690590531719169
1251692600043634690
1251696515258687489
1251696731676389376
1251697319805767680
1251698102458875910
1251698518667952128
1251698780237451264
1251699210329534464
1251699985655136259
1251700605443178496
1251700968602861568
1251701147330654208
1251701263319752704
1251701524956426246
1251702219671433218
1251702330619281411
1251702452207800321
1251702498160713728
1251702951581634561
1251703156594970624
1251703467032412160
1251703571734724609
1251703749141303297
1251703970717990912
1251704637347921920
1251705573667676162
1251706105807491074
1251706258115170305
1251706810274164738
1251706937483374594
1251707358935425026
1251708509101723655
1251708772806021120
1251710128056909824
1251710324375420935
1251710366591201280
1251710517606936577
1251710746712584192
1251710786386313216
1251711321256624130
1251712150688559105
1251712190945656837
1251713638538399745
1251714179301425152
1251714578100023299
1251714756479725571
1251715504571658240
1251715665943126023
1251716565570969600
1251716679438151680
1251716720416432133
1251716778335580167
1251716788536082433
1251717873099255809
1251717907807076358
1251718105748738048
1251718298166865922
1251719132988362753
1251720609781870592
1251720709606268928
1251721737982664707
1251721922997444608
1251721955461521410
1251721984771190784
1251721998096461826
1251722346169131008
1251722445838528513
1251722928389046272
1251723017232592896
1251723033225515014
1251723889421549573
1251723942663872515
1251724019059036160
1251724158242746370
1251724346692980737
1251724690218979329
1251725311592579078
1251725591990005761
1251726860045684736
1251727568358780931
1251728112930430978
1251728371958063104
1251728486345183233
1251728662149373955
1251729320000851969
1251730885746950144
1251730902855626752
1251732320513593345
1251732795413667842
1251733020501049349
1251733952450244608
1251734589393035264
1251735372901441536
1251735813752307712
1251736459352199169
1251736576704552960
1251737764799713280
1251737953350680581
1251738410609508353
1251738673336299522
1251739920160436226
1251740931180638208
1251742038422196226
1251742072324993025
1251743221174226946
1251744663511404547
1251745514757984258
1251745833927815169
1251746412884344835
1251751731412664320
1251753270801862656
1251754827144708096
1251755456059576321
1251756047481610247
1251756361278541824
1251757829872070657
1251757899317080064
1251757951372541953
1251761591890046976
1251762603233169409
1251766235764834304
1251773688862539777
1251775537770610688
1251775667592626176
1251777816284164096
1251778282112122880
1251780478341955585
1251789864984592385
1251790667518525440
1251794672663617537
1251797143137980416
1251797616611844096
1251800249972260866
1251801048555159552
1251803442873430022
1251805602596167682
1251811068332118016
1251812300467703808
1251815866410270726
1251821386303254529
1251827245989101568
1251827455452762118
1251828071453339651
1251828968883273728
1251830290307321859
1251832668137930752
1251833918275362816
1251836485852160010
1251836766816022528
1251840809957113858
1251843055440859139
1251843750369918977
1251845362228305921
1251847189875302401
1251849753182171138
1251849874565410816
1251851702514270208
1251852243269083136
1251854063765008386
1251857922931523585
1251858408824729609
1251858484296953856
1251859528586493953
1251860594396811264
1251862561135435776
1251862796494614528
1251871439294087175
1251871440724471814
1251872565196468225
1251874028597346304
1251874387814281216
1251875919838445569
1251876855117824000
1251876939373166596
1251877522746163200
1251878147265572872
1251879724147773442
1251879996907552768
1251881650461437952
1251882333566885893
1251882485098729473
1251882630976438274
1251883744354463744
1251884053017567233
1251884531000455170
1251884539141636096
1251884665528553474
1251885017539547136
1251885378002399232
1251885693149736960
1251885953024745472
1251886035560251393
1251886138043912199
1251895356952059908
1251897738754576384
1251903712316047362
1251905003247173633
1251905900769615874
1251906433400135680
1251908132068098048
1251908136832659457
1251909210557812736
1251913869909467136
1251916462110978048
1251923509887942656
1251928323372060672
1251932765261492224
1251966004793610243
1251980906283315202
1251990932330885120
1251991217954414593
1251993977462509568
1251997902802731009
1252015632574550017
1252028483297062914
1252034905426575360
1252053347261005826
1252067891937067008
1252090987104493573
1252119491934216192
1252136693492183041
1252142728198012929
1252201733721411585
1252202258168717313
1252215170383769600
1252468347750486016
1251687609044103168
1251687759024017409
1251689013095907333
1251970539599433729
1251689323742629888
1251690425708154888
1251691787573477377
1252015297252515841
1251694198929195008
1251703157077553152
1251706529654255617
1251751676236582914
1251810275457675264
1251903509890428928
1251997298797817858
1252202107513581570