1255972796192247811
1255973063851532288
1255973294303580167
1255974542838808581
1255975213168295948
1255979849102966785
1255980487559929856
1255981443135741953
1255981577697402885
1255983503453433856
1255984198675869697
1255986849337741320
1255993100159397900
1255995309882314752
1255999814799687682
1256001332605001728
1256002377276104706
1256006236228792320
1256009133888847874
1256009910636199939
1256029287523717120
1256033360079654914
1256043808640335873
1256078734446100484
1256092799050682368
1256093775006334976
1256149722974294029
1256152428635799552
1256156803055915009
1256181432713527296
1256196787561312256
1256207340212236288
1256210887557500930
1256211710446391297
1256229864052588549
1256232342336802818
1256237572625510403
1256237858412802050
1256240437129551874
1256242400529391617
1256250565945815041
1256263946174160896
1256277502386987011
1256278735960985606
1256280526253699073
1256290194317287425
1256293231773573122
1256302235216117767
1256339460498710528
1256343592508981249
1256359392435265536
1256379046474272770
1256393442055372800
1256405777515937797
1256416271295365120
1256438371745845248
1256457920759451650
1256592813279633409
1256928852783308810
1256962847394988034
1257005880379428864
1257116631911841793
1257123347512451072
1257327354604589062
1257882181285928960
1258244179123150850
1258314184753770497