1251460690063155200
1251461593663037441
1251463016295604226
1251467029183434753
1251496792950276101
1251506406253039617
1251519110703468544
1251549548821921793
1251556819203502088
1251566028192124929
1251567877423091718
1251569029258543104
1251570021031120897
1251575903387365376
1251582143828025350
1251587033421582337
1251591331421569026
1251592896714850304
1251593085123002371
1251596243400196096
1251601331254636548
1251601607898419203
1251603055168143360
1251607698237468679
1251609049944281102
1251614254106660865
1251614472516624384
1251615736092450816
1251615890199609344
1251616682486820865
1251617576700035075
1251628861537779713
1251641895182233600
1251648409913528322
1251648689984147456
1251655387742232578
1251658072990179329
1251659065698197504
1251661804574474247
1251663725389586433
1251664523112693760
1251664602980659201
1251664801719373825
1251667349750472705
1251667387331391488
1251667563811082243
1251667665392930817
1251668339723771904
1251668822916022274
1251669128831696896
1251669590553362433
1251669879758950401
1251670412422983682
1251670612566827008
1251671078499487745
1251671229100167173
1251671950855815169
1251672135258513410
1251672819131244544
1251673003110219776
1251673033393274880
1251673196509659136
1251673285428838401
1251673599041306627
1251674601874239489
1251674996071559169
1251675613385166848
1251676103997100037
1251676610614505473
1251676879154745344
1251678590120460288
1251678599788322817
1251678833524293632
1251679233459421186
1251680234585444353
1251680328307159040
1251681031301758977
1251681082300338179
1251681250332598272
1251681472169291776
1251682663691358208
1251682675527757824
1251682680443408390
1251684508560027649
1251685494657896450
1251685851324657664
1251686265839161347
1251686572518518786
1251686924487733248
1251687357016879107
1251687390952992768
1251689863344058368
1251692712937639937
1251693320721649666
1251694936002572289
1251699734395465731
1251700401000206337
1251702737273839619
1251703371414847488
1251703873070198784
1251705275603726338
1251708005873119232
1251711293205045248
1251713475249922049
1251720206579359744
1251729359569735681
1251730508230377472
1251732403300818950
1251735419911200768
1251748109916520453
1251752800670806016
1251754034505146368
1251763249105604608
1251799433198657536
1251809331865100294
1251825294929022976
1251825898497675266
1251888959732551680
1251892768479358976
1251893428440317958
1251899020655636484
1251922397332074496
1251971982364639240
1252070607597957122
1252156711651217408
1252202517729026049
1258508280407588866