1254031327030099968
1253764762065932295
1253778247864610817
1253779270431764480
1254288810977853440
1253775075939176452
1253775667512172544
1253783468879863808
1253784060566134785
1253894471592402944
1254008891463077888
1254032243770736642
1254032425442828289
1254032752724242432
1254033965142478848
1254034468056166400
1254034481830338560
1254035856190554112
1254035991318482945
1254036502432145408
1254038427915497476
1254040579832516608
1254041238136926215
1254042098019565568
1254045256959606785
1254052688154619904
1254052772913217536
1254054332166635528
1254054370699870214
1254056425699061762
1254060959343292416
1254064050394324992
1254065036668080128
1254065308538732544
1254066731263410181
1254078470692495362
1254089287798263809
1254100935732719619
1254142630654427138
1254145961351417858
1254146850967318528
1254306305180938245
1254307505884332032
1254308801458601986
1254319728144744448
1254427331793321985
1254442699983208448
1254604726655578118
1254619851148181505
1254677307970781186
1254807579445858305
1253772127469285382
1253805486564085760
1253820051666251776
1254334470666309632
1255049846869745666
1255331393795698689