1255529526756589568
1255528216565080072
1255786460457758720
1255529261345243138
1255529548550029312
1255530420873003009
1255531008201388032
1255531283016560642
1255647974975311872
1255529912829607941
1255531093781970944
1257097871188508675
1255529914335408131
1255530222222487553
1255530815292915714
1255530438103388162
1255615246686990336
1255530925192089602
1255530926584541189
1255531022432841729
1255613711747702784
1255531392668258306
1255532151447183362
1255532152713883648
1255532153963757569
1255532369483882504
1255566601828446213
1255630921916710913
1255753778218831873
1255756923242151936
1255532570533662720
1255533982466408450
1255546322188369920
1255551300881842184
1255552194318700544
1255562058700959745
1255567159515918337
1255595101964972032
1255671581810065410
1255717282103218176
1255736802331287552
1256085705551343616
1255539656923414531
1255615587457404929
1255630531154325507
1255642983606759424
1255675373045547008
1255833006289362945
1256212368851210240
1256212432214687744
1255540791726014466
1255543465859059717
1255605010869567488
1255606109345206274
1255616530789744640
1255623170331045888
1255706094749528066
1255633799859146753