1246110098369454080
1246110386891472897
1246110423914557440
1246110773602136065
1246111707438575616
1246111860019073024
1246111941497503745
1246112154974965762
1246112598057267201
1246113579281068036
1246113906663153669
1246113936354627584
1246114582353100800
1246114619866755072
1246114699877498881
1246115265785597952
1246115273872158720
1246118256294924290
1246121389381185538
1246122354268188677
1246129129226977280
1246129392020938752
1246133800708362240
1246135704628781056
1246136795810738176
1246137369251569665
1246141719537528833
1246143807734898688
1246156331930640384
1246170240389492736
1246174665267011584
1246178381881700352
1246186736738328579
1246192219004026892
1246205884503674886
1246213072814915585
1246221314718867456
1246224233111285765
1246233528402153474
1246235093229662208
1246239995326693378
1246241858201796612
1246242669895938048
1246268822467670018
1246281427399913473
1246282140444049408
1246283055385513984
1246285806073008128
1246287014678454274
1246306866084315136
1246316764582952961
1246338096339259393
1246344384406315009
1246347265574395910
1246348347906154496
1246377387245395968
1246388097878593536
1246395483746004992
1246110512011673609
1246110586800398337
1246113709736570885
1246115181769510918
1246217078320680962
1246110640051294208
1246110709756366849
1246110802693808128
1251999999862304769
1246110900882374658
1246111823763574790
1246110996810301440
1246111956466950145
1246111975123423234
1246263236803977216
1246345344616718337
1246363577847402497
1246379352083791872
1246676447881814017
1246111082986573824
1246113281640550401
1246160000168361990
1246261735218016256
1246111172388159489
1246111265254236162
1246115181811257344
1246115672725192706
1246117933048365063
1246125268760133635
1246134948861554689
1246325555626160128
1246367007986970624
1246111472461197312
1246111922887340032
1255441256894824450
1246111541121908740
1246111581550895106
1246111879560396803
1246129599915982849
1246355494425550848
1246111967053590528
1246112127015890944
1246254290127040513
1246112276974833666
1247435808161873921
1246112438279340033
1246112597897875456
1246115399969767426
1246112741515018246
1246210022641565696
1246313078171537409
1246112861425983488
1246145508340465670
1246548969465040897
1246550132834865155
1249605132209143809
1246112977713074179
1246113651020324864
1246113094834827265
1246113258345508872
1246121057569902593
1246113339845025795
1246113822865145856
1246113901827305473
1246128081594658817
1246130835029405697
1246141822667313158
1246147184640135168
1246165961356517376
1246176061920088065
1246247332120793088
1246298535613497344
1246393499370446848
1246403205019217920
1246420458637004800
1246114002633179141
1246115740119425027
1246118092486242306
1246123272737099778
1249605199972335617
1246115271783448576
1246117177335439363
1246154377699758080
1246158119018713088
1246206554770149377
1246240439490969600
1246307147933048833
1246312713061629955
1246367288611274752
1247912534172205056
1246119128701767685
1246120662428569600
1246171087865548800
1246177466160427016
1246224305286975490
1246233104970158081
1246162694425563141