1245428464758521859
1245428552989904897
1245435222025478144
1245436870479224840
1245453069007159296
1245478072029188097
1245514855257382912
1245522241355264000
1245531619806461952
1245547407254814721
1245550053747556355
1245580785572167682
1245597285758582785
1245608603072905225
1245611189813399553
1245629103979425796
1245730131857084418
1245730199192457216
1245907361794932736
1247072959732174850
1245431820658921472
1245439600472084486
1245439602200018944
1245440078903574530
1245448920689446915
1245450816497975296
1245459360525901824
1245470940676456450
1245577484835237894
1245581254822510592
1245615158547738630
1245709156448899072
1245818996869304325
1245904896433500167
1246147544796848130
1252503190639128576