1248347490803306496
1248347839140257792
1248351121724358667
1248351122844237824
1248351347771985920
1248352008437809152
1248352180232286208
1248352570155978754
1248353267182178305
1248353576910327810
1248354411996479490
1248355422882447366
1248356123578642432
1248356748341239808
1248358832616734720
1248359170698612736
1248359310855303168
1248359394397454337
1248359541177286661
1248359578791809024
1248360183430070278
1248360652466540544
1248360888119234566
1248362132980355074
1248364661277372419
1248370039935438848
1248372568840499207
1248375391737143296
1248375937265070080
1248383341629329410
1248397938163761153
1248404516606586880
1248409009352130561
1248411429792706562
1248423274372947975
1248424095403802626
1248428222582161409
1248428701747777536
1248432148350001159
1248436541002846208
1248440143809150977
1248441817416286210
1248443008497766400
1248443658925256704
1248443737836900355
1248443926932910083
1248451296337768448
1248458376356364288
1248471286633746436
1248474956708495366
1248475358564732929
1248478630910427138
1248480434280747008
1248482416710144000
1248482702786883592
1248482893329911809
1248484623421603853
1248486607776149504
1248487202994053121
1248487849197895680
1248488684690669568
1248489007433965569
1248492105204301827
1248494657522126849
1248497429973880832
1248499488626339841
1248500080912396288
1248503880394010625
1248504035386130433
1248505562179891200
1248506548088782855
1248507844007096324
1248508534968299521
1248510092334354432
1248510268503543808
1248510452184875011
1248517964166389760
1248519608648130560
1248520204734222336
1248527904956440581
1248530023633412099
1248538099187146753
1248540139892031489
1248541583361732608
1248543931144581121
1248544959512231936
1248549986851323905
1248553138765742080
1248553863801520128
1248556816394526722
1248565477510729728
1248571312517324807
1248574537634988034
1248576052336738305
1248581021794062336
1248581172868698112
1248583408709664769
1248585114528796672
1248585434524835841
1248588571260243969
1248588982394355715
1248589225991208960
1248589820206747649
1248614722699554817
1248620489926250500
1248623216345485319
1248624210114535425
1248629121703464961
1248631180510900227
1248732796375502849
1248756717627691008
1248921450549071877
1249694894668550149
1250320785144598533
1273947711499370497
1248946164822675460
1248352452866441216
1248352255759093760
1248556795389345793
1248519155797520385
1248352635285131270
1248376465281830912
1248422070494441472
1248456371390955520
1250320187607277568
1255023569534214144
1248492731564830720
1248518988373446662
1248523147680219136
1250270982679302149
1248354415595212807
1248422929752178689
1248491510993059842
1248518942332604416
1248353417334001664
1248372538280775690
1249064939798450176
1248353649115398145
1248353695294795786
1248353940657393670
1248562100722708480
1248565485760888832
1248622595261382657
1248354273391341568
1248355212584050688
1248565439711633408
1248354889287249922
1248565397487587333
1248355052114382850
1248359868626612224