1246242742189031425
1246243092874833920
1246243678135468033
1246244278541615110
1246245448744079366
1246248870960484352
1246256617492041734
1246256621950558214
1246259802927497217
1246259994250694656
1246281234273181703
1246323571447803905
1246334921205055488
1246354966664511490
1246404026641645570
1246526680811831298
1246560943955423232
1246601809059340289
1246689066868813824
1246805069149937664
1246894609457745920
1246243712243548160
1246243885103353858
1246244404790206465
1246244421240270849
1246244504656662528
1246244815563452416
1246244890876334080
1246244891178434561
1246245021503938562
1246245054936756224
1246245476761866240
1246245721486979077
1246245771814621185
1246245773299404801
1246245830203498496
1246245858057715715
1246245868031918080
1246245997828661248
1246246086970413061
1246246547563503616
1246246632884244481
1246247080370323457
1246247088867782657
1246247273471840256
1246247302475345920
1246247445471911936
1246247478942486534
1246247496428531715
1246247571078725632
1246248180687265792
1246248252699181056
1246248560691052544
1246248564398972928
1246248952812515328
1246249079740432384
1246249147809832962
1246249217531588609
1246249256911962112
1246249382992887814
1246249572260646912
1246249663709057024
1246249798455484418
1246250263918206977
1246250286684893184
1246250485654274048
1246250738172469250
1246250908083572736
1246251011615973377
1246251234455162881
1246251782398832640
1246252178551050240
1246252461498732544
1246252604167946246
1246252646328979456
1246252773961850887
1246252801057075201
1246252943852154880
1246252995072884737
1246253047342182400
1246253099439833090
1246253103386689536
1246253132641943558
1246253151856009217
1246253166322167809
1246253690715090945
1246253751364616192
1246253870092877824
1246254034106961921
1246254568578703361
1246255414553055238
1246255478813966339
1246255581918158849
1246255825271902208
1246256022529794049
1246256097897238529
1246256266214658049
1246256395500077058
1246256488051548160
1246256564991717376
1246256785574395909
1246256985693138944
1246257381824135168
1246257527769178115
1246257674829905921
1246257682589384704
1246257771554590721
1246258409311285250
1246258459428958208
1246258518056824832
1246258824341868544
1246258976049651712
1246259038213545989
1246259335908528130
1246259491546574848
1246259537109086210
1246259747327631361
1246259839094972416
1246259939481276416
1246259998461759489
1246260032011821057
1246260099468922881
1246260250241404928
1246260300233531393
1246260325529378817
1246260430311391233
1246260447080259584
1246260821254078471
1246261128314916866
1246261265435148288
1246261355713355777
1246261647213096960
1246261668797009920
1246262006316969984
1246262309397372931
1246262796091682816
1246262830090932226
1246263040393297925
1246263442325016579
1246263450403246080
1246263866876735488
1246264428267311104
1246264742055833600
1246264772003278858
1246264939884445696
1246264981575872512
1246265054187720706
1246265655289995264
1246265707286769664
1246265829391503361
1246266290383122433
1246266412034916354
1246266443332603905
1246266483023495169
1246266504158613504
1246267145497051136
1246267357812621312
1246267468391354370
1246267779285688321
1246268110652522496
1246268454589661184
1246268578665398273
1246268780617109506
1246268802658119681
1246268979196366849
1246269343408607232
1246269532135710720
1246269708489367552
1246269947535228928
1246270161776189441
1246270516664696833
1246271067917815810
1246271092655820801
1246271367235813377
1246272677083521024
1246273418422444036
1246273508507869184
1246273575192899587
1246273859541745664
1246274011883061249
1246274130069966848
1246274449080369153
1246274933572784128
1246275005584945152
1246275509245403136
1246275719178510336
1246275832802246656
1246276008749211648
1246276143201779713
1246276229067468800
1246276374253404161
1246276385330642955
1246276456944205825
1246276549025947651
1246276910172254208
1246277271003906049
1246277799159177217
1246278659125673985
1246278785932107776
1246278961044357120
1246279322027114496
1246279506828156928
1246279720355934208
1246280282795204609
1246280294459674630
1246280341347864576
1246280626212347905
1246280891028197377
1246280894429704192
1246281733324050432
1246282165773631489
1246282191258234881
1246282463514525699
1246282840129626112
1246283069029482502
1246283554230685696
1246283578004013056
1246283583519690753
1246283733881233408
1246284283876012033
1246284506694213638
1246285495614636032
1246285621791985664
1246285835449896967
1246285852407468032
1246285886444040192
1246286116245864453
1246286359582642177
1246286705113681920
1246287038980206594
1246287051957374984
1246287250171867136
1246287677051351041
1246287851278553094
1246287962473709568
1246288415555047424
1246288458294988801
1246288640205979650
1246289409500160000
1246289595861356545
1246292452476059648
1246294161558568960
1246294312486232064
1246294436725719041
1246294499254394882
1246295116999884800
1246295222562295815
1246295516356411393
1246297160125231105
1246297214584004609
1246297218849443851
1246297361334153218
1246298262770003969
1246298590537891847
1246298699229270016
1246298909242265601
1246299034844880896
1246299064141938688
1246299421480046592
1246299768864804864
1246300054257684480
1246300184125923328
1246300188332847104
1246300926417174529
1246301522515963904
1246301550894612481
1246302243999154177
1246302625621872640
1246304691128094723
1246304940915654656
1246305112382791681
1246305154938425344
1246305817361412097
1246306164968525825
1246306809888927745
1246307570509209600
1246307729494310912
1246308673413976065
1246310686512332800
1246311047583150086
1246311411036422144
1246311765178060801
1246312662050508803
1246313578606538752
1246313749494939648
1246313942030434304
1246317511928356864
1246317908570996736
1246318985211252736
1246320593944948738
1246320803379138560
1246321277888909312
1246321609419431936
1246321739144900610
1246321772884045826
1246321959094239233
1246322560473518081
1246323060434710529
1246325698643582977
1246326554667466752
1246327462121951232
1246328247547297798
1246328373825040384
1246329346236665857
1246329736101421058
1246330802360561665
1246331016857284609
1246331419917344768
1246331761380003840
1246332338105131008
1246332463665856512
1246332527138222081
1246333694530355205
1246333838193819648
1246335684966625280
1246335722853773313
1246335811529969664
1246338226593431553
1246340695499116544
1246341613040746497
1246342676636672001
1246344089999511553
1246344699809394688
1246344727605047297
1246344959294234626
1246345366032642051
1246346152859049984
1246347136222068737
1246347467047800832
1246347761240256512
1246347974331908096
1246349635204997120
1246350768581427200
1246350843550396416
1246350914253991937
1246351207750225922
1246351576895275008
1246351958690029569
1246352520827621376
1246352966073741312
1246353171619942401
1246354231939874818
1246355674868711425
1246355910261452800
1246357441417117698
1246357508496621568
1246357952417738755
1246358223508168709
1246359232162791425
1246359500057182209
1246361433513877504
1246362264917217282
1246362494366597121
1246362515900190722
1246362621558824960
1246363845792235520
1246364122146574341
1246365175617400833
1246365242021404672
1246365602979164160
1246365628081963008
1246366031448363010
1246366747239649280
1246367045438058499
1246369189167759360
1246370300867923969
1246374410736582656
1246375817002864642
1246377485316558848
1246377651326971905
1246380890944688133
1246381240057581569
1246382690745516032
1246383544362041344
1246384712807067648
1246385310126288898
1246386238984081408
1246386357385056256
1246386755118469121
1246386960387788805
1246387137303531521
1246387405625741313
1246388411289780224
1246389449891745793
1246389518019612673
1246393629582585856
1246395756304633856
1246399769632792577
1246401839207084032
1246402684334362624
1246403075193090049
1246403116586721280
1246404718970187778
1246404824134008834
1246405378058924035
1246405863771901952
1246405906247671814
1246406079308857345
1246406203820904449
1246406395714568193
1246406664481394688
1246406943750619138
1246407184927334401
1246407525517463553
1246407586448052229
1246407674700464129
1246407725938094082
1246408015584145410
1246408075600367616
1246408796437692416
1246409337213538305
1246409722477060096
1246409827343007744
1246409995974889472
1246410305485377542
1246410955652657152
1246412314850582528
1246412630186582016
1246412843697811457
1246412888396496896
1246413329469517827
1246413481118760960
1246413883558027265
1246413929917698049
1246413952537571328
1246414064017956864
1246414240786735105
1246414312140406786
1246414421745971205
1246414503346163713
1246414684837691393
1246415066364338176
1246415217141088258
1246415231145971714
1246415506942439424
1246415607362244608
1246415741827592193
1246416123429412867
1246416358486745088
1246416429454372864
1246416791909412866
1246416853066551296
1246417062823522304
1246417092045344768
1246417720888958982
1246418019032727553
1246418174096150529
1246418329478336512
1246418342782664715
1246418818416742400
1246418899723341825
1246419115314724864
1246419222777024513
1246419348069265410
1246419401613737990
1246420053605732354
1246420062036205569
1246420062065627137
1246420632214081537
1246420665508528130
1246421152173445120
1246421672300814336
1246421878039814145
1246422251211276292
1246422280185544705
1246423031078981632
1246423434227339266
1246423857189224448
1246424377383694337
1246425168895004678
1246425938188881920
1246425997710426114
1246427112812302336
1246427183763070976
1246427368362737665
1246427515784216578
1246427825034362880
1246427971977719811
1246428009835499522
1246428175485337600
1246428479245160449
1246428528435957760
1246428995400458241
1246429100807520258
1246429453322006528
1246429456794697729
1246429465590276102
1246429511744401409
1246429604836970502
1246429628966846464
1246429947708596224
1246430081259577344
1246431079210397696
1246431101314314241
1246431176304328706
1246431218486386689
1246431399059632129
1246431707903021056
1246432535711637506
1246432753459122180
1246432866961108994
1246433580210966530
1246433698792312832
1246433881626234881
1246434024396029954
1246434036983173120
1246434397731065857
1246434578895691781
1246434787700674562
1246434945209446406
1246435622241402880
1246435811580686336
1246436071195451393
1246436189881729024
1246436281187516418
1246436581705240578
1246437052822011904
1246437053866237952
1246437279310188544
1246437375854530562
1246437841313378306
1246438801787977731
1246438931664601091
1246439071481827330
1246439275933114368
1246439329909653504
1246439463435284481
1246439468791447552
1246439476836085761
1246439490450751490
1246439783171317760
1246439812451553280
1246440974219444225
1246441058260512768
1246441150220730368
1246441158982668288
1246441314775977985
1246441368005869568
1246441419520135169
1246442165401780224
1246442224130428928
1246443021337595906
1246443117613445122
1246443211423461380
1246443218566361089
1246443260572323840
1246443680082169858
1246444150158917632
1246444204395503616
1246444375707615232
1246444447203762177
1246444686673424385
1246445191378149382
1246445487210639361
1246445708896600066
1246445743046565888
1246445814404218881
1246446053374799872
1246446552652165122
1246446620230770688
1246446658662981637
1246447018005929989
1246447332977184768
1246448184387239936
1246448335331917824
1246448704405504007
1246449144618725379
1246449354925211649
1246449927972061191
1246450470408933383
1246450998781947912
1246451170757038081
1246451339493879809
1246451387921203201
1246451850116726785
1246451917598920706
1246452255387074566
1246452361779953666
1246452441387859968
1246452458185830408
1246452462510276610
1246452529782652929
1246452966170583044
1246453406019063808
1246453573975564288
1246455902942748672
1246455966041870336
1246456091120197632
1246457420014145536
1246457446287245314
1246457520232763392
1246458776133218306
1246459112650661889
1246459198986055681
1246459339868639233
1246459733382270976
1246459869772656640
1246459932733554689
1246460041768480769
1246460406476005376
1246460867815882752
1246461240878170114
1246461357735604224
1246461501067661312
1246461673210368002
1246462088349810688
1246462646016266240
1246463187555319817
1246463276021616642
1246463359748358149
1246463527549726720
1246463652984733697
1246463826784129025
1246464106313498630
1246464343220334593
1246464651573047297
1246466068635422721
1246466362312208387
1246466377092825088
1246466991831031809
1246467697531109377
1246468482729820161
1246469051704057856
1246469206218084356
1246469953693327361
1246470263535030275
1246470536068100096
1246470812644900864
1246470914134495239
1246471454700560384
1246471688235220994
1246471848813932545
1246472047301201921
1246472175659274240
1246474147024089088
1246474201961082880
1246474931719868417
1246475535368192005
1246476009253240832
1246476139293544449
1246476735173947394
1246477095540310017
1246477468216639488
1246477628179185664
1246477691341209601
1246477704292995072
1246477981398093825
1246478135903703040
1246479260480614403
1246479337781628931
1246479415325929474
1246480811873820672
1246481088417009667
1246481610595319811
1246481646607577088
1246482070320414724
1246482910032433152
1246484058370162688
1246485257844453377
1246485510547099650
1246486063117287424
1246487140994818051
1246488592240783360
1246488600893628418
1246488655339741184
1246489397761056774
1246490181978345473
1246490652260438018
1246490983358849025
1246491813399101440
1246491851533611010
1246492254027558912
1246492681888362496
1246493493528334336
1246493598570463241
1246493883552468998
1246494019535794176
1246494435413721088
1246495612939522048
1246496389716213767
1246497995794845697
1246498058671738882
1246498243279835136
1246498327518216193
1246499078470434816
1246500100144234497
1246501119880241153
1246501544138170369
1246501594784387072
1246501721414807553
1246503192784969730
1246504212516634625
1246505524973260803
1246505811800719361
1246506489264484353
1246508652573360129
1246509098373267457
1246510961013305344
1246511590154764288
1246512533214814209
1246512888405254144
1246513313392898048
1246514572355387393
1246514727066439681
1246517297788997635
1246517881401004032
1246518809684516864
1246519269963091968
1246520106047471617
1246521387575062530
1246524236136660995
1246524517100531713
1246525120732151808
1246525489616801793
1246525523573923840
1246526722817904647
1246527651273224194
1246529801596239872
1246530141041446915
1246531913935880197
1246531941115068419
1246533005008568320
1246533389315866631
1246534036933283848
1246535106904371203
1246537049366290433
1246537942622969859
1246538335150936066
1246538617822105604
1246538810986500098
1246538890372145152
1246538957208408065
1246539683443679232
1246540027624075264
1246540358479052805
1246541106205978624
1246544867511209984
1246545254364389382
1246545425928093696
1246545553858723844
1246545869979168768
1246546003987173385
1246546440727465985
1246547019474370560
1246548771833610244
1246549099375034368
1246549238105788417
1246550270047371264
1246552203004981250
1246553865098604545
1246554476040904706
1246557559416381441
1246559757453987840
1246560151504633859
1246560919171346432
1246562035015581696
1246562781182095360
1246563766457831427
1246564107022520320
1246565704708521984
1246568649336532998
1246569098106097665
1246574919753875457
1246576853437100032
1246582934817161218
1246583128342355969
1246588882394759168
1246589562136248322
1246589793305128960
1246589967821873153
1246591659292258304
1246591680150753285
1246591749654368256
1246592296553984005
1246592518164078592
1246593207040868360
1246595021975040000
1246595127717445632
1246596927191277569
1246599811387678720
1246599837660770307
1246600647996248064
1246602203369852928
1246602728152993792
1246605345239293952
1246608642612187137
1246609661228449794
1246614250233057285
1246614769332879361
1246617086178127873
1246621640156299264
1246621807857131520
1246623145533902849
1246623589916344326
1246623953474461697
1246626961721397248
1246627487305654277
1246628240271331333
1246629806344732672
1246630008313044999
1246630045898010625
1246631375157047297
1246631560113242112
1246632322457313282
1246633833413443585
1246633845526593537
1246633986983673859
1246638330206400512
1246639038330818561
1246640892380958723
1246648869053591554
1246649397565427712
1246650840753901578
1246651835869319168
1246652493406375936
1246652832637485056
1246653365607694337
1246654230158553088
1246655164896985088
1246656534165114880
1246660571812057092
1246665115434455040
1246665462416420865
1246671284135587841
1246672134425808897
1246676786915598336
1246677168131846145
1246678103251877897
1246681723922001920
1246682638556876800
1246683212614520832
1246687096435142656
1246687184209326080
1246689000166842368
1246690418902827011
1246700065344778242
1246700346027560960
1246702945527185409
1246716653229854720
1246716859585617920
1246731069560442880
1246731396808400896
1246731976104525825
1246733435147898880
1246739630398947328
1246741480305295360
1246748186137579522
1246751102743252992
1246751740285894658
1246752265513447425
1246756658556133378
1246757631873748995
1246761126580404224
1246761340158476288
1246762515322875904
1246767298737852416
1246767506339004418
1246773754732122113
1246775242053255168
1246776103785635840
1246782981743804417
1246783766233833472
1246788337290993670
1246790125142585344
1246797347440545792
1246800990747099139
1246803202898407427
1246804666907676674
1246805175362338818
1246805818076528641
1246806139083333632
1246808019565936641
1246808309556002817
1246809779197997056
1246812099201941506
1246813031507451905
1246822266408783872
1246822494092185600
1246822630709252097
1246823423772368897
1246828863562248193
1246831593957789697
1246831954076602371
1246833193145323520
1246834479580106753
1246843173961424905
1246843447446654977
1246845867715211264
1246847800949837830
1246848409396486147
1246856081797677061
1246856129826762760
1246856827083644928
1246857290558431233
1246857456074006531
1246863181139660800
1246866176065572866
1246886279263842305
1246887529179119617
1246891213459869701
1246898279566266379
1246898543937421323
1246908991608938497
1246928105920434177
1246956668602245129
1246997785796370432
1246999848793956353
1247007744424460289
1247028151831666689
1247040995289686021
1247043268229160960
1247050742923317248
1247085765462577152
1247104396653137920
1247113488872484866
1247122934642155520
1247130232693252097
1247167917143273473
1247169671830409216
1247172653858926592
1247187074010185731
1247193692873646082
1247197287564169222
1247207002658365448
1247212559024832513
1247239012198252554
1247240572072534021
1247257009528999937
1247274227155308554
1247293600930484224
1247306274234130432
1247349285005348864
1247351656725045250
1247427326700208129
1247507254078853121
1247528811786203138
1247538552205766658
1247557960517050371
1247605657529765888
1247607850240626690
1247610644045709314
1247632827631321088
1247710424004464647
1247783806255263744
1247876689155276801
1247902249101058051
1247991257663565824
1248044163196760065
1248619264270954505
1249676410874200064
1250481334776102913
1251158447527129089
1252312520557236224
1255991837053063168
1256309764822368262
1259457137195048961
1259862554634907648
1267737062263816192
1276198420525363202
1276278489449144325
1306666175775092736