1250442512088481793
1250442676907868166
1250443007234580480
1250443166357934081
1250443302479912966
1250443749282332672
1250443790537515011
1250443816466698241
1250443816538198016
1250444164950564865
1250444505154588672
1250444563119931392
1250445222099722240
1250445303225843712
1250445406665936899
1250445481735421954
1250445536630472704
1250445608210620416
1250445737932005376
1250445817237753862
1250445838322556928
1250445956232777730
1250446127813533696
1250446329140015107
1250446355169808384
1250446412845907969
1250446488049799171
1250446597122486272
1250446751615660034
1250446859966939137
1250447335882141697
1250447403158663171
1250447529298329603
1250447667768905729
1250447733887991808
1250447850418262016
1250448791779463170
1250449327828488196
1250449462432063488
1250450109839663107
1250450607216840707
1250450804424593408
1250451984471162887
1250452067304583173
1250454739138969603
1250455221005885442
1250455958137995265
1250456462800945154
1250456949449265154
1250457460730552320
1250457722815950853
1250459251581030404
1250459386562007041
1250460510388092929
1250460600045416448
1250461353187426305
1250461931737100289
1250462971215507462
1250463219614986242
1250463819953922049
1250467124356751360
1250467703174893569
1250469435577716742
1250472506399449088
1250472686309888000
1250473625905324032
1250475014115282944
1250475509009571840
1250478026241921025
1250478272204419073
1250481066806333441
1250481326593097736
1250481343009402885
1250482165386797056
1250483746471424000
1250484145106694147
1250493498454876161
1250497831040843782
1250498225246740480
1250502938918780934
1250509231515512834
1250509349048311808
1250510376862494720
1250511638739836933
1250513434325721090
1250519918576930816
1250521963182927873
1250524259853774858
1250528277409734656
1250531654155808771
1250535940545789956
1250537136035491840
1250539526759616512
1250544036018040834
1250549127710035973
1250550884737613825
1250552768332312576
1250553305157136385
1250553812458311682
1250570006460461056
1250607827195813889
1250646941844865024
1250661539302031360
1250664559423238144
1250668276105072640
1250673664413986816
1250985675584933888
1251736807378739200
1250443434457837568
1250445414597361671
1250446978271662080
1250456483466280961
1250479850474921984
1250480852435230720
1250488020739866625
1250444999788859392
1250489894625071110
1250443756895010816
1250447436406861824
1250518416437456897
1250571592553254914
1250443839287914499
1250444810311405570
1250452909877161986
1250485430987841537
1250486867197231106
1250443914705805312
1250451643209928704
1250523562873696257
1250552449502453760
1250678123705835521
1250443996964347905
1250444521592086528
1250444078875054086
1250444551262625795
1250444679973306368
1250445969612824576
1250446332872904704
1250459302319386625
1250465010746343424
1250479233496997888
1250483973286920194
1250498408613363718
1250501585500811266
1250505582227963904
1250553334387429376
1250597236515495937
1250630853518135301
1250668455600304128
1250755146419703810
1250444171825078278
1250447482925924353
1250454260728377349
1250459089814999041
1250486869357256711
1250504843648794625
1250552818613628928
1250444269623676929
1250449026610155521
1250551748940271616
1250741642627182592
1250444376532279296
1250447209797169152
1250572372517588992
1250444483172405254
1250666924498796544
1250444588864634881
1250444706414288898
1250490793317597190
1250499754641051649
1250516273798107136
1250445230194724866
1250772402449121285
1250780388361936896
1250444703750905858
1250504273835823109
1250525911411306496
1250559290038878208
1250630425392951301
1250659996527931392
1250678715953983489
1250444811578081280
1250445088012021760
1250445538996047872
1250465140463394819
1250444892238684160
1250445012422266885
1250549391242346499
1250445074447597569
1250474899308720128
1250445190562754561
1250475551489318912
1250670620033134596
1250445767791325185
1250448616386420738
1250528998871855104
1250446193676738561
1250446280465305600
1250453739401629696
1250446353307762688
1250446612117127169
1250446753888980993
1250447052615503872
1250455330540138496
1250505003891998720
1250582537623175169
1250641604584636416
1250659547154448389
1250671950017462281
1250446461793427458
1250446506827616257
1250446653070417923
1251980671872098308
1250447216847847426
1250464855489777665
1250664645909774336
1250610847795294209
1250447907268026369
1250448112331763712
1250475265710419969
1250448351012716549
1250448519116144640
1250498032895799302
1250517821286567936
1250522153566367744
1250975620768522240
1250448538024267777
1250450658312040449
1250455289943343104
1250459568020299777
1250463165328109571
1250464201627361285
1250464276461961216
1250467787396403201
1250470889109499904
1250473794499731456
1250475072848048128
1250475173544890368
1250475353598033921
1250475458304581639
1250475482841337856
1250476213904211969
1250476663667916805
1250477266364235780
1250477668891492352
1250479011261820930
1250480374788038657
1250480553163358212
1250484346596864001
1250487781282983937
1250494996853202957
1250495734572613635
1250495964382736384
1250497940273213442
1250502343222837248
1250504449442922499
1250504534281125889
1250509347362418694
1250512989096161280
1250513950699118597
1250533113463177221
1250540608411836416
1250544396581339136
1250548657155342338
1250588201850454016
1250591332747358208
1250592299429609472
1250593565865988096
1250613840338771970
1250642181963968514
1250692912620417024
1250788731134644224
1250850902635950081
1251733168538910721
1251834237591879680
1251947940018454528
1250448539509051394
1250449059501965313
1250449726899658753
1250449840376631298
1250449864929861638
1250449995171594242
1250450331038822400
1250450569392574466
1250450673935638530
1250450834229465089
1250451695819042821
1250451853277630466
1250451987541291009
1250452176482078720
1250452264600219653
1250452995172700160
1250453031570812928
1250453371573714945
1250453518303010818
1250453786658627584
1250453929114177538
1250454054553018368
1250454470758215682
1250454904994328576
1250455011588337665
1250455170690891776
1250456131199102976
1250456420417286145
1250458706099064832
1250459029811462146
1250459192885800960
1250459227803373569
1250462431412752384
1250462854102355969
1250463467124846593
1250464734165512200
1250466172559978497
1250470262325166080
1250470753998422018
1250473159762915334
1250476029594030082
1250478973408206848
1250479564653907969
1250483528321478656
1250485973953269760
1250486569213067265
1250488003690102785
1250488809453547520
1250489149255151616
1250495096513937409
1250522804270714881
1250543754349445120
1250595906954522625
1250609454329901056
1250615992985645056
1250620690165891072
1250631764306878467
1250672758956195840
1250684601380593664
1251059559055032320
1250450099827666944
1250450556855947265
1250451849267666945
1250452889371389952
1250453203738439681
1250453425952894977
1250453556617826304
1250456170411757572
1250456269124554753
1250456492035235845
1250456592925044736
1250458195073495041
1250466491272585216
1250467363889152000
1250471976575123458
1250472116362686464
1250474808464138242
1250477622611464192
1250478086895865863
1250481499926720512
1250490025856262144
1250599224019845130
1250657819759480832
1250713992995106816
1250451500582580225
1250453920679374850
1250454461383933953
1250467871395729409