1254803378040827904
1254793012342689793
1254794105999298562
1254794811963572228
1254796464200482819
1254797913277919233
1254797915429597186
1254798737718771713
1254801045198221313
1254801485008900103
1254801696057933824
1254802059246792707
1254806308685053953
1254813631256178693
1254815403831943171
1254832221376204802
1254846665644601344
1254855381764804609
1254862033910034433
1254866840485941248
1254883985827610624
1254899245498368000
1255028921709367296
1255096553905291265
1257459612724400130
1254793221735096320
1254793306770472960
1254793650116190210
1254836943399071744
1254793398743072768
1254932838417174528
1254793482536914944
1254793557757571072
1254793751043719169
1254794765691994113
1254794029914611714
1254794118414376961
1254794226333818882
1254794606446809100
1254794335553564672
1254795185348734976
1254796221086130176
1254794452486537218
1254794904045117440
1254916656524136454
1254794604160921604
1254794874978570245
1254796547457339392
1254795224578174979
1254795225987506177
1254795592108212225
1254795652451700737
1254795786421964801
1254797878943498242
1254796159673139206
1254799027453014018
1254796244893011969
1254796510853767170
1254797266168221696
1254797404995452929
1254903024591478788
1255008181371142144
1255037666153857024
1254797512348704770
1254999468962770945
1254797834420961292
1254798032685674497
1254798116424908800
1254999436511477760
1254798369270239233
1254798468222259201
1254799254008332288
1254799232692744193
1254800650187218950
1254801690294988807
1254801920520118273
1254802202448855040
1254804844688429057
1254920075007741956
1254957903011872776
1254996221980098562
1254800990378885120
1254802851894833152
1254842773712384000
1254888605216051202
1254903222117990401
1255049447576236033