1248915038959742977
1248917439011643392
1248918416192225280
1248918648959336448
1248919456400568321
1248921104875278338
1248922700724256768
1248923305899364356
1248924043232903168
1248924447844769793
1248924958849409024
1248928280746643457
1248933788262031360
1248937110100299777
1248938225126846464
1248941551797010438
1248942621705240578
1248942968955961344
1248944051753115648
1248947536519401477
1248949091561766912
1248950430010351616
1248952565514919936
1248952834491441152
1248955300989693952
1248955971688452096
1248957174899970048
1248960194861645826
1248970899006652417
1248989580675538945
1248997188765716481
1248997360539185153
1248998044286291969
1248999533377392641
1249008865166766080
1249009672318787585
1249020081427877889
1249033012374798336
1249039883076657152
1249045318148087808
1249045947725819908
1249053774913646593
1249055704515837958
1249058026646011915
1249059319594827779
1249060790386262018
1249062535392886789
1249065686367961088
1249066764106895360
1249067997395853313
1249085462121254913
1249092956558102528
1249131611758694402
1249137706451550210
1249150633782976512
1249152120114352129
1249153691631968257
1249174163622952962
1249184691607015424
1249186310771879937
1249193537347911687
1249204928108793857
1249215062255923200
1249225670267490305
1249229691610791937
1249240450134716417
1249240706314571784
1249242685719760898
1249252522218250242
1249273069224550401
1249286486714757120
1249297539901165569
1249302165635469312
1249311451786784769
1249319231897792514
1249320758418997250
1249331923119476736
1249342917023588354
1249345765601837062
1249356598461390855
1249366262947311617
1249377260458536960
1249386847299670017
1249402764612063232
1249422130854289408
1249432079642898433
1249465583369728000
1249478950725836801
1249510761073790977
1249534244734541824
1249576826151866368
1249625806503964675
1249628675399651331
1249634697690247168
1249641337843929089
1249667858570850305
1249672697954611203
1249908489603788800
1249944438899523585
1248923935535702017
1248924430085971969
1248925571012157440
1248928147296391169
1248928933548040193
1248932408180736000
1248933687250440192
1248999231030878209
1249232397540790272
1249304379649294343
1249503375139299333
1249548857081360386