1249767238124666884
1249767585169588224
1249768902743060482
1249761571531874307
1249762556723499012
1249764325427941376
1249765862325784580
1249766713580650496
1249766969567375362
1249773269072445440
1249847239721312256
1256203217504886786
1249766116651663362
1249766472928329728
1249766629669367817
1249770305096204289
1249787548949495808
1249867539967963136
1249934256484171776
1250015792982188034
1250507792319950853
1256135231679029248
1249767808659083264
1249776549185957888
1249871223686868994
1250090324963123200
1250110718067777536