1248599295680376833
1248602106015014913
1248605969031909378
1248606275186774022
1248606711356649472
1248608488605057024
1248610398510563329
1248619281656328197
1248620112829009922
1248625854101385216
1248627401774383104
1248629176787181571
1248671286760550403
1248674357347409922
1248686465728622598
1248794180048113670
1249248714151034880
1249279407283298304
1249280388226146305
1249300805947019265
1249361158152179713
1249543316531605505
1249594713646252033
1250072859512320002
1248606191258722304
1248606933566631937
1248611258674249733
1248611366945972225
1248611493320392709
1248611740595576834
1248621596291424259
1248780176026034177
1249237879135637505
1249262751622598657
1249280623950221312
1249294410031849472
1249313574066913282
1249316757170348032
1249406194994819073
1248611891464638466
1248613262234546177
1248614533754540032
1248616081721143299
1248616376744333316
1248622042171097092
1248623720391835649
1248624976489369604
1248628336760213512
1248629498981109760
1248639099877105667
1248727275689791488
1248814811841847297
1248829366076715016
1248840744355446788
1248844119126020098
1248856792873857024
1248876129521467392
1248897956155133952
1249217255188992000
1249217313209024514
1249217913493565440
1249221500764401665
1249237779558682625
1249243457488650241
1249248234553225216
1249250120501063681
1249250678481932289
1249251926291755008
1249258385561677824
1249261837662613504
1249272348320108544
1249276214830723072
1249283014065938433
1249287200707149824
1249290517550116871
1249291884502994946
1249296254682554370
1249296444420317184
1249300148796051456
1249314315800174593
1249315158951735297
1249317252123394048
1249318372644278272
1249318772239790081
1249327869723058177
1249336097731014658
1249351812903096321
1249356791907000320
1249357110502178817
1249358704375287816
1249371476454715393
1249385728741650437
1249386437553852417
1249389888970973192
1249391751066005505
1249393626586550272
1249410915541430275
1249415969237348353
1249417776525180930
1249428488706093057
1249488354065833985
1249494964674809857
1249519165850841088
1249526523645825025
1249530997651066880
1249535137940787200
1249547896816459776
1249548325100982273
1249548580173406209
1249550123589201920
1249556248363761666
1249571628637249536
1249572803730386944
1249577899822321669
1249586502046105601
1249600489399832577
1249600846595268608
1249604008290983936
1249626670337843200
1249628599478439938
1249652926772985856
1249676498518151168
1249694559044395009
1249698614911193091
1249784199063707653
1249907097174568961
1249948080222298113
1249957584498348032
1249960533488537600
1250021102434373632
1250108935492628481