1247570488173268992
1247570840033431552
1247571184281161730
1247572230654943232
1247572802883833857
1247573252051881984
1247573524660637697
1247573704873316353
1247573810141782016
1247574838203445248
1247576594685792257
1247579770482720772
1247580893700452352
1247580898087694336
1247582307428569095
1247583434287067139
1247584836769861632
1247588456093700100
1247588714836111361
1247589468887900161
1247589727475138560
1247590784397967361
1247591773884444672
1247595003737542656
1247597528343810048
1247597683969327105
1247608156697616390
1247614426498453506
1247614512179679233
1247617749091827712
1247619385499553796
1247620857268244482
1247621864295301121
1247623495896330240
1247626566152130560
1247627123822669824
1247627488274112512
1247628390284304384
1247628668001607681
1247634669618724866
1247642260910551047
1247646384112783365
1247647754526040072
1247650452407291905
1247664130401742854
1247666982398373890
1247670215934128130
1247682354165854208
1247685787560402945
1247688477740658688
1247697135598014470
1247711189041328128
1247717557127114753
1247724427766194178
1247724909582635009
1247725442921926657
1247733814568218630
1247734598936625152
1247736586659381248
1247737089916981249
1247740877943877633
1247753711226515456
1247754303931994113
1247754836356947968
1247754882238431232
1247755100958781442
1247764835426635776
1247765120358289408
1247772539973033990
1247775388387823622
1247782174897491975
1247789410831044608
1247789698992328706
1247790513270353922
1247798579076280322
1247798776825131014
1247799271518167040
1247808145725874177
1247814333054279680
1247821709874319360
1247825426191286272
1247825858250911744
1247826930847510528
1247828090304303105
1247829352282091520
1247833685262360576
1247835329119178753
1247839600518803457
1247839615345704965
1247840912010555393
1247842224701952002
1247844865792229377
1247856200047194114
1247856493405372419
1247862625804922881
1247864470778417152
1247865049529479170
1247865733909970944
1247869638261780480
1247870405429297152
1247876449744216065
1247890857551777793
1247891905980952578
1247907189643186177
1248022834493960199
1248025507054202880
1248204712555536385
1248018322471276545
1249044945597390849
1247579862014943235
1247581128850132992
1247581242310213632
1247581531503288327
1247581573706166273
1247582617559617540
1247590431707344896
1247605430693646336
1247605799817338880
1247688037959528448
1247805226037284874
1248622281405784068
1247581494488506368
1247581502394826752
1247581904259313664
1247582269184884746
1247582412214865920
1247584301362884608
1247598132382380032
1247608265850183683
1247787971064938502
1247582121520070656