1245504726327754752
1245558358985367552
1245623809417207808
1245866048357687296
1245505670062968832
1245480646782390276
1245481799825756161
1245483226237407233
1245485075879399424
1245485549961367552
1245488531096530944
1245489974352338944
1245492834997805056
1245498828922511362
1245500764094685184
1245501975405494272
1245503799705255936
1245546992341671937
1245552818292850688
1245558840910848000
1245562980529590275
1245569082797305857
1245639866307624961
1245654303458471939
1245660897479020544
1245661161908924416
1245662826204626944
1245671407515664385
1245696770623131649
1245707998577623043
1245711748105003011
1245719086446886915
1245723136861130753
1245724155154247680
1245725375910555649
1245734527621836801
1245735777553854464
1245752739394654210
1245752823054315520
1245755008647409667
1245762834870538242
1245762847868694528
1245763847404863491
1245766056133591040
1245810184343126016
1245816643973984258
1245825536057892870
1245944268750852096
1246017831864610816
1246077667985600512
1246083149823717376
1246088032178114562
1246121636547440642
1246181993047445504
1246416035554693120
1246416073005518848
1246416794165927939