1251531282477006848
1251531353981456384
1251533325275103233
1251533489343610880
1251533803547496448
1251535170676469761
1251536277238951937
1251538089807241226
1251557811978461185
1251588887627083778
1251589985859403777
1251614081825546250
1251621905301471233
1251677999340105729
1251810737305071617
1251924091541450752
1251567449989951494
1251596520924672000
1251536239938994177
1251537687225470983
1251539360874463240
1251542616883093505
1251565936600952833
1251567412832399366
1252339352731971600
1251537923679432709
1251547558847053825
1252069634716717062