1255753240202919937
1255874265607540737
1255609408073203713
1255609438045646849
1255609538931126273
1255609542555172864
1255609811049295872
1255610259642765317
1255610727215308801
1255610784161435648
1255610926503526401
1255611144796098560
1255611187108118528
1255612810639192065
1255613567098814469
1255613581913186307
1255614064358830081
1255614066841788418
1255614170093031426
1255614390059126785
1255614689528119296
1255614823276183560
1255615229863645184
1255615481748340737
1255615582856196096
1255615616372871168
1255615742105403392
1255616761430511620
1255616828451110912
1255617117992497153
1255618228912631810
1255618434521538560
1255619424540938245
1255619886065188864
1255620414690095104
1255620447263010817
1255621684830355464
1255622610479693827
1255623354079461379
1255624137994797056
1255625132980293634
1255625308994142213
1255626413463519239
1255626441334587393
1255626918382178305
1255627230421700619
1255627833852006408
1255628194637475840
1255629480187490304
1255629536626163712
1255633181790932995
1255634372667072518
1255635153889738753
1255640052903735296
1255645483655192576
1255649061492981760
1255649447809253378
1255656719918731264
1255657974615486464
1255659044313788418
1255668066022838273
1255675672208592897
1255680422782042114
1255681567638183936
1255683060701560837
1255683371054833669
1255689540322410496
1255697182541348869
1255699477710508035
1255703360885252098
1255717366018670594
1255721594581852160
1255731467528941568
1255736055149576192
1255741513725882368
1255749615279882240
1255767714041298944
1255771489489481728
1255804489262563328
1255812248494358530
1255831265846022145
1255833435026812928
1255833785024892928
1255837905857241093
1255865088902344705
1255869824363827200
1255872437771743233
1255872979155574784
1255914870991736833
1255929459317899264
1255929975246635008
1255935620347826188
1255990503511748608
1256016891233140736
1256087215861460992
1256134916560941056
1256173005245308931
1256192132357992448
1256208770297769984
1256255935292616705
1256274264661123075
1256544931612688384
1257461369550618625
1255750118906740736
1255798098183544832
1255815487822405643
1255886878525530112
1255947536826687488
1255614517196750848
1255614978213675008
1255616245266874369
1255621822055358464
1255631215278780416
1255683487975247872
1255760618860265473
1255937561501057028
1256109982057201665
1255618397070557184
1255619895758331907
1255619919669915648
1255621555054239747
1255622149227905027
1255622163580612608
1255622330887307264
1255622880785772544
1255625124545511426
1255639376287150081
1255640131849125889
1255642220230856704
1255642459998244871
1255647551681974273
1255655310741475328
1255665694605283330
1255666787598897154
1255677292342206464
1255691834262646784
1255703751245082624
1255718522035924998
1255723212777938946
1255745752804085760
1255759568539394048
1255767265783549952
1255789995484499974
1255799364934647809
1255805547820933120
1255809053013540864
1255811854812643329
1255833829731905537
1255834013375365120
1255840553222107137
1255858739124604928
1255862698744545280
1255881933650751489
1255905459262885890
1255917499817877509
1255918495155384320
1255918843152588800
1255930742023979008
1255956785267003392
1255964124510588929
1255972781931536384
1256149137520594944
1256229821442674688
1256345332897677315
1256400526285119489
1256427273147879424
1256448745790681090
1256455169652535296
1256666533318844417
1256749529170354178
1256757167635472386
1256836968639586305
1257074558835855362
1257085381763366912
1257086851262881797
1257105889741266944
1257113573723115520
1257123368194564096
1257123669924384768
1257144763112755201
1257193837203775494
1257249700748591104
1257266149474983938
1257302821122142209
1257391823926054920
1257432680527994885
1257447251196153858
1257594288919232512
1257611233081032705
1257768778592587777
1257873561064095744
1257925500661628929
1257989282423242755
1258067639466725376
1258630419571867649