1246845690820476928
1246858474773811205
1246860224671240192
1246885151222743040
1246893816348471296
1246957150288535552
1246994644275093504
1247070326011228160
1247155336575737856
1247225506191327232
1248164925299720192
1248166880830828544
1248168961113575425
1248171221679628288
1248173596394041347
1248184592890310657
1248186039941898241
1248190973752082432
1248293816760553473
1250280390700314626
1246837877109071875
1246840909599293440
1246862984468561920
1246867286625001472
1246906357489340416
1246910165749817346
1246910846502162436
1246912069766545408
1246919788431060994
1246919926365016064
1246968324635815936
1246977675413147648
1246978466504941569
1247006987612762113
1247017096476753920
1247111488935989248
1247155729590517760
1247176396981415939
1247199172597387265
1247210261330776065
1247311468833505281
1247334574931218432
1247508175932268544