1248758902155403264
1248629461865512961
1248621366720356355
1248622519986163716
1248622876879548417
1248623253838385154
1248694108387971073
1250028739846705152
1250029856215236609
1250032830261977091
1250038958018396161
1250113406335455234
1250123808058552320
1248625560902754306
1248626032665448449
1248626264006516738
1248626542197915648
1248626923669880833
1248627041651642368
1248627566329466885
1248628395614720001
1248634265039851521
1248635425947860993
1248667254025326592
1248682548970086406
1248695161284104206
1249034347618983936
1249177028391297025
1249216542442577920
1249219126372880384
1249221974926082050
1249223270332633090
1249247409009561600
1249250864910360585
1249277440674971654
1249287904775401472
1249288131213287431
1249298768106639360
1249302483937005576
1249313733173579776
1249322561785167872
1249333915879452672
1249339121228632064
1249345953896726530
1249349863000678402
1249361015470305280
1249366380148699137
1249397661251194880
1249404057044713472
1249418024555286529
1249418368802861056
1249549730473902080
1249554959965868032
1249582190029156354
1249585900989775872
1249592595522760704
1249609066403389440
1249757100533641216
1249784300515590145
1250304293283835909
1248626327189467138
1248882272436203520