1251981964871110662
1252348118810521600
1251993243518210057
1251995847455387651
1251995960080662529
1251996439837900800
1251996447479943170
1251996737012674563
1251998606149763072
1251999988588183556
1252032704461316099
1252038928086863872
1252057667662561281
1252069924866011137
1252104451575484420
1252153463607144448
1252196077954125824
1252224192080158720
1252226605776175105
1252237666395045888
1252245819643871232
1252264605927309314
1252271767353094144
1252274596797005825
1252278312908570630
1252321673631559680
1252349584451317763
1252634111962906624
1254159170015821825
1255744281161224194