1249804729355567109
1249804856484864000
1249805821543714816
1249806920208257026
1249809246432223232
1249815581315956736
1249822438621425666
1249830529706291200
1249833277042700288
1249852072196882432
1249886784063848453
1249909908742471680
1249912181338112003
1249933911485894658
1249942418192912385
1249963813421506561
1249980278774419459
1249988396207890432
1249993098093985795
1250021212132200450
1250039520046784512
1250303446038659074
1250526931549732864
1249805366910767105
1249805380634308610
1249805380701442048
1249805548884840449
1249805549111324674
1249805800710631424
1249806439352328192
1249806878030409728
1249808081640439813
1249808673448300551
1249808787118215174
1249809567271104512
1249810979984150529
1249811848704094208
1249811867712851968
1249812116275695616
1249812435617406977
1249814105059291136
1249816043230502919
1249816407379972099
1249817204301778944
1249817641008730124
1249820837919830017
1249823475344142337
1249824493997936640
1249825160774868992
1249826759295393794
1249829041365872642
1249829150023659521
1249829573681799169
1249831813159116801
1249840259271217152
1249841535740452864
1249842282380984320
1249847995023142912
1249849337212841984
1249853226813440003
1249856956887527424
1249864616840245255
1249865343541096449
1249867951852920838
1249871176614080512
1249875132773851136
1249880387624394752
1249885333564674049
1249890382294347776
1249892714897903624
1249902474183487488
1249905251681001474
1249913749244465154
1249915154780680192
1249917599531466756
1249919252108210177
1249919926934089730
1249942106573062144
1249943978465730563
1249949266526822406
1249953670470307841
1249970917704208385
1249977699160018944
1249990665112399872
1249991105090736133
1250020511247151104
1250025913561030657
1250027482071400448
1250028677842296834
1250036282258010112
1250042262299566080
1250043415775117314
1250053453214294017
1250057836215832577
1250060289808228352
1250061854069657604
1250063219621797894
1250063901666037761
1250066711467999237
1250068456139096072
1250084459657023489
1250088517377511424
1250108192761303041
1250109054107648000
1250117355411255297
1250120364845404160
1250123984064004096
1250124610181509128
1250128413165260801
1250161183665070080
1250166941660008454
1250178790891847680
1250196498962354178
1250295996988280835
1250383213987536896
1250423092565831681
1250440775759888386
1250610276526960640
1251334812788494337
1251484877041676288
1252120875610013701
1256868908943896576
1249804879134109697
1249805334505553920
1249807003850948610
1249812767068106756
1249871361536937986
1250001696119496704
1250006280741236736
1249807062999035904
1249839091157323777
1249996146707062785
1250017042314317824