1254780375051591680
1254780521814429698
1254780970852442120
1254781116797480963
1254782082393366529
1254782358613450759
1254782379475865603
1254782446949687296
1254782635278135296
1254786649524809731
1254787274560004098
1254787753121701890
1254788456644927498
1254788738133004288
1254789270880976902
1254791246754664449
1254792131878834177
1254792521571540993
1254793092802150401
1254793515890065414
1254796146905681920
1254796230015832066
1254802840113086465
1254804242940014595
1254808812386648066
1254816203064979459
1254818853088985098
1254819455760244738
1254820342260019200
1254847639499059200
1254875111498362884
1254909471584743424
1254945835667742725
1254966539700170754
1254984797195247617
1255000836591153152
1255013393465040898
1255021137534373888
1255038501411794944
1255040087416586240
1255041263780474880
1255061521828380672
1255073409861468161
1255101902150393858
1255157287532068864
1255191242402598912
1255209817154650116
1255287427331219456
1255388641330855937
1256359001849163781
1259602456784203776