1253792755572256771
1253793191515631616
1253794100874080256
1253794172974370818
1253795203913101312
1253796951235198976
1253805017452220416
1253808081009553410
1253816750149382149
1253818357607993345
1253842323043049472
1253868605634158594
1253870942377435137
1253873767819902976
1253903748608352257
1254020505671274496
1254020801621360640
1254021088142675969
1254021289532153858
1254021339821879296
1254021838906314754
1254021923215941634
1254022870902210563
1254023001688981504
1254023701785272320
1254023801840578560
1254023916005330946
1254024259262955520
1254025060538605571
1254025757061414912
1254028713831825410
1254029401785659393
1254030978458107905
1254032484234407937
1254033197828132868
1254041380864888833
1254043615762006016
1254046132243779586
1254046975667744768
1254050524317585410
1254052063883005953
1254069469451816960
1254091586205614092
1254101376285782016
1254127431012605952
1254130397111255045
1254161246120603648
1254193660457074693
1254195315521064966
1254206984066342922
1254251267335114756
1254268250705125379
1254273507044835333
1254297577400471553
1254365193091645440
1254407857438552064
1254478192129302530
1254698711680073728
1253807355273162752
1254003812316188672
1254008263399571457
1254008678363074565
1254008825633476609
1254010650235416577
1254331107895631872
1255045514237640704