1254160940020498435
1254160941664567298
1254161128021798912
1254161467605041153
1254161606029828096
1254161715173834752
1254162306818347015
1254162591510933504
1254162871895773184
1254163611565592579
1254163991741464576
1254164757591977984
1254165688224288769
1254165771179229184
1254166201548357633
1254166248109281286
1254168942286864390
1254170192386506752
1254170525691195393
1254170602581229568
1254170682990252043
1254170720537632768
1254171002784714753
1254171370537320461
1254171542839341059
1254171658715308032
1254172158449922049
1254172724664111105
1254173325565267971
1254173362550722561
1254175605077102592
1254176231777619968
1254179534028431360
1254179773523378181
1254182245629341696
1254182820605358080
1254183539614113792
1254184019350245379
1254184305384919040
1254184774408822789
1254185244938428416
1254187552925536257
1254188993689894918
1254191133745389569
1254191903844728838
1254192665811353600
1254193401928572937
1254194343302369280
1254196225395634177
1254198097154060288
1254199246670254085
1254200072440434688
1254200424262852608
1254200570963013633
1254201070747779073
1254201934329905153
1254204026670940160
1254204395983699970
1254206552845713410
1254208246400856064
1254208515658452992
1254210187079979008
1254210307095961608
1254212156473647105
1254212634372603905
1254213812951146496
1254214984608948224
1254215071447658497
1254215330542444545
1254219534648688642
1254220518938509317
1254222101399179266
1254222431973183489
1254223076558061570
1254223107205877760
1254223733520244740
1254223937229033472
1254224677649686530
1254225078448844800
1254225116797579266
1254225602644774913
1254225611851259906
1254225651856531469
1254225938843234306
1254226047043846145
1254226403664355328
1254227050556264449
1254227066318446594
1254227348213264385
1254228111232729088
1254228735462502400
1254229088736292864
1254229104729174016
1254229646914322434
1254229725523767298
1254230468695744512
1254232309366247424
1254232523246235650
1254233038290026507
1254233655549005829
1254234939656036352
1254236765075968006
1254237929838272515
1254238512297238529
1254238613337812992
1254238679213760512
1254238916074405890
1254239095569727489
1254239519844556802
1254239800720318466
1254241137726042114
1254241958060531715
1254242043959771136
1254243261939511298
1254243310853672960
1254243881723416576
1254243979828146176
1254244142630293507
1254245886651240448
1254248604346331141
1254250391266566146
1254251989522735104
1254255069584736257
1254255250510237696
1254256674656796672
1254257007454040064
1254257255488184320
1254257533763682307
1254258129916825600
1254258499816734720
1254259157819064320
1254260861021102082
1254262416369737733
1254264171471888384
1254264794065993728
1254266957580259328
1254267810345185281
1254272696646463488
1254272712756703237
1254273724691382277
1254275348134420483
1254277470494154752
1254282042600128512
1254282196078088195
1254284069090635776
1254285443530514432
1254287229758787584
1254288811330121730
1254289549473320961
1254290237007814656
1254290947044569091
1254290954955169798
1254295602441175041
1254295768506208257
1254298378885894145
1254298797892530176
1254299134175174659
1254300760013234178
1254303012643880960
1254303948326014976
1254304833433108481
1254305081140240384
1254305834475151361
1254308692956254214
1254309073828356096
1254309306268356608
1254309742064918528
1254310852267855873
1254312199499243520
1254312887688073216
1254313500689805312
1254313598819631104
1254313936238903296
1254314000093007872
1254314975864160258
1254315243607638016
1254316610812366848
1254322662098128896
1254323226056052736
1254325403084296193
1254326647832162309
1254326928879816705
1254329578102939648
1254330704529444864
1254331119765540864
1254331571890524161
1254332213044359170
1254333216858800128
1254334239849566209
1254338728522326016
1254344545543827456
1254346214251921409
1254351604511203329
1254355593134927872
1254355839994998786
1254361289629093896
1254364437982699523
1254365785314611201
1254366777129291776
1254367441494388737
1254367899222970368
1254371370928046083
1254371429845479424
1254373192296251392
1254373972210331648
1254375272268419072
1254375499738079233
1254377584017772548
1254380025861865472
1254381732222173184
1254383233892061184
1254384852562071552
1254385639795167232
1254385983698669568
1254391844084969472
1254392428406222848
1254392435062407168
1254393811855388673
1254396255905726465
1254396352995315717
1254396692322902016
1254396938994110465
1254396989388861441
1254397273045266433
1254397456273596422
1254398215132073984
1254401155851071495
1254401436219138048
1254401495002345473
1254401591169482754
1254402702752317440
1254404966967578625
1254405790305325057
1254406134561193984
1254409178837385218
1254411944116846592
1254412266247557120
1254415275530899456
1254415742839250949
1254417215216144385
1254417609652678656
1254420121675759616
1254423158993629184
1254427960939032576
1254430133189894146
1254430939008110592
1254432403474583558
1254433996815155201
1254438618854313986
1254439595472797700
1254441810547617799
1254445552055603202
1254445606707347467
1254446021372858369
1254448042968784896
1254448915924959233
1254450153106419714
1254450954461523968
1254451168761298946
1254452069320122368
1254453352878014467
1254454230313775104
1254459703310135296
1254460866361090049
1254462781815914497
1254467822446538752
1254478062680510466
1254482738582704133
1254485775258980353
1254488351148838915
1254490737015750661
1254493954638090241
1254494038046244866
1254502628542697472
1254502640551108611
1254505188938985475
1254507229350428675
1254509041138761728
1254509725112205314
1254510400546189316
1254512807388884997
1254513463700844544
1254514048953131010
1254517505244065793
1254523406567047168
1254539502401384449
1254545800908111879
1254546164789248001
1254546609993629701
1254548735570464768
1254551537751404544
1254552980516491265
1254556533687386112
1254558764792819712
1254559327030927365
1254562874975907841
1254572207549759490
1254576009669640193
1254577699873533953
1254579670885908480
1254581763558510592
1254586438642876416
1254596169227001857
1254604080720121857
1254613295711076357
1254631385517576192
1254637580097904644
1254642319720095745
1254659042913337346
1254675098075910144
1254700011750752257
1254702438885601280
1254715777313239040
1254716273595944962
1254717662984376320
1254735479099977728
1254751636444123137
1254752785192620038
1254755326831755265
1254761008507187203
1254772271031267337
1254787665947320326
1254800943368945665
1254843764625084422
1254883026871267328
1254883533497208837
1254895697301630976
1254919508420104193
1254919776813621255
1255030586462240768
1255075636953190400
1255109728084115457
1255158999026188288
1255234236556214287
1255351195796934658
1255367091143704576
1255373391844048899
1255386382840758273
1255617595887226883
1255772940248940544
1255895434356121602
1255936085772861441
1255937130976743427
1255977114748235776
1256025408794816512
1256058375739191298
1256211752691232773
1256609619528556546
1256863039573446656
1256988566665728000
1257740949066862602
1257774218546229249
1260152255287824385
1272497936996409345
1292559813008863234
1254160944638447618
1254163363678085120
1254192745003937793
1254215868457922565
1254226303001284613
1254235811266117638
1254398349261910016
1254398919951482881
1254427675688464384
1254428049560481792
1254516599836508160
1254720887091130368
1256375096022675456
1254166774054113280
1254167874337415171
1254173593790898177
1254174663091126272
1254190429651775488
1254200566487617538
1254207735249301504
1254236229891174402
1254239369193496577
1254242691640156161
1254242818882711556
1254243097816584193
1254244443340734466
1254251993838891008
1254257408135888896
1254262600474537984
1254268309609918464
1254274690538811392
1254278359074340864
1254282385006329856
1254289473795391490
1254290087023726594
1254290443589697536
1254298902230003712
1254309200735481865
1254315654699769857
1254351190181195776
1254359401940447237
1254362945997463552
1254380133592567808
1254381165731106816
1254385548103426049
1254386836165799936
1254389176365129729
1254398692783796224
1254404532433498112
1254408566276063234
1254415608772517889
1254416162391195650
1254433929748193280
1254469778527399937
1254503832039698435
1254581955514925056
1254629661339987969
1254645654392942592
1254667197449932800
1254775543481786371
1254912453332393984
1254928740385034240
1255109304903962624
1255252788268982273
1255584787865231362
1255734801350492168
1255935474604158982
1256267431741231104