1247918674150858752
1247918675732107266
1247940769467547648
1248064896073261058
1248078330227802113
1248191207672385540
1248206680250253314
1247918677166632961
1247918679746109442
1247931145523572737
1247991952869556224
1248141610082119682
1248154325160882176
1260288011679551492
1247918682245926913
1247919281985196034
1247919827605430272
1247919284539609089
1247919286670286848
1247919537179238401
1247919538596917252
1247920383380140034
1247938965711151104
1247953470159757317
1248232184563073024
1248244575799369729
1247920384663576577
1247920386139881472
1247920387469565953
1247943048677523458
1247967688875479040
1247987712319057921
1248034723676532738
1247920573503754246
1247920951691554816
1248106914354995200
1248226871327592453
1248021404735463424
1248069370971996160
1247920926143983623
1247923543737880577
1247935081747902465
1248010562966962177
1247921135292841985
1247924713629700096
1247928089864294400
1247930090836688903
1247931681950126085
1247934728545632256
1247946154844786695
1247972466137407491
1247990610386018304
1248160285648617472
1248280751851831296
1247921136689721346
1247922075643379712
1247922559238262787
1247922784161992706
1247923052484198401
1247926778317787136
1247929478585565184
1247936831439753217
1248030292478242818
1248088653068472321
1248294105588744193
1247926177295224835
1247926499845394433
1247927187078098946
1247934448156528642
1247935132411080706
1247967709767315458
1247967830865088512
1247986382506733568
1247990472120905728
1247923178392805376
1247923878904516609
1247924596071895040
1247932753980596234
1247936109432025088
1247936940101402624
1247947707949256704
1247952266147115009
1247954181966770184
1247954493033066496
1247964991816224769
1247979084937715713
1248025797182488576
1248086035742855169
1248210437755133952
1248225738853146626
1248255308654313473
1248262514376413185
1248321020618047488
1248467373432000512
1248475073410818052
1248475790456451074
1248628442402177024
1249930127917510662
1308175916032499712
1247951726537211906