1253464957590466563
1253465933374423040
1253465998407225352
1253466919656546305
1253467297768976384
1253467813559353351
1253468253713838081
1253468497084133376
1253469402860838914
1253475409963790337
1253477859101822976
1253479843653718017
1253489280011231232
1253490857409470464
1253496301519429634
1253499074457808896
1253503020488368129
1253504824043159552
1253520643305308162
1253531384523689984
1253539326744506368
1253551175674167298
1253551473876594688
1253559312548417536
1253565893512032256
1253566647916322817
1253567916303200257
1253583874271186946
1253585305342525440
1253586198792151040
1253588487770640386
1253594897476509696
1253600953841967104
1253601985770721280
1253611192494387202
1253623401538863106
1253633535128342528
1253634785551024130
1253638095171457024
1253641173207584768
1253643182358827008
1253646801787207680
1253647053680328704
1253647757937717251
1253663546304606209
1253668334488424448
1253673923184676864
1253677571260153858
1253686219390754821
1253701218125242369
1253713948064374785
1253720583348514817
1253723753940348928
1253725284349722628
1253726010828378113
1253731971290689536
1253749272203464704
1253756603083354117
1253757881112866816
1253769052759248896
1253773545122955265
1253775197250834432
1253776145167908864
1253784722670604291
1253802058626596865
1253806046742638592
1253827266980622336
1253837134387122176
1253837742888243200
1253841685450067970
1253867341802332161
1253877034742317056
1253883024967520258
1253886141893206016
1253897163932925953
1253908032016265216
1253925665520250880
1253940852583362562
1253948745647079424
1253948746397868034
1253954058391638017
1253959647356243968
1253997831116877824
1254003632170622976
1254004362663399424
1254006383990771715
1254006559623000064
1254007277628997634
1254010452075515904
1254019751103225858
1254021784581611520
1254023773155725314
1254023876566278144
1254023910942744576
1254024116832620545
1254031079469703173
1254031318188306434
1254036347066683394
1254038041573892096
1254057608253751296
1254095621834694656
1254159035277946883
1254200508677410816
1254248428432879616
1254301784933371904
1254352460124225536
1254352564138774534
1254353235739062273
1254355211323351041
1254361666562686976
1254368720883003393
1254368817817333762
1254369556673499136
1254369757651890178
1254373590855757824
1254376085804003330
1254388250191564800
1254392414636322816
1254397359204827137
1254398630322036737
1254399150030020611
1254406255529136128
1254426560574218241
1254453533841084416
1254508600950763523
1254588225382998016
1254599232335429632
1254665669729308672
1254688734164983808
1254690525724229634
1254691166932611072
1254702152364277761
1254710183521124353
1254711720053964801
1254713053242896385
1254714411346001920
1254715276383354884
1254724494939303936
1254725811820584960
1254728114225254400
1254729607233732610
1254762280538959876
1254762940986806272
1254763857916166144
1254764940600184832
1254767825316651008
1254770080925118466
1254849748969746435
1255040136103907328
1255043354355740672
1255043882590416896
1255044549350588426
1255045191561609216
1255045796040445952
1255106308547764224
1255143232469524483
1255161594767642624
1255165705504329728
1255460892344549381
1255486515272171521
1255801467052621827
1255830855135739904
1253469257272381441
1253469289950167042
1253469483110486026
1253475368079708162
1253476055823908864
1253479515474391045
1253490655831232513
1253575208532766720
1253590969976406017
1253593694017589248
1253614561263058946
1253672852454244353
1253675993782501376
1253680112131858432
1253917409246941184
1254033499801042945
1254033612812451841
1254033784367964160
1254036188295503873
1254036909367541760
1254037395567239168
1254041489325187077
1254042454384410624
1254047948608061441
1254050255609327616
1254052876483203073
1254064692726763523
1254068547724013570
1254072619323797506
1254074822054862850
1254079087460655107
1254079133786791937
1254081805160009728
1254084007698014209
1254085026033160192
1254110775733415937
1254130623280590848
1254141507168137216
1254151304550576128
1254197151913046016
1254246180055183360
1254272570767085569
1254303089487564806
1254315378009923584
1254441045351378948
1254446101245108224
1254582837623132160
1254752026057031680
1255366658673324034
1256321151556448257
1258209210048839681