1249705019693322242
1249705564701163522
1249705619675906054
1249706349526691842
1249706688971714561
1249706894073069572
1249706928193687552
1249706963471978496
1249706984942657538
1249708375341858817
1249709033981906944
1249716747185373191
1249716847814905862
1249718219172012032
1249730359014461440
1249731900664508416
1249739353825280009
1249750414154596361
1249751077567770626
1249809252014649344
1249847935988350976
1249915880315576320
1249952232260481024
1249987351373381632
1249784602379640834
1249703484892553217
1249704096774393856
1249704828516827144
1249705535823155200
1249706307030056960
1249707175670415360
1249710187079823360
1249711566909394955
1249712078748819457
1249740515743956992
1249784895682932737
1249706936553144321
1249707575664402436
1249707804966842368
1249707964597968897
1249708140096077825
1249709691837571072
1249711965443952641
1249716855507275776
1249729732343738369
1249731896399015937
1249744592649379841
1249748300204584961
1249791326272368641
1249958398348521473