1250534845350137858
1250539250488971264
1250579616676356096
1250536681742176259
1250540138897301514
1250544211759333376
1250550560396361728
1250553195719356416
1250594316801605632
1250665314347409409
1250670993162547200
1250787692146618369
1250814093566541824
1250817671731519491
1250822262757847041
1250842562396590080
1250853080159055873
1250853378617307137
1250867164539686912
1250884362465402880
1250892754407825411
1250908072941240320
1250940706618847234
1250941787482529795
1251022933117620224
1251067983557885952
1251100790611050496
1251115090482532353
1251131023867482112
1251177224847441920
1251257368408666113
1251259187092324352
1251539499080810496
1251565112395268097
1251663242239320070
1251677675938185216
1251697666783956992
1251728927250198534
1251747360717205509
1251762557284749317
1251775689734283264
1251847444805140481
1251894811076046849
1251897768815271939
1252003091706195972
1252206410265436160
1252264610008313857
1252276730376536071
1252296827912814594
1252334185123119104
1252370319156756483
1252370536065204224
1252725157438898176
1252956993184100361
1250542710592729089
1250544924585537538
1250549184819691521
1250651330408001536
1250918070916390913
1251065417247780864
1250545671658225666
1250546908260532225