1252636376727801858
1252647227450970113
1252650591073054723
1252661915714715656
1252675136190382083
1252675295582322688
1252706228976877570
1252710453211430916
1252650138293678089
1253067828246306817
1254034506073374722
1254034682305380353
1254034945997225985
1254034979706728448
1254034996593152000
1254035214130536456
1254035354308444161
1254035463263989765
1254035760224907264
1254036074642518018
1254036096322883585
1254036117059514368
1254036284676464646
1254036420735500288
1254036756900569093
1254037148313038848
1254037618590912514
1254038062427852801
1254038272986267650
1254038704487723008
1254039124606140417
1254039149314629637
1254039434330124289
1254039652664827905
1254040223396347905
1254040419203244039
1254040517144383488
1254040746883272706
1254041761384509442
1254042211404087298
1254042433391902728
1254042693723844609
1254042746706419715
1254043045655240706
1254043231161065472
1254043696007450625
1254044370749190145
1254044547396579328
1254044920714858496
1254044965455294465
1254045251620274176
1254045353046835204
1254045448865800192
1254045750876450819
1254045877368426497
1254046367565008897
1254046627796582401
1254046917543309314
1254046968092991488
1254047193457098753
1254048011459727361
1254048598884413440
1254048951088689153
1254049162859069440
1254052251997360128
1254056165773901825
1254057147601686528
1254058618984509442
1254059839858315264
1254062636972589057
1254063303778881536
1254063328646754306
1254066953452486656
1254069134436040704
1254070262343090176
1254071474836684804
1254071621675102208
1254071931629789185
1254073156714639361
1254075769652994048
1254078823001284610
1254080765228388352
1254080962264215552
1254082964029411330
1254087950268153857
1254093079352676352
1254096502453972993
1254102953537024002
1254109533779005440
1254110582200053761
1254113732948623367
1254117926526783490
1254119352472948737
1254120396791709698
1254125409005961216
1254131206125305856
1254131587337388034
1254132246501560324
1254135874180321280
1254142308833988611
1254147010044874752
1254149279561777154
1254159673202270210
1254196892881301505
1254202961791643648
1254214803402391552
1254216073525641216
1254229246815264768
1254229699888402432
1254232612081549317
1254259707344293889
1254267181526691840
1254274231514181638
1254289108622598150
1254298853198532609
1254304677593862145
1254315863903285248
1254325775169392640
1254347811904258048
1254362341342396416
1254368731771199489
1254400756809175041
1254406935404666886
1254443509706305539
1254452229442076674
1254455521526059010
1254458843934920704
1254517753089789952
1254518566071799809
1254603745670897665
1254698176063275015
1254751824483020803
1252637228095770624
1252643682873901065
1252772679918092289
1253015865991233537