1250006439529046016
1250009388804268034
1250010123780722689
1250010549900828673
1250012449820094464
1250021133874802688
1250022482142097409
1250025530918830082
1250027118727254016
1250034654222127105
1250038982290870272
1250109770565992448
1250146892853293056
1250360908221575168
1250369607396995072
1250009819387494400
1250008937895727104
1250032875350548481
1250441011215519752
1250009308441567233
1250009940539912193
1250010297844338692
1250010491390439427
1250019682226225152
1250026354403233797
1250011199321800704
1250011429962301445
1250025527387226112
1250025469480767489