1251903772705665025
1251906998062514179
1251910376096239622
1251911433144668160
1251912909443252226
1251915036177698817
1251919699799085056
1251934192067399680
1252017570380726273
1252034133917872129
1252040974550757382
1252118926168690690
1252176232520826880
1251907499546095616
1251907709496156161
1251908455834816512
1251921931428941824
1251935218690412545
1251978718807035904
1251994044441325568
1252013946153951233
1252021831437103105
1252066408617426944
1252224814963732482
1252244016411873282
1252301801761751042
1252310915451703298
1252637727759069184
1252667444965015553
1251908789651025920
1251908790930288642
1251909161123790849
1251909734908690434
1251909162268856321
1251909331852951552
1251909465319919618
1251911312516493312
1251934347126603777
1251909638137827328
1251909797412290561
1252201231105298432
1251909934427627520
1251910491884134401
1251910175449124864
1251910335944105986
1251910871497895936
1251911700569300992
1251913765320372228
1251917221430988801
1251911701924102147
1251911703211712513
1251911704625250306
1251911807129784320
1251919687459487744
1251911913132433408
1251919652172599298
1254319563551805440
1251912000537591808
1251913006075822083
1251960708058746881
1252015032172523521
1252086629897924608
1251916088608202758
1252200945724899330
1251922048827289600
1251922594665771009
1251924015888740354
1251925775663747076
1251929821006921730
1251930487549054978
1251946501590441984
1251975053618688005
1252085106610540544
1252164375256817666
1252173996952637441
1252699350054187010