1255907273832005632
1255907614652878849
1255907984418447360
1255908164094083080
1255908995400978439
1255920512754233346
1255920596430532611
1255921212749950976
1255922587550580738
1255925222454296576
1255925602558803969
1255925784805548040
1255927211682664449
1255929957651546113
1255938040519770112
1255945108005875712
1255945807028604928
1255959319260000256
1255963059975143424
1255984119751868416
1256112729225596930
1256118451258691586
1256124368142372864
1256132005894533120
1256201438444822529
1256246255245832193
1256369349713170435
1256554141914140673
1256642036935069696
1256776507642376192
1256991469656780802
1255917738020745217
1255958618064723970
1256020327165034496
1256091430537347073
1256136859777789954