1249367667183480834
1249368704195776512
1249369215766646789
1249371434289442816
1249373409194258434
1249378650769801217
1249389242893074432
1249399430815657984
1249405768312295424
1249406913642508288
1249413121023905799
1249419149161320448
1249435779312390144
1249475990075502592
1249568596138905600
1249600492952367105
1249667455078858757
1249670047343218689
1249679713414463489
1249687670722355202
1249691145346650114
1249727555885817856
1249728336835813378
1249740271555837956
1250184306863071233
1250819032338628611
1250825678653620225
1250825737709301760
1251046027060264961