1251324163664556032
1251324214382145538
1251350571212083201
1251503239423459335
1251511979354861568
1251584671743385601
1251493952794120193
1251534866715467777
1251535636282200065
1251538844555653120
1251548173191065600
1251573841798877185
1252240157278945281
1252274756591603712
1251325762227130370
1251326915123634177
1251330521776271360
1251330778719334400
1251375980784095239
1251385303874646016
1251468779118383106
1251482888559886339
1251491922801315841
1251497585740832769
1251532964523106304
1251533182358282242
1251533656784465920
1251533928835375104
1251534453723353088
1251534768065347588
1251535195876048896
1251536362119008256
1251537909670240256
1251545815258202113
1251545932895629312
1251554804230389760
1251592733300453377
1251662258041741313
1251662870586294273
1251677776718909440
1251746006351278080
1251909247715115008
1251910934286794752