1255346665554403328
1255346989644070912
1255347010011570177
1255347114290417666
1255347604638048257
1255347642084851714
1255347679800016896
1255347781411188737
1255348028183109635
1255348119866355712
1255348167975096325
1255348186920648706
1255348302104666113
1255348405473366017
1255349093079138305
1255350939155922945
1255352253927641088
1255352365173157888
1255353279581687808
1255353477578010624
1255357066199339008
1255360044096532487
1255360527557066752
1255360883305390080
1255361622354386944
1255362024055484418
1255362028878921731
1255363325317255170
1255363517538013184
1255365706276880384
1255369620128702464
1255371667209179136
1255385914722996225
1255386825209851906
1255387269982273540
1255389564186832898
1255395436631818242
1255404855843315715
1255407345032736768
1255424990096302080
1255431741709393920
1255440983149469702
1255466101003235328
1255469101977346051
1255485047341228033
1255495707693395980
1255547385415000064
1255739038469730304
1255788359374405632
1255987462230495249
1258235588706209792