1251618004045123586
1251618213537988608
1251618406715084801
1251619172632727553
1251619437565935618
1251623523417759745
1251640543064592384
1251659859382038529
1251687634574901250
1251689672566284288
1251697069976363009
1251702242786152448
1251702802952318977
1251712249984512001
1251721817200496645
1251781015397445633
1251803084235440128
1251859649155891200
1251873455160598533
1251877660696784898
1251889438440947713
1251898795857776640
1251908959159685121
1251915904130134016
1251918366434082819
1252054197140197377
1252158645820948480
1252202841005076480
1252220468666531841
1252225318712045571
1252226559362154502
1252228791042101253
1252257547039330304
1252274219154640896
1252276673115942913
1252296168639541249
1252321566831996928
1252395795891884036
1251624014969266177
1251642612538200064
1251645225799426050
1251684618882826241
1251694185016590338
1251733724569325568
1251838280783597571
1251858589171560450
1251909864994922496
1254145440699858944