1252251998025646081
1252252770377195520
1252252920646479874
1252252992180334597
1252253181360267265
1252253595766067202
1252276186866241541
1252281055215857668
1252287890341666816
1252290602034757633
1252294368402255878
1252296747390509057
1252298248854876160
1252307035242332167
1252317190457634816
1252318306171641857
1252323577787035648
1252435079080509443
1252441022686208000
1252492377555689472
1252504012798095361
1252519670730686464
1252593930803257344
1252616986716233731
1252260545807429634
1252257258093805568
1252258163157540866
1252259648796872705
1252260273378914305
1252264228611817473
1252654032260222977
1252257589557178369
1252257723120594945
1252258323400994817
1252258704227028995
1252259097497362432
1252259153168523264
1252259366859952129
1252259868507070464
1252260135323533312
1252260470817353728
1252261242678493190
1252261595151032323
1252262144332238848
1252264392441212928
1252268594437730306
1252269622386188289
1252269685460131844
1252273334441689105
1252274504522489856
1252274508691435520
1252277549192732673
1252279273911488512
1252285074399248384
1252287708388560897
1252292451374706690
1252295166230065153
1252298022521888769
1252298693736386565
1252301096950935553
1252301280774631424
1252308273048498176
1252327550304628736
1252391236675100674
1252394734795911168
1252395485559570437
1252395515200761858
1252396719003688963
1252402283754606599
1252407745296265217
1252418449709477892
1252419569794179073
1252443989002903552
1252446417315966978
1252454054677999622
1252457774652456960
1252462305264062465
1252463790685208578
1252466315312246790
1252468294948446215
1252476208626970625
1252482105906520064
1252482638528552965
1252484333341835265
1252485384950501376
1252487776861188097
1252487811233693697
1252490721103245312
1252493234208563201
1252506316414652416
1252507359886413824
1252510480318562310
1252513681218441223
1252516478370189312
1252519141640151040
1252523008498925569
1252524041031712769
1252535490734985216
1252538283831287810
1252547314637570050
1252557494389313537
1252560191528173568
1252563676986515457
1252565216233172993
1252574049194008578
1252574179171405824
1252574372373712896
1252575056225591296
1252575102732025861
1252576155317633026
1252586072493744130
1252599844406996992
1252600611788505088
1252620496685854721
1252650260029153282
1252659977291878402
1252665838068477958
1252670413328592897
1252676629949603840
1252685714254204928
1252688889522905089
1252752199089881091
1252752605027000320
1252760980800462849
1252762856875065348
1252763694980874246
1252763925390606337
1252767948000772098
1252770833497378816
1252771668688138240
1286179647323963393
1252270859797983233
1252274248548265984
1252351466402009089
1252517528066088960
1252573110282248192
1252581821063106565
1252259661295697921
1252272591982788608
1252433634180530183
1252258860007653376
1252259141885796355
1252261312912113665
1252260297932443649
1252261070103891968
1252329366165454849
1252260483685584896
1252261141344124929
1252350853194772480
1252464864771010560
1252472208229691392
1252504571575848962
1252507704293298179
1252513157500764161
1252617732836732931
1252690181137682433
1254777254476800003
1252260563343880194
1252392213431988231
1252464442555559936
1252465319681028101
1252504955308707840
1252566873255878664
1253918408627929089
1252261107840024576
1252261900752216065
1252262973659394049
1252280172511924228
1252280358092980226
1252282219370098688
1252283018905083910
1252283110697435136
1252285426448117763
1252286458460811264
1252286749566357504
1252288539120803848
1252289905037721615
1252291172736946180
1252291284477153281
1252292162630365191
1252292221677731852
1252292254238011392
1252293944056197120
1252293959117795328
1252294528423223296
1252295010508144640
1252295685434675202
1252295702660608003
1252295917740457987
1252295986434605056
1252296750439727107
1252297122440937472
1252297157929046018
1252298588354342915
1252299185979895809
1252300126527254533
1252300446074499074
1252301491840315394
1252301893604462593
1252302380026167298
1252302563409645570
1252304805000818688
1252305054041690114
1252306809370456068
1252307605814276097
1252307719039705088
1252310000984342539
1252310145356296193
1252311976207724545
1252313028508467203
1252313068442435584
1252315063609962497
1252316371850948608
1252316435071873025
1252317199773175809
1252317802339471363
1252318389080653824
1252319988091883523
1252322931834789888
1252328894868455427
1252330846654042114
1252334907277238273
1252349004291047426
1252361738135040001
1252387398438150155
1252416633550721029
1252421079257067522
1252423264468525057
1252424966831656960
1252426581345099776
1252427744110993409
1252433213638623236
1252433871259353089
1252436170526482433
1252439706236674048
1252439847324782593
1252446717481541632
1252447318168621057
1252448447195541509
1252448641677221888
1252452239190511616
1252459590693814275
1252462976780525569
1252463495498444801
1252463749547655174
1252463804820058112
1252463853561982981
1252463952816074752
1252464093509775362
1252464112359092225
1252464480036032512
1252464567344488448
1252464574554468353
1252464940905984000
1252464959570624512
1252465329403506688
1252465676494598144
1252465724100014083
1252466082566332418
1252466477493411840
1252467093892726785
1252467292199424002
1252467544641978368
1252467547380707328
1252467604037435392
1252467741342044160
1252467915527385088
1252468167051378689
1252468691922497536
1252468837041098752
1252468995208470530
1252468995640356864
1252469142247989248
1252469606846881792
1252469728293109761
1252470049744523264
1252470128358416386
1252470206892556288
1252470207169191936
1252470342846574595
1252470674192363520
1252470848356618240
1252470866664755200
1252471687552970752
1252471702967238659
1252472758581096448
1252472872250912768
1252473113607979009
1252473117949267974
1252473127247835137
1252473211532587008
1252473334316429312
1252473360493273093
1252473581608538113
1252473589728546817
1252475452054212609
1252475839402389504
1252476504203804672
1252476575112667137
1252476598608998400
1252476994425688064
1252477744559951872
1252477882204471296
1252478179161206789
1252478319691468802
1252478605684137986
1252478763985547264
1252478857518542848
1252479057670930437
1252479775295275008
1252479821097115648
1252479824582578176
1252479940173299712
1252480113796624385
1252480130154237953
1252480277525471232
1252480848399491073
1252480980834594822
1252481017442717699
1252481204198051840
1252481314370052096
1252481462085005312
1252481498760052736
1252481620726083587
1252482443942211584
1252482733093220352
1252483491184488448
1252483903681695744
1252484090575683584
1252484258867761152
1252484380687134720
1252484500682158081
1252484514212835331
1252484681053831169
1252485190099668993
1252485872764637189
1252487445012025344
1252488711830413314
1252488842235351040
1252488876607897600
1252489168493690880
1252489170443857920
1252489698443792385
1252489823287418880
1252489882573791234
1252489886478692353
1252490162715516928
1252490578459230210
1252491639433490432
1252491745813647360
1252491832677879809
1252491836632883201
1252492644397142016
1252492724906975233
1252492877277487104
1252492923872194560
1252493074204368898
1252493267695923201
1252493301548285952
1252493511506698241
1252493576971452416
1252493900003999744
1252493917330661377
1252494377525501952
1252494403848953856
1252494432814936066
1252494523365613568
1252494593280610307
1252494936794071042
1252495043098587136
1252495392727601153
1252495515511447552
1252495570763038722
1252496166702313479
1252496304439083008
1252496904895643649
1252497238909087744
1252497474243031041
1252497766946725888
1252497902502588416
1252498241981018112
1252498957281841152
1252499122944425984
1252499436606906368
1252499772516139010
1252499962098667520
1252499986928988160
1252500003701919744
1252500031224999936
1252500462667853824
1252500562907561986
1252501169206788101
1252501526427377664
1252501668534480896
1252501996105543680
1252502000387928064
1252502675855310848
1252502800103346179
1252502859842818048
1252503296339775488
1252504210752577536
1252504534863228930
1252505275678023680
1252505686619164674
1252506093487624192
1252506096167727105
1252506224299577344
1252508669847064576
1252509361517350913
1252510271999885317
1252510354246115328
1252510417508634627
1252511956080173056
1252512015970533376
1252512162540650496
1252512595791302657
1252513212391514117
1252513219480084480
1252514669010583553
1252515156850081792
1252516558431072256
1252516722940100608
1252516847586549760
1252517414249496576
1252517441533440001
1252518227348877312
1252518597198442496
1252518755730706433
1252519314122436608
1252519318438457344
1252519557954142208
1252519752712499200
1252520350908157952
1252520681599905794
1252520698951524353
1252520899045187584
1252522203402301440
1252522469467910149
1252522589592879104
1252522615094120448
1252525790438326272
1252525817831100417
1252525824185561088
1252526038531244032
1252526145209118721
1252526162699575297
1252526423820165120
1252526439334924288
1252526646260686848
1252526983059144705
1252528155790725121
1252528361156440064
1252528582527770630
1252528771460067329
1252529048640610304
1252529135848579072
1252529172502605824
1252530638692814850
1252532387474374657
1252533083548442624
1252533449086267392
1252533620104769536
1252533762589700097
1252535525107552257
1252536271156592640
1252538096190500864
1252538395709984768
1252540609291829248
1252541531053056001
1252541531619127296
1252543645162471424
1252543645892263936
1252544672297336834
1252549232453533697
1252549542077018113
1252549564843782144
1252550170933223424
1252551412380303361
1252552008155840513
1252552050962911232
1252552780364910593
1252555151157714945
1252557264453464064
1252558932767174656
1252561936916586497
1252561973012766721
1252564427368325120
1252567326471454721
1252568290922135552
1252575048034025472
1252579183546384385
1252580980407189506
1252582437684535309
1252584426464256001
1252589065188175878
1252593330505965568
1252597273256587264
1252597545827778561
1252602058772869121
1252606113154908160
1252607948066414592
1252635954436661248
1252636257814892545
1252638335077662720
1252639639967428608
1252639707294466054
1252660225779265539
1252661177903177733
1252663493154742272
1252668202917564416
1252679988802879488
1252682119677165572
1252699656225615878
1252777901335834624
1252794589859049472
1252261255538147334
1252261312379457544
1252272088603336705
1252261403467165696
1252489475659309056
1252701216473141248
1252789448611450880
1252261640390815744
1252476750753181698
1252261915793010693
1252262054188244997
1252263712867545088
1256945673880178690
1252262285436993542
1252329705929228288
1252262607785951234
1252262834332930048
1252263574317211650
1252264195078275074
1252492554823766016
1252262902305902592
1252288922496962566
1252290649149210624
1252263791200481280
1252272407538262018
1252291772593721354
1252329992937070598
1252598838097055745
1252263435754262530
1252264539430805505
1252281860593418240
1252270556990373889
1252288874048630785
1252302849863753732
1252322991192621060
1252263680718393347
1252328934550548482
1252273254707814402
1252273496849252352
1252288620582617089
1252582244390060032