1250109713037041664
1250110637868449792
1250112499338403846
1250117613017063425
1250152190976479233
1250157093996449792
1250191345504997376
1250419595355152387
1250113851288420353
1250115277108531200
1250206557440217088
1250253198914244608
1250680879350820864
1250113853301690375
1250113854979411968
1250323180696129536
1250365706245410817
1250408320873136132
1250251193647083523
1250123309401821185
1250195870336692224
1250502986004140037
1251307914549252104
1252022154784374786
1253685030137683968
1250133337718566916
1250972639394291713