1247437557681377281
1247440644697538560
1247446646654287872
1247466913522954240
1247484844478693381
1247652415328759808
1247664042216431616
1247700977307791361
1247701899576373249
1247790219442585602
1247838202225758209
1247913615493156866
1249065311707344896
1249389488620666880
1247438311637032961
1247438790659993605
1247438939046232065
1247439154490703873
1247440641279344640
1247440716189405184
1247442622257348609
1247442976592154625
1247443824529625089
1247444055228698624
1247444551616401409
1247444650488545282
1247445766332874753
1247446496779407360
1247446504178094080
1247446780947632128
1247462925616455680
1247496298682449920
1247497502753878018
1247508934639804417
1247563940650815488