1250124506921926656
1250125788680269825
1250127435581902848
1250128433306353665
1250204238178914304
1250246504758964229
1250308554835128320
1250126077055447040
1250158440519028738
1250290930835283969
1250133014836695042
1250128703159492611
1250128749577662465
1250128803600519170
1250129965745491968
1250130309515018240
1250135225738260482
1250135590466699264
1250135690924433410
1250138702392766465
1250139796850110470
1250142061959041025
1250145077239975939
1250145864737124353
1250145979543609344
1250149337595871233
1250157610541682690
1250162857460871168
1250184651626491910
1250204602500362241
1250215646970941440
1250222772690829313
1250223847065993218
1250223948236759045
1250240514861006850
1250243291867725825
1250244126408429568
1250245816792408064
1250259745799192576
1250264062111473664
1250286702217682944
1250290888741285888
1250295460616519680
1250328105190744064
1250334752646647811
1250388372541124608
1250398375465365505
1250427719474499585
1250432270093012992
1250449927706157057
1250450796698836993
1250456768884465664
1250468596922363906
1250471952298528772
1250488159839846401
1250489753146806272
1250575157627846657
1250605842707165185
1250608989181599744
1250795996830773248
1250818485590077442
1250899347719544834
1251477834025091073
1251897939791757313
1252429669476917251
1252429710614642688
1253451040713773056
1250133389488857090
1250136884262711298
1250138786320863242
1250140237608767490
1250164342240112640
1250176199122227200
1250177726419476480
1250194247392919555
1250194469363814406
1250195081660960769
1250195648743272448
1250200765647503360
1250206436694556674
1250208310864773120
1250211982806040576
1250216158013186049
1250216332928352257
1250236047981719552
1250236307546107905
1250246081084035073
1250249830774996996
1250251218946936832
1250256803419619328
1250286948972818434
1250292315064643584
1250292994537713665
1250294278821036038
1250295549187612672
1250297188883656704
1250297837230804992
1250302423106588672
1250304445906214912
1250307766939353088
1250318902950645761
1250318961368952832
1250319742881038339
1250324695456436224
1250325156532084737
1250325805864849408
1250328816896991233
1250329093603610624
1250330634226032641
1250330999289827336
1250338070064316424
1250344496438505474
1250354189521182729
1250355028864512000
1250355073902772224
1250355698594185216
1250357082856939521
1250360278757167104
1250381510974173185
1250387810504318978
1250388259580137472
1250401337264627713
1250410258419376130
1250430953295474691
1250434522316849152
1250439060755116032
1250444802312884225
1250471436738756611
1250582342671822848
1250609990920011783
1250624574955196417
1252180749970784257
1250136927824535554
1250138300620214273
1250141739576438785
1250142284538142720
1250147585639297025
1250148806739611657
1250149565065506819
1250159614626275329
1250191719007567874
1250326825131114498
1250346396311375873
1250419335207649280
1250443564737114115
1250492057694633986
1250506035422527491