1248931085511200769
1248934256988041217
1248936597858463745
1248943866339827713
1249232167319691267
1249335271084003329
1249339737749499904
1249341251364761600
1249944228773244928
1248931934610300930
1248938343146143746
1248952661635932161
1248952883871133698
1248957730221629445
1248996224092561408
1249256506702397440
1249446071606153216
1249451289148379136
1249603836387491845
1249650697127243776
1249667883166294022
1249908418896224256
1250079903606886401
1250296163195965440
1250334496957710336
1250492860807417856
1250592450319544320
1251163127544152064
1251180592324059136
1251293465465327617
1251345776476934144
1251356304792150017
1251459761180225537
1251721452988116992
1251731116702289920
1251753370911727618
1251755787036262400
1251758250393063424
1251799562601316352
1251839304214753282
1251880974440423424
1251921492562055169
1252248206114787328
1252424909008957441
1252522103083077633
1252698016420683780
1252720812077060105
1261923803560652800
1248930346558787585
1249091433488961536
1249354249726758912
1249367202899415045
1248930354309840899
1249249649434800129
1248936594364563461
1248939143847194624
1248943891426000898
1248946815204024323
1248948082122936322
1248949009328340992
1248966758851100679
1249029975744761858
1249361392588722176
1249548794133278722
1249631937867599872
1249944200151359488
1249944493018640384