1249817770956599298
1249718571548229632
1249718674786865154
1249718919734218754
1249719574645350404
1249719965671972864
1249719984000991234
1249720154692304896
1249720269830336517
1249720359311425536
1249720761633443840
1249720818764066817
1249722451207933952
1249722591301881857
1249722623270977542
1249722954566467591
1249726293291208706
1249727048131715072
1249727513775026180
1249727769879154688
1249729999545958404
1249731162525904899
1249732810903965696
1249733129507680260
1249734697866821633
1249736871409627136
1249737634731130882
1249741226233991171
1249746761180053504
1249747140890394630
1249749856832258057
1249750821178355713
1249753450885386240
1249753535169912832
1249756601008848896
1249759926844563457
1249764117000400896
1249772568845967361
1249774405925908480
1249775680491053063
1249775979364524032
1249776997934530561
1249780693246324738
1249811487968952329
1249815141379522561
1249827635598786560
1249829779122995200
1249833258445090818
1249838964845867008
1249855414952325121
1249868543090278400
1249870602208452608
1249881809577316352
1249898369327259648
1249910070399418369
1249910184459284480
1249912038501027840
1249916648087117825
1249917310334201856
1249918187048538112
1249925707695902721
1249936423760715776
1249942380553199619
1250005591478722566
1250203114218668032
1250211963826814976
1249718771121557504
1249718925190823936
1249718935232135173
1249768748006797315
1249776360173666304
1249985542890164225
1249719477375324163
1249719638386266112
1249746396858613765
1249753350133989384
1249719812852506626
1249720135595819015
1249840214081540096
1249719939440816128
1249720265770242050
1250971040987009024
1249720074627362816
1249738565396791299
1250032771122081793
1249720451485454336
1249720653839769602
1249720769338376194
1249774825209561089
1249896866856173569
1249720655676936192
1249720907771379713
1249721297267036165
1249743724734640128
1249758106948521984
1249840051430670337
1249943164917403649
1250002489044283392
1249721183710384129
1249840026545881089
1249721947753033728
1249722216033517573
1249723235673006093
1249806618373611524
1249901074451820547
1249903809276440576
1249722217644113923
1249722945846620160
1249738569637298183
1249839971478851585
1249722218902364164
1249722220680753152
1249722355359907846
1249723684018774021
1249724075968208896
1249725904114384896
1249726167063711748
1249730362097291265
1249738565900046336
1249770853312729088
1250127095914782724
1250234176265052160
1251205212859219971
1249722472112500738
1249723382544740352
1249749499809054720
1249839878738546688
1249722802338508803
1249723336512245760
1249725249148551172
1249839849823059968
1250063959807406087
1249730773076213762
1249749256681881604
1249779779298930694
1249780669573562368
1249785897169477632
1249800859237531648
1249834460599562240
1249921089330794496
1250017919766949888
1249723494126039042
1249725009800630274
1249725852822183937
1249731272479514625
1249745595339665409
1249839418044637184
1249940681117667328
1249942857789538304
1249985626956578817
1249726334957498376
1249735524954210305
1249739056428154884
1249745804958416897
1249771247635820544
1249775698220326913
1249921521583132672
1250032741904572423
1250073023442550787
1250086990525202432
1249731116573036549