1249749953267695619
1248999470403997696
1249010090163617794
1249032507502276614
1249042776504885248
1249063074297982978
1249071679914950656
1249332462469054464
1249428203879518218
1249432637577531393
1249435656738177025
1249471589575524356
1249521389507354625
1249558097472831493
1249818643627679744
1250007588294537216
1255203681219145729
1249057226448306179
1249074586563592204
1249189452355981313
1249303045843935235
1249442338428067842
1249482809573552128
1249643003410407424
1250273428000485378
1254730588470247429