1246780276556128256
1246780326967468032
1246780691901227008
1246781266583830528
1246781488634507264
1246781661150351360
1246781954214723586
1246782377684336641
1246782571050041346
1246782781017010181
1246782839724498945
1246782957995659264
1246783938737078273
1246783947293503489
1246785236119302144
1246786799097217026
1246787142849871872
1246787990484963328
1246789017993166848
1246789784766480385
1246790195225247745
1246790591083696130
1246791832220172289
1246794185123885056
1246795247033737219
1246801566893395968
1246809867546955776
1246815919709528072
1246815957202472960
1246817207889223680
1246836558138880001
1246837038386688007
1246837999175950336
1246838438902497281
1246838640325599232
1246839424975097859
1246839663828008960
1246840196462755841
1246840226158448641
1246840229811585026
1246840523559591936
1246840590777618432
1246840917824360457
1246843283340496896
1246846466733326339
1246858282846822400
1246882148138786817
1246900686866001921
1246967615706324993
1246970978992709632
1247027943101968384
1247039692496723973
1247040518871105536
1247045310699827200
1247133407609569285
1247328463943421954
1247386467468361730
1248040632159002626
1248294252704083969
1251432050147463168
1253645218072743941