1253416119349555206
1253418086322958340
1253421957015457792
1253420250034388992
1253420251397537794
1253468773874634752
1253492970881527824
1253422326483304467
1253422708500529153
1253422751047548928
1253423342628900864
1253423642836230148
1253424694226649095
1253424775231229953
1253425129020768263
1253426441343037442
1253427715702616065
1253428235901104130
1253429940122353666
1253432883215138823
1253434741480554498
1253442002072584192
1253454098155831297
1253463950231994370
1253483744004050947
1253490807249633280
1253493072190558208
1253501019972964352
1253505394728730624
1253507911491497985
1253515079045218309
1253517877405155334
1253520871798575105
1253524747398283265
1253527670547079168
1253528651922124800
1253530472694464512
1253532964756938752
1253536638455726080
1253537926304067584
1253559149343932421
1253568490163900416
1253573192477741056
1253584554994139136
1253584923824459776
1253601456860524546
1253604690656362497
1253613000348467202
1253628625192128512
1253658949066391555
1253659029307613190
1253694616559407104
1253794763481939968
1253878957495091202
1254033856686161921
1254033872414822403
1254034083031715843
1254034166087389184
1254034673472360449
1254034874337579008
1254034925516455936
1254035498114469888
1254035869788278784
1254041829399461889
1254042789375086593
1254046186819981312
1254047680583663625
1254051249894428672
1254051799604002829
1254052365528940544
1254052977523843073
1254053025783611393
1254053633156624384
1254056065093840899
1254056578178846722
1254057323271725057
1254057931340824576
1254058476470300673
1254060686906404871
1254060767084593153
1254065967551963138
1254067892594884608
1254070266369466368
1254072519432134659
1254075254118535169
1254078626586406912
1254078936767578112
1254085760766095360
1254097140063879172
1254100461692416000
1254100750390697985
1254108186308677632
1254121692596547584
1254126935766110211
1254134972207767554
1254135442338873348
1254141334933213184
1254142551713558530
1254165201001287682
1254177557244547074
1254185693657497600
1254227158291144705
1254243508795445248
1254272897599889408
1254292369148538880
1254309040349425664
1254315848300445697
1254326363030462464
1254333296357437442
1254372772119273473
1254380441576013824
1254412706679066624
1254417798505398273
1254552284794675201
1254564494140936194
1254584350445727746
1254698363766726656
1254899228637384705
1256290265863647232
1256375325644242944
1256516971941822464