1248020596971225088
1248021579667247109
1248021803206934530
1248025246856339456
1248025523869175808
1248029366031773696
1248039582928646149
1248048955163844608
1248051108561465344
1248068008125202432
1248070574846459905
1248073544094769153
1248075402523873289
1248084659487019008
1248089914920456193
1248097855086231553
1248098349926023168
1248104435760447488
1248108756136677378
1248112564367527937
1248113464708665344
1248126569454817287
1248133699381547008
1248133732973740032
1248136437750353920
1248145371559157760
1248150593543290880
1248162857080012800
1248163387747557376
1248165374413148161
1248166058126524417
1248169136485695493
1248169468343152640
1248170542424719361
1248172953365340160
1248174619011567616
1248183893070577664
1248184161153753093
1248187230746624001
1248187641897594882
1248196081063563265
1248196190706917376
1248197763080130560
1248199768154812416
1248204767840464899
1248207355835109377
1248208709706121217
1248211830981484545
1248211935612424193
1248214204240232453
1248224654151598081
1248225165684748288
1248227608900374528
1248229354523348995
1248231380846174208
1248235872790560771
1248239525308043264
1248242509089775617
1248242952524218370
1248255292242120721
1248272350371557382
1248274259002241027
1248275201936084992
1248283642616590342
1248293626205155329
1248294194768236547
1248294698235695107
1248294747799781376
1248294827512303616
1248299678661144576
1248622100685840385
1249445678348025856
1250877818076004359