1248628597402845185
1248633446030770177
1248641558288703489
1248645746779439111
1249314219251486722
1248632565319307264
1251982661003948033
1248634198681882630
1248634256382926848
1248634342219362307
1248634733757677570
1248635715136749568
1248636112270233600
1248636181174267907
1248636527837466625
1248636780485783554
1248636927311400961
1248636960379265024
1248637064167534592
1248638634405789699
1248638743805820929
1248639540669095943
1248639595010347009
1248639762992451591
1248639980802539520
1248641364939677697
1248641993971916802
1248642298063306753
1248643185599025158
1248644108219863042
1248644292664414208
1248666675744059394
1248670997693083648
1248672360686915586
1248675926344380417
1248678572530769922
1248683039342891009
1248684646683959297
1248687145562374152
1248687789870174210
1248688832389808128
1248691806029529088
1248695744070066176
1248701386079875073
1248704799413067776
1248707825095847937
1248710755379281920
1248711410135097344
1248716112264679424
1248716242405322752
1248724580283318274
1248728770141396992
1248730590230261768
1248730653480402945
1248737427583381512
1248738328888905729
1248742250781294592
1248745836709806087
1248749108132642816
1248751453109280768
1248751954777370629
1248757937759084544
1248759928908587008
1248765055862112257
1248771556274139137
1248772160463581184
1248779528102699009
1248803880898420738
1248805476302647298
1248805622444744704
1248806024737243136
1248808252252598279
1248812430093889537
1248829186304888832
1248829480719663104
1248831966654263297
1248833456261550080
1248838363257262080
1248839629576515584
1248839629903552512
1248842562149814272
1248844704965201921
1248847167940431875
1248856205688111104
1248867652426055680
1248867736463106048
1248872706000302080
1248875001303797760
1248875445006696448
1248875769142501376
1248876590852759552
1248877680763666432
1248880642202492930
1248881217488826368
1248883795643658240
1248892719675531264
1248894978819907584
1248895327215792128
1248896274172010501
1248907577460527106
1248908316358496257
1248909679176167425
1248914602114629632
1248917975010136064
1248919330797932549
1248923029104721920
1248924003659546625
1248929358569447424
1248932182439219200
1248933154322169856
1248935921514209280
1248942126227849217
1248942827377061888
1248947138719035399
1248966364389351427
1248976059699257344
1249054625430265857
1249377280691863555
1249589827227418625
1249599084605984769
1249649298280779777
1248634875546042368
1248848484930916352
1248907326683140096
1248635660677705728
1248638365798412288
1248635036833845249
1248635140248670209
1248691235071471616
1248728896255733761
1249212365427617794
1248635315117535234
1248638810113613831
1248840808742244357
1248841606083612673
1248635439411576832
1248931259423657984
1248635662720516096
1248636071904268291
1248635763241123841
1248980600523902976
1248636046625181697
1248636176677756928
1248636629130129408
1248637192596910084
1248780112985636864
1248812474414972934
1248937576230047744
1249213028144312320
1248636630367383553
1248637040549400576
1248637992568119296
1248728976195047424
1248832423825195010
1248637439272456192
1248637472164241409
1248638103532625920
1248638440591241216
1248638693293920258
1248696163827679233
1248719201864486912
1248744050515226624
1248753000518205441
1248795992440352768
1248807602441641985
1248874631177568257
1248637701856911360
1248638411516325890
1248695363067879427
1248720587016585221
1248638169630871555
1248638365479600128
1248638302820974593
1248979899928514561
1248638785757360135
1248779370446991360
1248794557560623104
1248993561477029890
1249055099428564992
1248638787938324480
1248837423485730817
1248638952506044416
1248837475004329984
1248837679195648002
1248639241875271681
1248639360095977476
1248640479891083266
1248639358321807367
1248640832099491840
1248866180145664000
1249214471135825920
1248695734213455878
1248639689998942215
1248641432585371650
1248639851760672771
1248640371233562624
1248648127470604289
1248671765435420672
1248676559420116992
1249913698031812608
1248641432681943045
1248917454014709760
1248693856507478016
1248743522045435920