1246477967708098560
1246478115309846528
1246478205705277440
1246478479702372353
1246478647843647489
1246478857508728841
1246479041709903874
1246479473723105282
1246479550181068800
1246480304400822272
1246480408809627648
1246481438859542530
1246484252381732864
1246484708311158785
1246485123303956480
1246487015136333824
1246487250415779848
1246487807801073665
1246488439178047489
1246492769595666433
1246494678297595910
1246495670388682752
1246499095230976000
1246502840601702401
1246504778135302146
1246512845849858049
1246523916086108160
1246539301535600646
1246560037771726848
1246590480948686848
1246600588306993152
1246634496201388033
1246656746371706880
1246664641826058240
1246667953661046785
1246680377478934528
1246722437577732097
1246807204012924928
1246824178629496833
1250450355529216000
1250453161589915650
1250454030079234048
1250462238365724672
1250477983929786368
1250495754973573122
1250496055617044481
1250496060801204225
1250496343572836353
1250496610842185728
1250496648515432448
1250497067098664961
1250497088921587718
1250497844164939779
1250498308658696193
1250500008035487744
1250500079246405632
1250500783646232576
1250500957525340160
1250509155447668736
1250510112210313218
1250511725922787328
1250512287237992449
1250520367069708293
1250524079632912396
1250527174181793792
1250527375810392064
1250529138764439552
1250530567990509572
1250534010951856128
1250535655760785408
1250540718231191552
1250546896365633537
1250551866079019009
1250560162840170497
1250565305530802177
1250566777018482699
1250569256133169152
1250573190331543552
1250576289511157765
1250579612180111360
1250580454522138624
1250585634504400896
1250588084346908672
1250589987772477441
1250590479374258178
1250593205633970178
1250607961195646977
1250613560230719493
1250615020976607232
1250618731857760256
1250619617166254080
1250621278018551809
1250623233042284547
1250623563847004160
1250627955946131457
1250627960144490498
1250628681216733187
1250630556297179143
1250633312227426304
1250633579652136960
1250634033135943680
1250636083143995392
1250637485207465985
1250638361691332611
1250640609095761920
1250652462307897344
1250653561764999168
1250659580092149761
1250714743855177728
1250724236005539841
1250726232536363008
1250747170258661380
1250772172282494977
1250774663199895552
1250777809569697792
1250782720520671233
1250832829921071104
1250878145198202880
1250879168583262208
1250891980802064387
1250896059397799937
1250897002998743041
1250900811850399748
1250932894484267009
1250941987412480002
1250950983636656130
1250959226039611392
1250973624804261895
1250987903003525122
1250988778593943552
1251091962616180737