1255541984070115329
1256694940572061696
1255517075122130944
1255640102228963329
1255553798522765314
1255571186055970817
1256625068106551297
1255524485261938694
1255522213295423488
1255523286945013763
1255524110786088962
1255524255757938689
1255524628392562689
1255524921557557254
1255525144895926277
1255525443626627072
1255525992401174529
1255526256268980225
1255526265760747522
1255526717684408321
1255527242005983232
1255528869899063296
1255529540497084422
1255529842730078208
1255532341650481153
1255535970386092032
1255537895106109445
1255542374765379585
1255544895751598081
1255546070026776576
1255549332910153729
1255551623218302977
1255552831509139456
1255558838310375424
1255560381629636609
1255565431378763777
1255568228669181952
1255572053630967813
1255582854727131136
1255600109904998400
1255622801555365891
1255625829805027328
1255626580329738242
1255668498010955776
1255672159407661056
1255683228742148096
1255685702488133637
1255691446201405442
1255698341100425216
1255711309691142144
1255715936658771969
1255740082587340804
1255741147365793792
1255743080768118784
1255747161804861440
1255763538133397504
1255782013388427264
1255789461427884032
1255790716225089536
1255800740724998145
1255807539020791814
1255808437264490502
1255815886566387713
1255822202051723265
1255847460175581185
1255855765241434112
1255881111345016832
1255882709475434501
1255892008213733376
1255902443516248065
1255915748066832384
1255924119704567809
1255988779145474057
1255998362886664192
1256019005095194625
1256019128638455809
1256023592422129665
1256063790476480512
1256114910011875329
1256151266604048391
1256164340295544834
1256196351626444802
1256206544204513280
1256211644071337984
1256236373499154433
1258484714157072384
1255522752225779712
1255532464036028417
1255582871496032258
1255903727078092800
1255522799944433664
1255523677078249478
1255523878002180096
1255524012458999808
1255524712500858881
1255533596263108609
1255661661438042113
1255790016506150913
1255522845247057920
1255524971545313283
1255543039919108097
1255547825703858177
1255549526531866625
1255549740546166786
1255571810357325828
1255573706224484352
1255782310449786881
1255955149828370434
1257393809572364288
1257485222842470400
1257684343662600193
1258513305464762369
1255522891959017474
1255523050902216711
1255543436486344704
1255867114814087168
1256114372914470915
1255524482976006144
1258367499411820545
1255658691811962881
1255685874798530560
1255526173188280326
1255526255983824896
1255528441908207621
1255555595308056577
1255526818528067585
1255526885578158084
1255527787563081729
1255528670074220544
1256147869733654560
1255526863390363648
1255528882133962752
1255528735253639171
1255528944788549635
1255662781761589248