1248712726316298240
1248716942187188224
1248756388966346752
1249013236357185536
1249720597191557121
1248708922438975492
1248711098448175106
1248758873076482049
1248787033709056001
1248837319467073536
1248963604835184642
1249113984298606593
1249165661626077185
1248713343298396161
1248713557656641536
1248715268769157120
1248820562866012161
1248851718411915265
1248861066999869440
1248862113960988672
1248865902541582336
1248867329628307456
1248895115520696320
1248910796807168002
1249075396496093184
1249504200775655429
1248766582345601026
1248714232440467457
1248714232557907968
1248714270898036739
1248714403702243330
1248714719139110918
1248714928837611529
1248715179937890305
1248715214612123648
1248715306182336516
1248715491302084609
1248715524168613888
1248716301004148739
1248716338098581507
1248716426690678786
1248716506671669248
1248716669872001024
1248716904027557895
1248717084940533761
1248717227601297410
1248718380640731138
1248719362376294402
1248719505116803073
1248719794129342464
1248719974614564864
1248720276583481346
1248721165943742464
1248725096195383299
1248725201124196357
1248732827241373707
1248732922246545408
1248737431307931651
1248738668459831303
1248739230853091333
1248740355161260032
1248740812197855233
1248748366336528389
1248750761607155712
1248754502829780998
1248759652801753088
1248760529411141634
1248760905397153796
1248763046929072128
1248775381785759747
1248791772723060736
1248795002915803137
1248795576973447169
1248799075052310530
1248800925252231174
1248811066445856769
1248821375042756608
1248826815956824064
1248839499599294466
1248840599236751363
1248849272662974464
1248851679929401350
1248855334032203776
1248860426189692934
1248863130182209536
1248863994795806720
1248900149709078529
1248910098291924992
1248978197166817280
1249022190802079744
1249270456009527296
1249647994003165184
1249720999454572547
1248715181913444353
1248715617663885316
1248716298596409344
1248717164619747334
1248717856293834753
1248718041170333696
1248718272205332483
1248718599096655872
1248718968149270528
1248723141721030660
1248725686166134784
1248729592925261825
1248737179335090177
1248742090822922240
1248759322370138112
1248797309229584384
1248820647385391106
1248849128936763393
1248881548528476160
1248915257386504194
1248956521502957568
1248980394516643840
1248987357572988928
1249040494711242752
1249205196665823232
1249289264681996288
1249766293861019649
1249772443540942855
1249783845962035200
1249859169076813824
1250021748751433729
1250053439889047552
1250500386676453378
1250526529676816384
1251248641832095744
1251249664323727364
1251283101432627202
1254481887160041480
1248716106195513344
1248717310967373825
1248716108951101443
1248899009160318977
1248716445602795522
1248721765909618690
1248764438942896128
1249944732991549441
1248720165103194119
1248720440475951105
1248729632389705728
1248757944755326976
1248759581653819392
1248768326635053063
1248796089169444864
1248807787229921280
1248912241929457664