1246553398465433601
1246553632281169920
1246553922963210240
1246554685965611008
1246556216857366530
1246556464501551105
1246557626483257350
1246558645636280325
1246564052341530629
1246573644559548420
1246582091946635365
1246587145843806208
1246589524823531520
1246594985149059072
1246596499192102918
1246599523172003842
1246605152406196224
1246622642959839237
1246626132188946433
1246644945366196224
1246656368943206400
1246680867801620480
1246686319985561600
1246740133245644800
1246793048920489984
1246807250670243840
1246811150471307264
1246824266886270984
1246824308300632066
1246824652288253956
1246829882946002944
1246835126065078276
1246836480594653186
1246847960660340736
1246856825665806336
1246863327927635968
1246867899706265600
1246879439922909190
1246880546233311233
1246886900092358659
1246908358147428353
1246910745314459648
1247901041045037058