1247192648869449728
1247261281645666305
1247192701348478978
1247192745581690880
1247193314895503362
1247205352506040320
1247264794626772992
1247285384553230336
1247192953019342848
1247207697067446279
1247342968366944256
1247192954382450688
1247193055188451330
1247193136310386688
1247200766718173187
1247208347188649986
1247360055734722560
1247193261908918272
1247258511106506752
1247193333618876418
1247193849945939968
1247304988323393538
1247306653889744899
1247314681607467017
1247318729127419905
1247333908640755713
1247348601031884800
1247352597985538048
1247360639154163712
1247397175769915392
1247420411710599168
1247428511373168640
1247441567704547330
1247533569733349376
1247667309193412609
1247193475650473989
1247194018632458240
1247203348039819265
1247264568050581506
1247265582686310400
1247301222245134336
1247304003081428992
1247312680718909440
1247314660434591751
1247314660962885634
1247315260505075712
1247319718299611137
1247326345878740992
1247329416214196226
1247329793252577281
1247336294289559552
1247341508153540608
1247343764638707717
1247345223614836736
1247345610631471104
1247353013003595777
1247353810042920961
1247360069303443456
1247365000458575874
1247375583383703554
1247386848646672385
1247389860068917249
1247397086800179201
1247397456213573633
1247416569174646784
1247420223449415680
1247435029191540739
1247436388376514566
1247464104085749760
1247488065867788288
1247490212948783105
1247611214483673089
1247615438265167876
1247669251487330304
1247684350981713920
1247845135318044674
1248099763091722241
1247193541639647232
1247193810217697280
1247194536385957889
1247194640660549632
1247814097984348163
1266407181806682112
1247193643477278720
1247194355439251457
1247220960606015488
1247353940452290570
1247354758140026880
1247379659899224066
1247414481233248256
1247552150080716807
1250449365736386560
1266407592986914819
1247193748586606594
1247336513127530499
1247465395541299203
1247194260639711232
1247194841936793602
1247830660410216449
1247194642971529221
1247214458323308545
1247257863208284161
1247469631230664704
1247194850266677248
1247195290446127104
1247200139158204416
1247519296198238208
1247194956214808577
1247288219735113730
1247195221877800960
1247196582274990080
1247432470938746880
1247548613192044544
1247195409447092227
1247195515277672457
1247315310765637633
1247231441198395392
1247195890613436420
1247329093193846786
1247353340423319552
1247196054254215170
1247196934848286724
1247198474036293632
1247200138474532871
1247249796160802817
1247316720156577793
1247452627920498689
1247477919909212162
1247198398635216896
1247198738470199299
1247200135483777024
1247200579345993729
1247200663311912960
1247203110952538112
1247208255081734153
1247209056432992262
1247215855294955521
1247233073143410688
1247237192856059906
1247238272348303369
1247274789405941761
1247277759056850944
1247343836780773382
1247348734834466817
1247386979236544512
1247403617704804353
1247413100720074755
1247438379576373250
1247206544631926784
1247226592591519744
1247234707714191360
1247235182748487681
1247236776613285888
1247249741219577857
1247289063331241986
1247303982357319681
1247312500560777218
1247319945186168833
1247320084206452736
1247324847979577345
1247326689534840832
1247330833783980032
1247357786695938049
1247358104938975233
1247365290108669952
1247370504014462976
1247381652231188480
1247391253525921793
1247395159039283201
1247397494016753665
1247402355928244224
1247403474955849728
1247405513958137857
1247409380615573504
1247465999709827072
1247485544864473088
1248099847120412672
1247324227910262784