1251571669040132101
1251571757439426562
1251571958749319170
1251572284063612928
1251572516541399040
1251572735051882496
1251572835220324353
1251572852198912000
1251573095263023105
1251573447261597698
1251573812698677249
1251574781960388609
1251575066862727168
1251575180339474432
1251575746503606274
1251576736392888321
1251576903829520387
1251577402699980802
1251578087201964034
1251578866751213573
1251579626436034564
1251581101967097856
1251581501164093443
1251581785961611264
1251581808552169474
1251581866290720768
1251582247095996417
1251583015337299968
1251583368879374337
1251584399445037056
1251584712394629121
1251584789053874183
1251586307454898177
1251587398196232192
1251587737658023938
1251590406816632839
1251591453765259270
1251591956980994054
1251592925689122817
1251593088205758465
1251595701248757761
1251598047030710273
1251598282222166016
1251600438220279815
1251601437240557570
1251601623555727361
1251601964741398531
1251602517827469315
1251602748870725633
1251605621666955264
1251606159355785218
1251606375026905092
1251606721295941633
1251611217380216832
1251611335462354945
1251612547398205442
1251613792883970048
1251614065459449856
1251614300969590786
1251618305980448768
1251621090927030274
1251621179661537280
1251621207465758720
1251621789840609285
1251622433393528832
1251623116641644544
1251623808907251717
1251626167997796354
1251629299075026944
1251637084428918785
1251638022837321730
1251640116604518401
1251642124862275585
1251647116985810945
1251650086683246593
1251654222074056705
1251654285580013569
1251654951161475073
1251655039233544193
1251658340670865408
1251660245497085957
1251662123777785858
1251662182900731905
1251663843518042112
1251664504817057793
1251665148504236032
1251665250375684097
1251665676370096129
1251665856750288897
1251668227047985152
1251668259142852609
1251669048808497154
1251669059386503169
1251669127996903425
1251669346902048769
1251671330891747328
1251672031617302528
1251672052504776704
1251672169429401600
1251674047840022529
1251675763377688587
1251676275334250496
1251676333832204289
1251677555737989134
1251677773095153665
1251677965513101320
1251680464676495363
1251680754431598597
1251681606755999744
1251683653614256128
1251684957992267776
1251686999557316609
1251687021543936000
1251688560417267715
1251689072206270464
1251689697262178304
1251691903281700865
1251693413017288708
1251695451738222595
1251697649260154881
1251698165851533312
1251699319029157888
1251703724503785473
1251706436255576064
1251707724586516480
1251708639196430345
1251708647802986497
1251709238864379905
1251709414362488833
1251709712829165569
1251715815218515970
1251716195713191937
1251716310527905792
1251717098729922560
1251723440178036736
1251725935944044545
1251727088899547137
1251729035484213249
1251733323174629376
1251734478592114690
1251734677125083137
1251736216875261952
1251739648214302720
1251739794566234117
1251743439240257537
1251744152083144706
1251745663089508352
1251748496815898626
1251752767158464513
1251757880753172482
1251758386841976833
1251766264747491328
1251769104203239425
1251769389705297921
1251770584347836416
1251771179607527425
1251771666075656193
1251772597366226945
1251772857983676418
1251772995447558145
1251773544716881921
1251775463325863942
1251776828718505984
1251776829607645184
1251781745793331201
1251782522024812544
1251791347301912576
1251795506692534274
1251807100726136832
1251807179566452737
1251809483220803584
1251812003116711942
1251817132733628417
1251818815756939264
1251824767197425666
1251826893416026113
1251827350939074560
1251827525942235136
1251830136791433216
1251831787371802632
1251840545090990082
1251844371168673793
1251845611709591553
1251846366927650817
1251847495564570625
1251849445953531904
1251850544362242049
1251860598108729346
1251871637357690880
1251873114490728448
1251877312708083712
1251878952685187073
1251887332594049024
1251911252949032962
1251915601972527107
1251919285141864449
1251938440842600448
1251939266680111105
1251959684510121984
1251968676867256322
1251982380132229120
1252004232489660416
1252029163290144774
1252036552886231043
1252049203456552960
1252051183583342598
1252070192349425664
1252080187203706880
1252100336837222401
1252112491682783232
1252116459142119424
1252122918156406784
1252149547846918144
1252161313771413505
1252163284184129536
1252164627791843328
1252165260460597248
1252175967751151617
1252177045888438272
1252184440597610496
1252185019747119104
1252193558603292673
1252199485725224960
1252201095750959104
1252208533111812096
1252218242115858433
1252220053992456192
1252221476511510530
1252222344656859136
1252227389368815617
1252227443810803713
1252236158089564160
1252275683285336065
1252326057295962113
1252486897307246592
1252487127956250624
1252551031134670848
1252582380524584964
1253629500870455298
1255203517775527936
1255812979083210752
1259081894940930048