1248661649667563521
1248882248901742592
1249009620179394560
1249141179817623554
1249146540159098881
1249727559543197701
1249803179098701824
1250077200826556417
1248671005691781122
1248675438613778432
1248678673839820800
1249274044748386305
1249282792434757632
1249547582084349953
1248669640219189248
1248671467086262276
1248672408233480193
1248672490815025152
1248675703773630465
1248676419372118016
1248684725662896130
1248694045137870849
1248701363183288322
1248709728475152384
1248715503855718400
1248727004305735680
1248728649047695362
1248729814464331776
1248745350963306496
1248823137929699329
1248865548957614080
1248915446364917761
1248931771351212032
1248984366560223238
1248991086376189952
1248999516583260160
1249006009718317056
1249037394403188736
1249037789062148101
1249057679420674052
1249199417783173121
1249376485368107008
1249412762553298945
1249472902925189120
1249511238662606849
1249679714060566529
1249682626484604929
1249804059424354304
1250091818483625984
1250197262942318593
1250498370403172353