1247587357295104007
1247589215568723971
1247591208010108928
1247594439079530497
1247596412323409921
1247597759152168962
1247599596265750528
1247603891446992897
1247617060336631808
1247626313709629441
1247630472349224961
1247682128017530881
1247594471056793601
1247594504284254208
1247594876100886529
1247595947347017729
1247596564048011264
1247596802917924864
1247596887042969600
1247596894924275712
1247596954059759617
1247597713224544256
1247598539083046913
1247599244162347009
1247600955534827526
1247601148267302913
1247602032619520000
1247603064237887489
1247603677268860928
1247611956690923523
1247616876655583232
1247619783161495552
1247622109032931328
1247625160934424576
1247628360328544264
1247629887583772673
1247631228351778819
1247631242591375368
1247635109894696960
1247635319224074241
1247635986194063362
1247655920777285634
1247662863486984193
1247665514194685952
1247674737511325696
1247680579908317185
1247682920501796864
1247697221459619852
1247699521854795776
1247735999721099264
1247777338726576134
1247778831567446016
1247784977590149122
1247788923109003266
1247792140727414788
1247839950772420608
1247877968279592965
1247882552242622465
1247885289332166659
1247895323516604417
1247956544336982016
1248013716517347328
1248603759414050816
1268681137448091649
1268682626287562753