1251261367534968832
1251261928799907840
1251262348247076864
1251262410175856641
1251263178748473347
1251264477300961282
1251265628167692290
1251267519186419714
1251278311805902855
1251288582880260096
1251293478270701570
1251298100565749766
1251326055358619648
1251334637017653248
1251336801479876608
1251354216104439809
1251357781791109121
1251362617077030912
1251362927770124292
1251365901221445633
1251391189409906688
1251392748923416576
1251399434925232128
1251416288024563713
1251417399078739968
1251418694934126592
1251419912104525824
1251431667295760386
1251437078539272194
1251442228905553921
1251443748296445952
1251445056264863745
1251456128686477320
1251459932538523648
1251462186611822592
1251462467202347010
1251465867927318530
1251475901168209920
1251476634655264770
1251488622844407819
1251498223514066945
1251512657552781312
1251533705161605121
1251541492411387904
1251542812857896960
1251567158737416193
1251568369041649664
1251569023789064192
1251576711327543296
1251584491518394375
1251591764802142208
1251606880457293825
1251613511509147649
1251629306037633031
1251654535476477952
1251657095310716928
1251899001059893258
1251942064398438401
1252032073864318976
1252094884724563983
1252177511372349440
1252203209936056321
1252589941760184322
1252593058044088321
1252601592903282688
1252605363989303296
1252781265402474498
1253322167711698946
1251262406925398024
1251262482259288064
1251264613980741640
1251265556210233345
1251276599275765761
1251289258473566208
1251292563732119552
1251299543368384512
1251330082104160256
1251346526607036421
1251347451266531328
1251348403344171008
1251354615213248512
1251355508671303680
1251355709570072576
1251375721278107649
1251397350255284224
1251402132374208513
1251403113442848769
1251423312921714689
1251442941895172096
1251446947363409922
1251455172405911552
1251455386529312769
1251456955245191169
1251467742617755649
1251491013803171841
1251514613834768384
1251537367376199680
1251538011738660870
1251547581382946817
1251567332499116032
1251569056957825025
1251578665114222593
1251721003102691329
1251725202376908806
1251781543996973056
1251805996063821825
1251825068843454464
1251870568032411648
1253700498051522560