1252391227313385475
1252391282405597193
1252391996888477696
1252396658312142855
1252398349501648896
1252416012512751618
1252431280148320261
1252445672667783169
1252448295466577920
1252451742870093826
1252478985318961154
1252485269279907840
1252491057289363456
1252498497598885890
1252500732663619590
1252517061819015169
1252523059300282369
1252527421393375234
1252569285282672642
1252580706557071362
1252589567602900994
1252611601854803968
1252615791498969089
1252628877333139456
1252690877035642880
1252772784125571072
1252393728024567808
1252393892034473986
1252416032939012097
1252567481102761985