1246045544193175553
1246046025980108800
1246046164279070721
1246046197824901120
1246046334412603392
1246047515016867840
1246052707992920066
1246053433347657735
1246056335394955264
1246057967318749190
1246061111662821376
1246091957723705344
1246092780281253888
1246103489387921410
1246116867070201860
1246138053208481793
1246150959085916161
1246160197195902976
1246192394934063104
1246204583040425985
1246236204825219073
1246255115817771008
1246275073117425666
1246328548467580932
1246334355376615425
1246345780744650752
1246347516960026629
1246348516089368576
1246353662034804736
1246362612591280129
1246367765662842880
1246381731596419072
1246384470749589510
1246395926094241794
1246423534236078081
1246461928257527814
1246465246266441733
1246468763404447744
1246692717444374528
1247045444552634371
1247080564147884032
1247081944732631045
1247119319227609090
1247142422167117825
1248137643470262272
1248169966681165824