1250570631965478912
1250508644694790144
1250508930196930563
1250509122023415808
1250510194859220992
1250510497964855302
1250511021908922369
1250511492220366850
1250513002018766848
1250513672939732996
1250515284114497541
1250516105623293954
1250516589012750337
1250516782806417408
1250518270152597504
1250520294927863820
1250520593566498818
1250520958428942343
1250526423883943937
1250527384194953228
1250528810522554374
1250531871894712321
1250538169709277185
1250542031220416512
1250544937294270464
1250546497348874243
1250559956962574336
1250579457133416449
1250593767121444864
1250599152452399104
1250643432437092352
1250647353922662400
1250780484696780805
1250862010214031360
1250866359602425856
1250868407521730562
1250910277580832771
1250992604482682880
1251090730170212353
1251107159288446976
1251125626460876805
1251156995500998661
1251166780317450240
1251358858452312065
1251596131802517504
1251624098221809664
1251699520615993345
1251862482932695044
1251889476156166145
1252248605139836929
1254825790077886470
1255923344156680193