1247253616831971330
1247253722012332035
1247254588874522626
1247255211070160898
1247255357489111041
1247255421506727938
1247257332880257027
1247258461139861505
1247259886934687750
1247261365565259778
1247262944481570817
1247264071113736192
1247277418827612167
1247279956553596929
1247283221017948160
1247292136938242051
1247319633100771328
1247319930783117312
1247322482425692160
1247324026273316864
1247341973817745409
1247345339092406278
1247377088270626816
1247399029866139649
1247401297973665792
1247413050610769922
1247424316662300673
1247428796501786625
1247435951065796608
1247461171973611521
1247523939732967425
1247528142152982534
1247531409691963392
1247534362406473728
1247536070004105222
1247538267970404353
1247553203106910211
1247561348277506050
1247677275467890690
1247814336766078981
1248029861136019456
1248306428994932738
1249625479625261061
1251171872412237824
1251503395300466688
1253744998027333635
1260168298307760128