1249050461178671104
1249050536265089026
1249059140263018496
1249060942266142720
1249081619790598146
1249083197549236225
1249179176239861763
1249234385322283009
1249244785946136577
1249268103328010241
1249358440410935296
1249449883502653440
1249690084431089666
1249691509273681920
1249692059218243585
1249060665752522753
1249061864891392010
1249062079287435270
1249062901668646913
1249063903511879685
1249070752378376192
1249073218226475011
1249074775051440135
1249086796534857734
1249115402753306624
1249119910732746752
1249141296977063938
1249186863572795392
1249219910116368384
1249265436551716865
1249270137208766464
1249534484090949633
1249578414350020608
1249944493572255744
1250299712793497600