1247283876524888069
1247283888747163648
1247284135917477890
1247284436770541568
1247284823049281540
1247285355365183490
1247287825692844038
1247290220380217345
1247290857558028294
1247292208660840449
1247293113493684224
1247304445563731969
1247305282813857792
1247318918810570752
1247320075591442443
1247322478671622145
1247326706383253504
1247328799206735872
1247330238096236544
1247330980840513538
1247335349631823874
1247336064076795904
1247336127435927552
1247338809290903559
1247339101163937793
1247341424514867202
1247345773894750208
1247348441812008960
1247349259331973120
1247350333094817792
1247351092071010306
1247353465791111168
1247357516167733248
1247362195031314434
1247363918982303745
1247369794984148992
1247371061852864515
1247373785478520832
1247376132518772736
1247376975716438023
1247378115225141249
1247380490455109632
1247380607744634882
1247382363211837445
1247384250287968256
1247384395633152002
1247385154416340998
1247385402014482433
1247385410063364096
1247387891434545152
1247388731000131587
1247389289907814400
1247390033314754563
1247391323780415493
1247391880209285120
1247392422096601091
1247394373504925696
1247394465700106241
1247394670210158592
1247396663825596416
1247398474947141634
1247398571848028160
1247400023186214914
1247400324949827584
1247400779541086209
1247401042364399616
1247401050954440704
1247401252209561600
1247403344500387845
1247404511397732352
1247404531865939969
1247404737210834944
1247404904752111616
1247405483561902080
1247406084249223168
1247406092096856069
1247406490622795776
1247407870989283329
1247408320140509184
1247410651284242433
1247411930278608902
1247412774541508609
1247413068008734729
1247414418369130496
1247414443325018123
1247417969665282050
1247418801517285376
1247419925544624129
1247420076837535750
1247420659107606528
1247420848115339264
1247421154190479360
1247421556583792640
1247422294798020608
1247423624325279744
1247428712703950849
1247429371050196992
1247429538843439109
1247429995628130305
1247431909094731777
1247432220534607873
1247433309182976005
1247433573784670219
1247433657243107328
1247433775266410502
1247433884922515456
1247434169292029953
1247434995406376960
1247435590481645568
1247436373679898626
1247437436017410049
1247437453364850689
1247438094942511104
1247439240423669760
1247439252582998018
1247439734672166914
1247439851982589954
1247440082899886080
1247440138084499457
1247440401570594816
1247442164482744320
1247442227644768258
1247443362547937281
1247443704522162176
1247444177362837505
1247444363543797762
1247446200128884736
1247446527632605184
1247446542711209984
1247446786563813376
1247446995394007040
1247448932667592704
1247450465949945856
1247450656757043200
1247452190261874690
1247453773724778496
1247454121143263232
1247454230421499904
1247455039758663682
1247455717000384512
1247456030067437575
1247456113747988480
1247456774103470080
1247457141939634176
1247457216363282434
1247457988492869632
1247458147968696332
1247458550940676097
1247458743337582594
1247459116429250560
1247459167671144454
1247460344714362881
1247460855635156992
1247461251812339712
1247461856790208512
1247462631503548417
1247464794820620288
1247464933798731776
1247465165584347139
1247465320731770880
1247465401291812864
1247466690839040002
1247467660524355584
1247467775863521282
1247468529248583680
1247468746588876800
1247468826566033408
1247470468539355137
1247470953543741440
1247471092752683008
1247471561445081088
1247472197939220480
1247472701574393856
1247474510095355906
1247474611119415296
1247475138875895808
1247475566388875265
1247475881590865920
1247476074985984000
1247476121207267329
1247476841817964545
1247477638098227202
1247478204488654848
1247479396652519425
1247479576621654017
1247479725116862464
1247479798387048450
1247480087999627264
1247480402576420866
1247480888822292480
1247481607860224000
1247481868104146945
1247482164683444224
1247482202830655488
1247482407021920256
1247482453737996288
1247482552719421442
1247483880078270465
1247484371596124161
1247485184049627136
1247485440711626754
1247485478191812610
1247485742353440770
1247486777901772802
1247486874677055488
1247487838930833408
1247488367593435137
1247488900064514048
1247490800059060226
1247490951737729024
1247491055961821184
1247491744318488576
1247492106337337344
1247492263300734976
1247492756798345216
1247495501756448770
1247496689306472450
1247498271414726664
1247498291723390976
1247499180546953216
1247499343977840640
1247500508606140421
1247500744934060032
1247500849611407360
1247501529042628608
1247501773050392577
1247502468151377923
1247502921811537920
1247503941186846721
1247505769647550465
1247505979534725121
1247506667387977729
1247509423196602368
1247509502863314944
1247510000232280066
1247510316566614016
1247511107834503169
1247511414949810176
1247511622307831809
1247512405069963264
1247512932998615048
1247513470276456449
1247514906112536577
1247515865316233216
1247516523658448896
1247518176428122113
1247518784904220673
1247519409448640518
1247519631419441153
1247519837359755264
1247522739725844480
1247522764954705920
1247523545581682690
1247524161880068099
1247524220579373058
1247524333318098947
1247524396618530817
1247525449321730054
1247525592154525696
1247526559365206017
1247526561122664456
1247526782430883843
1247529618040434691
1247530071255994369
1247530130563452929
1247530528430944259
1247530747415560192
1247531011019124746
1247532969503285251
1247533611391127555
1247533693318475784
1247534328550047749
1247534551246573569
1247535122171084805
1247535427382161411
1247536223289102339
1247536476402806797
1247536484577497089
1247537134682005505
1247538350833012740
1247539038703116289
1247539186225180675
1247539211520978945
1247540917830946817
1247541207703515137
1247542050767028225
1247542590653657092
1247544428647993344
1247546085473751041
1247547053787537411
1247548241513779204
1247548536964755456
1247548933418745858
1247551663000477697
1247554289649823750
1247554561209962502
1247555195015487489
1247556608625750016
1247557628257087489
1247559104366772224
1247560807346589698
1247561666889428993
1247565051978035201
1247565224179388416
1247567249285582848
1247567462704570370
1247568228727099401
1247571255999561728
1247572043924676611
1247572602106916864
1247575210414313472
1247577991301009408
1247578641246158849
1247579153093627904
1247582848770428928
1247583066769494016
1247583590868803585
1247583716689534984
1247586526751490049
1247587185512960001
1247587391067619328
1247587466112098304
1247587495866335232
1247589923936329728
1247590037866217472
1247590872482377728
1247592563210686470
1247597062679662592
1247603631697743872
1247604470005014529
1247605682322444296
1247606380795592706
1247607522787278857
1247607725422452740
1247609356172001281
1247610741160583171
1247612661484969991
1247615537552797697
1247618067955236865
1247618357534351360
1247618449658036232
1247619951214710785
1247621075372040192
1247622367762841614
1247626427123499011
1247629283545231362
1247636501900468224
1247638406420746240
1247639291179798531
1247639571799642115
1247641274531885057
1247644940622069760
1247647424820260870
1247653510100860928
1247655321985847303
1247658886556942336
1247660103479644162
1247664155307331586
1247669058625028097
1247673848536772608
1247674322921164800
1247678176458752000
1247680743574253569
1247682295693291520
1247701824032747521
1247709785132355587
1247713706659717128
1247721981660839937
1247724205266755584
1247727090813853698
1247742344834641921
1247743780121264130
1247767964582993922
1247769587220766722
1247780618290622469
1247787305206611971
1247788122907103236
1247789984209178626
1247807281896407040
1247814198899458050
1247814487228452871
1247945756281110528
1247961200161435649
1248010109877280768
1248067509145632768
1248170999331389440
1250035036319109122
1250067742826336258
1252278749380448256
1247286764210917376
1247286986500722692
1247287523279323141
1247291491535339520
1247297757376851968
1247316287661002752
1247352819679727617
1247353420136058880
1247377323676110849
1247380678657871882
1247391521005068289
1247434786005643270
1247531027578281984
1247537332099493888
1247538464091828224
1247581351164944384
1247608027584307200
1247608717719277570
1247814206423875585