1254897747402113030
1254897866796969984
1254898192682016768
1254898330683019266
1254898351990026244
1254898437356695562
1254898808686882817
1254898839166824448
1254899023040909312
1254899216369025029
1254899236384182275
1254899417213272065
1254899499547258880
1254899779542192128
1254900000485670912
1254900255990177794
1254900310784565248
1254900827208196103
1254901305493139459
1254901572775141377
1254901745714675713
1254902983269036032
1254904673435353088
1254904756730040328
1254904958677368834
1254908116933709824
1254908942020468737
1254909739835760640
1254910767255769089
1254911086324707328
1254911912476737536
1254914035079737345
1254915872272994304
1254917722321719296
1254917784774955009
1254921962373001216
1254923044000153600
1254923445080518657
1254925632640651264
1254926068906995712
1254927885019815941
1254928315996966912
1254928769963311104
1254929738004606986
1254929976257806338
1254933584269283329
1254941202023174144
1254944322354589696
1254949422670045184
1254949946882588673
1254950579757072390
1254951520208064512
1254960542155812864
1254963708431757313
1254964328350068737
1254964384087990272
1254965750793527297
1254966560063537152
1254967470311407617
1254968350804975616
1254971492359643139
1254971538928922624
1254972264589725697
1254973199978291200
1254974212462141440
1254974646014947330
1254979734196244483
1254982909561384960
1254984348094402564
1254984713204187137
1254985414185713664
1254985488903135232
1254985715177476096
1254987430958108677
1254990559640522752
1254991432282079232
1254994054338629632
1254995920153989123
1254996810495676416
1254997124908896260
1254997713898348544
1254998071576014849
1254998844359806976
1255000878425075712
1255001680040452098
1255002036007055360
1255007396390289409
1255007525499535361
1255008624780414976
1255008902246100993
1255010420965818368
1255012761261666304
1255013109921542144
1255015432479621120
1255018859251277825
1255023594456875008
1255023745468706818
1255024400404852740
1255027095975137282
1255030549791604736
1255032776258129921
1255033178923823104
1255037343054147584
1255040430409826304
1255049598751604736
1255052259769159681
1255057286931742720
1255057304610721792
1255058159871373315
1255058575262511106
1255060459037868033
1255060881999687680
1255069932255141888
1255071673226846208
1255072130670063618
1255077339441946631
1255077814233071618
1255081446386987008
1255083706479513602
1255086181928308737
1255087549111865344
1255087734395461632
1255095488723865601
1255096692719808514
1255111552828661760
1255118267573624837
1255119383275413506
1255119622451404800
1255127729671778307
1255131799006572544
1255132394639638529
1255149003999600647
1255149209566629889
1255152833655123968
1255155266288414720
1255157111664738305
1255159795797147648
1255165038463053824
1255179282801975298
1255184570380455938
1255185585783922697
1255190510634967040
1255190942929375233
1255191114509955081
1255191122994794496
1255194646269042691
1255196613636771841
1255199440509571081
1255204700506316800
1255206335454601217
1255207430394458112
1255208206739091457
1255209028508098560
1255209447451848704
1255209636363468804
1255209778336329733
1255210001624424448
1255211381676269568
1255211478300450820
1255212698243076098
1255215693802463235
1255218830420385794
1255225456569303042
1255225738376237056
1255229962606567430
1255231703074967553
1255232335420764162
1255233808636489729
1255239508129394689
1255257045072306176
1255259219500163072
1255270248955215873
1255275394967769095
1255278429127299073
1255295871912218626
1255296412738375680
1255309642411978752
1255312255010381825
1255312384530567168
1255313659301171200
1255314511294324736
1255319737699110913
1255338859308646403
1255340595675095040
1255352908222267394
1255360359105548288
1255362421130174464
1255369587920691202
1255370434532474882
1255378465706192898
1255384836610686977
1255385786406535171
1255386787620499457
1255394723545657345
1255395675237425153
1255399274013175810
1255405456761257987
1255412414813798400
1255415727936462848
1255428365290541058
1255444413326770176
1255450343783178248
1255453620134346753
1255459043407269889
1255464977634398210
1255474057841127434
1255474498771529729
1255485907127451653
1255489124297039872
1255493377795252230
1255505456061132800
1255514599585132545
1255521082850906123
1255570126847557639
1255888967288815618
1256293478939713545
1259380377594007552
1254900982754037762
1254910092811501568
1254912688234299392
1254922452796231681
1254922817797148673
1254935077928103936
1255011695531081729
1255048944754683910
1255151193153695747
1255207700364918787
1255208161998405641
1255208932215316486
1255210483466096641
1255210643415801857
1255212798885294080
1255218679291293696
1255250154489360385
1255407432655867907
1255750517273354242
1256504074280763392
1257385327553110016
1254899769635418112
1254900789593755648
1254902211689082882
1254902970052947970
1254976701949341696
1254976920623575040
1254978576711143424
1254984234696970241
1254984363533430784
1254985271491215360
1254987892998336513
1254997367033458688
1255007282351476737
1255027004367396864
1255051066749616128
1255064409355038722
1255068784215437312
1255079045823373313
1255082533735198720
1255191122722336768
1255332043279552513
1255487669204811778
1255509294834954244
1255512339043975172
1255749960437555201
1256173186045149184
1254905817817628680