1245397226194702336
1245401604754472963
1245403106352889856
1245403677080215552
1245413085269102592
1245439831641112576
1245441383479066625
1245489417260851201
1246211575435886592
1245403589989842946
1245404616440852482
1245405289043689472
1245406260255584256
1245406310335725572
1245406932019507200
1245406966689583105
1245410555361480705
1245410849289723904
1245411348260868096
1245411847467159553
1245411849195020294
1245413571481214976
1245415879174578177
1245417409152004101
1245422251735945218
1245423239293272064
1245423641572962306
1245433993375502336
1245446240818606083
1245451592821698560
1245454306310082560
1245457468731174912
1245474367968075777
1245502675241914374
1245503572562915329
1245503732541984770
1245504742903689218
1245505099004284928
1245520312285818880
1245534165971304448
1245545102975565825
1245560086468202497
1245590680191164418
1245664319158837256
1245730457997713415
1245973150677889029
1245974907898302465
1246216050737385472
1246257004223647745
1246361970585915393
1246396699351842817
1246623652323315712
1247003267437117443
1252427160515538947
1245433124944781312
1245411683943751681
1245404698443726850
1245406356921667585
1245406923282841600
1245410793740328961
1245444122154074124
1245461776352903168
1245465786069762048
1245491803664588800
1245558073797697536
1245588918533148672
1245656074037776387
1245404810121228294
1245644501609144321
1245404912000864259
1245413902424383488
1245453389787471873
1245571571462234113
1245696686741172225
1245892787532251137
1245405005038977025
1245406239401676803
1245656539613892608
1245405118968877056
1245508182971002880
1245405252289003520
1245405748672081920
1245416964534697986
1245577882518179853
1245405390105346049
1245407317513965569
1245418524517916673
1245518785630666752
1245870721126903809
1245405479368605696
1245412378440683522
1245412866842169345
1245592961456300034
1245593347265183746
1245593649703825410
1245608149798641664
1246630724658253824
1247050197420695555
1282092418188275713
1245405648256450560
1245405777487106055
1245406063291248642
1245406331516997633
1245406914994819072
1245430323321733120
1245503828889346050
1245406015069343749
1245406072434720770
1245406245479202820
1245406402564231174
1245406533669793795
1245413701198524428
1245406683351994370
1245441068788826113
1245406820711227393
1245406911903776768
1245449042617937922
1245546656726040577
1245553769397379077
1245615250704986114
1245406996838391810
1245408017777979392
1245426438263758850
1245904883628171264
1245407355883401216
1245407825389481984
1245407862861582336
1245408156135510016
1245413643203809281
1245418254681673730
1245427911471050752
1245428085287030785
1245431397604626432
1245433193798479872
1245435734678368256
1245443252473319424
1245445076815417352
1245447553379778560
1245453634915250176
1245462112090103808
1245468709575110656
1245469598721413121
1245475873320509441
1245476456744079360
1245481552995385344
1245482886167396353
1245487449490386944
1245495410778681350
1245502796549537792
1245516398526451713
1245528679528235008
1245530583943577602
1245534899991220224
1245542525559025666
1245542822960336897
1245544064260263938
1245544081062674435
1245545226317398018
1245551518138286082
1245552663237775362
1245563707100295171
1245564305698930689
1245565466917076992
1245572350583558146
1245573877821923333
1245574787830673413
1245595973553811460
1245601220615536647
1245602843844698112
1245603246153977861
1245603322305736704
1245604760880726023
1245617200267792387
1245617787592036358
1245642438397448197
1245646317201666056
1245665497804353537
1245712667018514432
1245733290746810370
1245736734299574272
1245747421013049345
1245759400217849861
1245941014143078400
1245407357791854594
1245413631543726082
1245422560667258881
1245430943881584641
1245435117289508864
1245440150269759488
1245451269726068737
1245476594954768385
1245532571800424448
1245551375217352706
1245570985702469633
1245588183393243141
1245775153721556992
1245999687246712833
1289100688044298240
1245407475739889669
1245419333075034114
1245421775506132997
1245422588542586880
1245435060406251523
1245440517770526727
1245453677160214531
1245456661659164672
1245511952069267458
1245524384619454464
1245525751765422080
1245542676067475458
1245579351464140800
1245599144640561155
1245601329906503680
1245603756386832385
1245629921428299778
1245716575446949888
1245737556253294592
1245758846611718146
1245801685982773248
1246098526184054792
1245408053702340609
1245408354824060928
1245408856768835584
1245408907071090693
1245443569059389445
1245487701438148608
1245421280188219392
1245421850580090881
1245429769442856964
1245434244760911872
1245434982845177856
1245437180937289728
1245445314653413377
1245450267543384075
1245450556430266369
1245451022249668610
1245465664350978048
1245467694746546180
1245469988984705025
1245477090524364800
1245488976275705857
1245521872118337536
1245548384376635392
1245571515963170817
1245602508388446208
1245636067203538944
1245654500506882055
1245777359770472448
1245904724563333120
1245905156132175873
1246364998856839169
1246395877243195394
1245422687314276352