1251196010858233860
1251184682038747137
1251186393444782082
1251187454612312064
1251189303746543616
1251499200430379009
1251193334695067649
1251196993252347904
1251197898274099200
1251198343121981440
1251198576476160005
1251199760167567362
1251200116985389057
1251200739579478016
1251200926662230021
1251201102281871361
1251210434868391941
1251210535393128449
1251211022196760576
1251212464953278465
1251212552836694016
1251219772840144897
1251225891184742400
1251226612252590085
1251229040582803456
1251238247017185281
1251240864443035648
1251242089033224196
1251245389728153600
1251249182326784004
1251254185821040641
1251255104696545282
1251255163396009984
1251257587011653633
1251264017772904448
1251273051989250049
1251273073166364676
1251285202607001601
1251289795545845760
1251292647966281729
1251295403582111746
1251296565647441921
1251296875417874433
1251309702014615553
1251314917606486016
1251315552670429184
1251317096438349826
1251318782309662720
1251330929638981634
1251331583493079040
1251335270177427456
1251349140644130820
1251361404059291650
1251361799732989952
1251374888646070273
1251380678211465216
1251384980690755585
1251390660826984448
1251394292603478018
1251398545921290241
1251408213599301633
1251408888433455105
1251411493993627648
1251416858135343105
1251428803139629056
1251446507062116355
1251486538321428482
1251499770390228992
1251508913981100038
1251774926748442624
1251861666981195781
1251867889134702592
1251921998592323584
1251972976385417219
1252062373323497474
1252383238330265601
1251192157135876096
1251192545922736129
1251198768189444096
1251199889834414080
1251203690104528897
1251230391677202433
1251233881086259200
1251236321865027586
1251250104708800514
1251280365840449538
1251292845303926784
1251296300840226816
1251192322865410050
1251287044208418820
1253527942795321344
1251192458429509632
1251219679269412865
1251296904765485056
1251193477142056960
1251195201592479752