1251701303316811776
1251712620949721088
1251698341261516805
1251700678197739521
1251700922029400065
1251704135046639616
1251704855497932802
1251705220213530624
1251707606864998400
1251712912818831362
1251713097871560706
1251717959023767552
1251722679259987968
1251726519447281666
1251727580291641346
1251742887483604992
1251763710424518656
1251782286250475529
1251784479997341696
1251784823619776512
1251787693362577409
1251808719903567875
1251810236995960832
1251872686034296835
1251883976806952960
1251891351005868032
1251898900450996226
1251930496302559243
1252406444860686336
1251701143983362048
1251702892286881792
1251703084356681728
1251703848575647746
1251773764284698624
1251810203353432064
1251812120691425285
1251706529855619074
1251707388756930560
1251717696980430849
1251719415755751424
1251810116707463168
1251901546838863874
1251706000387837954
1251708852585758720
1251721566867591169
1251721948876374016
1251723256601731073
1251727806440124419
1251744889663938561
1251746227793932290
1251753270655188995
1251756152242802689
1251767455736672256
1251784346123419648