1247495304796090369
1247495497817956352
1247497858921541632
1247497918455652352
1247527298829406208
1247532645900111872
1247565002531274757
1247580117813080066
1247607486204375040
1247621180296769536
1247649823072935943
1247666951934996480
1247710556976537602
1247912116700491778
1247503545160646659
1247503646213976066
1247505140828917761
1247506021607788545
1247506663214637059
1247507057378541568
1247507205156462598
1247507254817021952
1247507429048365058
1247507707353018368
1247507758435500032
1247507931752321024
1247508484633092096
1247511775836332037
1247512117835698178
1247512744888168448
1247514850470907909
1247515034877493248
1247516695867977733
1247520992915791872
1247521636879745026
1247522069018902528
1247522647790858241
1247522882164408320
1247526132749987842
1247527052531494915
1247527966155784192
1247528915255476225
1247529610704588804
1247534328793296898
1247534827521200128
1247535460248727562
1247538238257893377
1247545124684312577
1247545139062616064
1247549398797541376
1247552548522819587
1247552984847876099
1247554721130246144
1247555862417326082
1247558395516932096
1247559112625250305
1247559417937223683
1247559570207068160
1247562309163274245
1247563202222669825
1247565031966937095
1247567086261391360
1247568052633436165
1247570240285933570
1247571712343932930
1247572424444559360
1247575847931961346
1247575852130451458
1247576028421206025
1247576433481973761
1247578675400200193
1247582512441778177
1247588163582918658
1247593367501828096
1247593912505643009
1247599340794843137
1247602368742486017
1247603107237974019
1247612645093584898
1247614807660023812
1247616024968642560
1247618734677770242
1247625630407147524
1247627849139286016
1247641245922365441
1247646878478499840
1247700826073657344
1247717670767730688
1247733835678220289
1247734249953865728
1247749815615647747
1247910239434878976
1293500572184858624
1247506981730074625
1247507959136923651
1247522878309797889
1247531619457490946
1247532272816812043
1247543231224500227
1247567203551019010
1247506533799399424
1247506694176989184
1247507010133819394
1247507153126133762
1247507766501158917
1247510890750054400
1247507338778607617
1247507500183805953
1247514410291097600
1247540849136660480
1247507711304089600
1247823681880903680
1247507957979533313
1247508411236917248
1247508641063809025
1247557019856445442
1247563877581234177
1247608438357741571
1247617489183391745
1247631921871564800
1247648963030921217
1247671666978816004
1247679086937473024
1247698544334483456
1247718857407684616
1247748729936863233
1247521712419241984
1247556062099705859
1247655464432619521
1247701082148499457
1247725963221311491