1248684138380562432
1248690781595955200
1248694813173485568
1248694962167971840
1248735114806415367
1248753080683753472
1248756070811455489
1248794029891846144
1248815852675387392
1248834051365933059
1248838195082481665
1248844944367915008
1248845876090376193
1248855128079245312
1248869786978668544
1248871511676649472
1248876262401212416
1248877525478060033
1248878440771653633
1248881446913060865
1248889773227417600
1248890086978211840
1248907900820520961
1248908255977451521
1248909074940547072
1248909228766638080
1248910405738450944
1248912263215448064
1248939194346594304
1248950879723630592
1248970789560467458
1249001290467688449
1249005789836120065
1249019787855921153
1249266992797884416
1249283153501421568
1249944658181885952
1248683978242035712
1248683987062738944
1248684014908477441
1248684438432686085
1248684876867354625
1248685023630438402
1248685195630383107
1248689100640661506
1248701302147887110
1248745543460888577
1248791177232388099
1248826732435537921
1248829752854695936
1248888271691812864
1249020328401154048
1249385089793916935
1249708383608999936
1249750137922105346
1248729889735208960
1249100846932971523