1255122064270331905
1255138808200216576
1255143307774095360
1255176086188634113
1256072249821425666
1255112627296120834
1255112844510666753
1255113902511263744
1255128325535625217
1255142694919172096
1255144343578411013
1255112646963220484
1255112831999057921
1255113061364576256
1255113428085030917
1255114052423938050
1255114472223420419
1255114506201677824
1255114866253332482
1255115226451714053
1255125674857299969
1255126257404174336
1255128238273134599
1255169225011822593
1255288787673980928
1255113192147169282
1255169203310481413
1255113193313222656
1255113870320033792
1255167380445106177
1255173662136840192
1255465195717214216
1255473928476200963
1255486079676887042
1258139206771245056
1255114049630633985
1255117504638304260
1255114179545088000
1255114521783517184
1255114630961270784
1255134289831661572
1255115244269178880
1255116241875984384
1255458279465062400
1255492243785428994