1250938955614375937
1250939252361191425
1250939298851012612
1250939495936974850
1250940640755478529
1250942167503290371
1250945249461121030
1250948466878099457
1250948589284720643
1250948610017157121
1250958398880972804
1250961146707771393
1250962287789293568
1250968268568813568
1250971356197384193
1250978116920471553
1250980398797975552
1250990309699276801
1250993606673879040
1250994579224039424
1251001856689500160
1251004239444193287
1251009885195493376
1251010630733172736
1251013919256252416
1251016398282690561
1251051684916154377
1251066645990211584
1251069483126370304
1251074816150507521
1251102297721102337
1251116000126402560
1251141161583927296
1251151085823078400
1251156410315890695
1251156878513434626
1251159929634697220
1251160618989576193
1251160637104766979
1251160972049317891
1251161019998601218
1251161588322586631
1251162286019850245
1251162632817528838
1251163743758712832
1251168030408814593
1251169221985239040
1251169333411106823
1251171914594353152
1251172090700423168
1251172739529965570
1251172945419841536
1251173546027606017
1251173801976619008
1251175198453268482
1251175923912753154
1251176095975649284
1251176377212186626
1251177391843655681
1251177804756127744
1251179195457327104
1251182815405920257
1251184732425138180
1251185612729835522
1251190725510717447
1251190973352349698
1251202755416461312
1251202792603021312
1251210027744010242
1251212435270373376
1251215287715631104
1251228155697750016
1251230190027657216
1251243896916660225
1251247474431397901
1251249903688470532
1251258145336246272
1251259873498628097
1251272259764916226
1251275887460454400
1251276260178890754
1251280160957124608
1251284586719408128
1251291737315635203
1251292685283057665
1251307927476088834
1251334733079822337
1251347123196563456
1251356959019859969
1251370397825523712
1251376488126930945
1251385358950023168
1251385820478611458
1251389011454603264
1251396477584199681
1251412747750801408
1251413393157713920
1251416044914302977
1251418728748724229
1251419222560911360
1251420126500585472
1251420515459268608
1251423321339695106
1251423884181737481
1251454998178926592
1251456753927098368
1251462919558254594
1251464337316737024
1251466133053616128
1251470291336921089
1251471601608122368
1251471862271483907
1251472041988861952
1251474889959186432
1251475033110663170
1251475665414688769
1251475884600590337
1251483198665572353
1251485796130906113
1251489554210553856
1251494837754515458
1251496117298176001
1251498971287126017
1251502764804497411
1251503918951079936
1251522298261069824
1251530900845858817
1251531106094141440
1251532809535094785
1251535170269741060
1251537217127878656
1251537356198305798
1251537561815638016
1251537833870966784
1251540820546605056
1251545148959281154
1251547175601012737
1251549292914896900
1251557781913681925
1251558235292798976
1251558272961634307
1251560163095523329
1251566728401711104
1251568775176085505
1251569878017822721
1251575847107981313
1251583702683062272
1251590069657501697
1251608277055668225
1251608279727423489
1251631648011059200
1251634492059512832
1251683162436050945
1251711453481988096
1251782571790266368
1251863638803087360
1255203546380644352