1250471818043023362
1258065680613675008
1247531078526500869
1247533498832785410
1248493680618438657
1249801471161442308
1256740436749758470
1247547844942315520
1249442309525078017
1250840028571369473
1266157747696893952
1303211224692269057
1247557120574308352
1248457302476075011
1249839533228728331
1263656143471214592
1247750885461000193
1248399638895292416
1248474980863455232
1247545969736024068
1247577652065640448
1248150161815207938
1249793018279968774
1249953628489764865
1247549721742315526
1247568515940278278
1247772854835236866
1248438021155741696
1247572836954320896
1248459768831725568
1248495890752389135
1258781632451842048
1247830333304614918
1248447105670103044
1255984656245125120
1249462115825594368
1251345734986760192
1255373365390520321
1256640234051133440
1260026384186961922
1263273311712264193