1249953163618074625
1249955239891009536
1249958134187057152
1249963506394415104
1249965976205930498
1249966845156683778
1249967026057199618
1249973107240009728
1249983806372605952
1249986398960021504
1249990944750854145
1250025581674221568
1250050588194287624
1250120303751188480
1250126559316500481
1250133572591079426
1250155290411991040
1250200203681906688
1250209347017117696
1250213042522140672
1250227009155780609
1250231220685832192
1250231401049276416
1250241533636268032
1250251616780873728
1250252791915909123
1250260954463567872
1250261188279238656
1250263340531593217
1250285843136122883
1250297287605018629
1250302263299420160
1250303185723379712