1251181187919491072
1250037473666838530
1250148621820944385
1250168785316823040
1250169119841927168
1250202866557407238
1250203838847451136
1250215049664266243
1250222081062526977
1250245996594057217
1250254507696631812
1250263617695551488
1250303380443893761
1250474564410200064
1250485846395875329
1250486621323112450
1250488905364901893
1250493296763265024
1250580693719175168
1250656056428167168
1250951553961222145
1251252814409580547
1251267875857285120
1251328330273611776
1251361912421584897
1251585158601420804
1250037338362777601
1250060024275243011
1250060738841972736
1250409949177548801