1253671084630704134
1253671211239796738
1253671221041848320
1253671518728589314
1253672248285769728
1253672483187810305
1253672826931838979
1253672831545683968
1253672977008259072
1253672978145050624
1253673348627927043
1253673968080470016
1253675181614206979
1253675468844384256
1253675685857701889
1253675706208391168
1253676387766079489
1253676576560107522
1253677952908361728
1253678650626637825
1253678665050841091
1253679856677785600
1253679860003876865
1253679936512106497
1253683959742922752
1253686508684374018
1253687108281098240
1253687540411965440
1253690243120848900
1253693273887199233
1253701612742291459
1253703969458794497
1253703982834425858
1253704015814197250
1253706116330131458
1253706834285862913
1253706947280490496
1253713591016001539
1253714191136903173
1253723706125410304
1253726544524120069
1253730960094269441
1253731484738949121
1253732335704399872
1253737876292059136
1253744046335549493
1253760056174223362
1253762900021391361
1253766821418643456
1253772475206447106
1253774832929513473
1253782181144678402
1253787486188380163
1253831837274836992
1253874300534378496
1253893334311018496
1253903044464402433
1253905178975023105
1253920102765916161
1253921361396764674
1253922128232984576
1253926372071727104
1253931586950778880
1253936632178397184
1253943247027621894
1253958375047495680
1253977031957774336
1253986640667611143
1253988151875551234
1253988658002251776
1253988701182537735
1253988936067756032
1253989099633102849
1253990588183183362
1253995839904796672
1253996497810739200
1253997369839939584
1254005607570575361
1254006418103025665
1254006852909662209
1254006966734610439
1254027799733600256
1254048288669462528
1254055607755321347
1254072433973264384
1254074066258059267
1254088666441379842
1254106614946095104
1255032519918903296
1255505024710594566
1257459637466673153
1253671169976303618
1253671813021753347
1253693454506430465
1253847067346124805
1253671256932712448
1253675783786299392
1253716695304241153
1253865198785646592
1253671324792369153
1253671466077388803
1253672621222367233
1253673665927041027
1253872300828450816
1253671467222532096
1253671597543735298
1253671736530386944
1253686244715839488
1254235282997575680
1254368348101632000
1253671667093721088
1253686496852238338
1253672097269899265
1253692533412151309
1253800174150914048
1253675702005760001
1253691018140168194
1253694591854948356
1253723528282746887
1253772135849431041
1254105539639984128
1253676710672777219
1253676911689154565
1253686564753936384
1253688249534595072
1253743460953346053
1253745470888800256
1253788629601857539
1253800854454501377
1253935898523205633
1254799285775974402
1256307466641403904
1257004677117480960
1257030836538544128
1257203898542063616
1253677860344266753
1253697801831297024