1247911323356336134
1247912625872265217
1247912846391791616
1247913057596010496
1247913166652100609
1247913590255951873
1247913669922414592
1247914176934301697
1247915317399031810
1247916748688560135
1247919470326296582
1247919638337519616
1247920577807093763
1247924583719526400
1247925020057190401
1247928400423108608
1247931290483068930
1247935681483214848
1248129203301543937
1247982469120495617
1250175607977230336
1247911576448925697
1247928513598033927
1247941956526882816
1247949247846264832
1247952393834291201
1247977499264520192
1248275021648232448
1247911406948794370
1247913619565789184
1278748447802134528
1247911471180374017
1247912034349563906
1248059854104801281
1247925718840991748
1247925809215660032
1247912034479505409
1247913006996094978
1247913405383614466
1247961942502674432
1248814954397880321
1247912285823107078
1247912460805459968
1247913993013997568
1247916157602070531
1247919055182467077
1247922784170172416
1247922851270627328
1247927841213288448
1247946674741354503
1247954044330655744
1247992187226333192
1247993021460709376
1247997550549823488
1248081136229576705
1248219128487456768
1248251848223420418
1248270457163452419
1248306539124809730
1248714082623975425
1247913523356860417
1247913594412466176
1247915192412848128
1247916227969929217
1247916346370863114
1248019509568401408
1247913149992513538
1247913739514494977
1247914567478345728
1247914668129226759
1247914692179263488
1247914860295282688
1247915184355672069
1247916143051866112
1247916147506364417
1247916971061956613
1247917003811074049
1247917096778039298
1247917193045495811
1247917235202592769
1247917285559414784
1247918073803345921
1247919420229353472
1247919558851268610
1247919630259228673
1247920049194700800
1247920762608123912
1247921369569996802
1247922843045761024
1247923748830937088
1247924353041219584
1247924625637605378
1247924902075568131
1247925191964938240
1247926160643801089
1247927137862123521
1247927850855890944
1247928345989390343
1247929348172025857
1247929444393799681
1247929696576249856
1247929822178938881
1247933139273633797
1247934049747750912
1247934087261589506
1247934218400759808
1247937136973598720
1247937547889782784
1247937787086565377
1247938112577298434
1247938152003776512
1247939250869460995
1247941275220946944
1247941348080021506
1247941460193771521
1247943307214422022
1247944792023207937
1247945730414821376
1247948872879501314
1247948981201776645
1247949694749245443
1247952886975389699
1247953172246802432
1247953863660818434
1247957152536219650
1247957366215020545
1247958192421629956
1247961820666695683
1247964077449719808
1247964706565836803
1247966149288931328
1247967617177939968
1247972033763225601
1247972776935211014
1247976341087170563
1247977280665608192
1247979017413656577
1247980154586087424
1247983211558449152
1247983282521886721
1247985044884533248
1247985405191839746
1247986554548690952
1247990995997937666
1247991499926712322
1247992524657971200
1247993718516391938
1247994431958990849
1247996163942486017
1247997858051166209
1247998842051723264
1247998936054247424
1247999019630178304
1247999494202916865
1248001209350291456
1248001448190738433
1248003113438425088
1248004606468096000
1248004631826845697
1248004882784612352
1248005764792209409
1248006195798880256
1248011019995119617
1248011695550681088
1248011838073106434
1248012101441818626
1248012491805736961
1248015038247514119
1248016206197481478
1248019010219728897
1248024546319294465
1248024710316568576
1248025666668331012
1248031370473078784
1248031685515644930
1248031962272423936
1248032411453198337
1248034206803881985
1248034567446908929
1248034994917793792
1248039570299551745
1248039788529082368
1248039822104481792
1248043391558062080
1248048538052898817
1248049129143570432
1248049167181565953
1248049196948697091
1248053088725827584
1248054594912931840
1248055568197009413
1248056050252566530
1248056632728104960
1248056696598974465
1248057744466284545
1248057878075727873
1248057903245856768
1248058163812655105
1248058531162406912
1248058561990664194
1248058717544648704
1248059128901013504
1248059795006992389
1248060634656378881
1248061179685220353
1248062224138043392
1248063075988566016
1248067332754161665
1248069144580243456
1248074735537147904
1248075871757336580
1248076422091911168
1248076534851571713
1248077000712925184
1248077012746612739
1248078296153292801
1248079127011303425
1248082574515171329
1248082931639148544
1248083858219839488
1248084454054088705
1248085087687602176
1248087554080948224
1248090288012345349
1248090497903722496
1248091118803267584
1248091425037643777
1248091458558623748
1248091697478852610
1248093262092500992
1248096600812969984
1248096903121850368
1248099734377488385
1248100023109160961
1248101960697491456
1248102464592601089
1248104632334745600
1248104657601216513
1248104763314434048
1248106730556280838
1248106934819045378
1248109825898065920
1248111767429021698
1248112421786406912
1248113343895724033
1248113563299770371
1248113612486369282
1248113709337042946
1248113864736210944
1248113952380391424
1248113994285502466
1248114988020985857
1248115625630797824
1248116200141230082
1248119367319072768
1248119593773568001
1248119774208577543
1248129933144031233
1248133380148883456
1248137767411802120
1248138523695169536
1248138887790120960
1248139407820853250
1248139592106196992
1248140150204510208
1248140570653904897
1248140809498591233
1248142586855841792
1248142808851996672
1248144718388580353
1248145175316176896
1248151063607164928
1248151210697220099
1248152241984491520
1248154368605442049
1248154466068467712
1248154515645304832
1248156575522377729
1248160543019372545
1248162271215271937
1248164440794529792
1248167215523696642
1248168818523779072
1248175249063129088
1248176019321823233
1248177450091032576
1248177776932212737
1248177889578635264
1248180676584603648
1248182081416581120
1248183507236483072
1248184445955239937
1248184999733493760
1248186547205218304
1248187226615197697
1248187935117082624
1248188624799256577
1248191203503296513
1248192692980461570
1248192961126395906
1248196689216671744
1248199508405583872
1248203093956837381
1248204357146992640
1248206612768030721
1248206650902626304
1248207220694605824
1248208375256690689
1248208538465382400
1248209569626509318
1248209683413790720
1248212120434429953
1248214561376755712
1248214791786844161
1248224313100001282
1248226061638402048
1248226255209553922
1248227303785717760
1248229727749496832
1248232059820290049
1248236207861108736
1248237918965170178
1248242638047698946
1248244172907089928
1248245779271020544
1248248568961327104
1248250043754143746
1248253232779898880
1248253853444653060
1248258659764723712
1248261247520423939
1248264489809707009
1248268785150238720
1248270173175455745
1248275559139901442
1248276114524344321
1248278360641302528
1248280122265726982
1248281342908887041
1248283356363493377
1248285260502011904
1248286233303740416
1248289374808223744
1248290104684118016
1248302948045582337
1248303371078918146
1248303798533140486
1248305036532187136
1248307090919063557
1248315016731693056
1248321612216037376
1248325810626297856
1248327426008023044
1248333364966445056
1248337051490996224
1248415200274821120
1248517528160100352
1248933373235482626
1249324600992903168
1249994322847490049
1247913824436531201
1247925183404531717
1247925707658932227
1247933536666976257
1247945890393993224
1248025818103767040
1248047455947517953
1248063163255394304
1248121230164549632
1248134021868957696
1248189621441355779
1248347164373209088
1248496867467386886
1249227989897773063
1247913899615293442
1247915133520809986
1247917414442041349
1247918119185768448
1247970388207751170
1248083639880966144
1248127676126126080
1248143274545541123
1248190587582533633
1248225500297920519
1247913968632573952
1247927133781086211
1248072425046028288
1247914055286865920
1247915037567713286
1247931703110352896
1247931976092397571
1248176734895251456
1247914219678334977
1247940584167309312
1247992044703842304
1248250778969612289
1250854139095142400
1247914671862157312
1248143882635718656
1247915373028130819
1247915608076890114
1247951087493091337
1247964917040394240
1248029626300895239
1248047414033833984
1248094951918927873
1248204212632256512
1247915540812873731
1247916608523309059
1247918740664172544
1247927049953648640
1248116834391351296
1248154884177682433
1247916497260949511
1247916530052075520
1247918950748311553
1247962676501725184
1248082867977990144
1247915985409052672
1247973477321248769
1247916532166012928
1247951184280932352
1247916534397313024
1247916536205053961
1247917663055220736
1247916538180644867
1247918522782502914
1247918672775168001
1247918887527682048
1247920007654199296
1248144180519432193