1247011382136123392
1247011455586766848
1247011517381345281
1247011714748633088
1247011739910078466
1247013439047970816
1247013523382624263
1247014486663290880
1247014646101360642
1247014702502346752
1247014822706847745
1247014868458196992
1247015092975071233
1247015728068399104
1247016390088769536
1247016471215120384
1247016500612890624
1247017515068211201
1247018409117786112
1247022028093177856
1247025608372019200
1247025900320739328
1247026166470451201
1247033748367069184
1247050088792436736
1247063598494388224
1247066815831969793
1247088340609822723
1247106383977353218
1247111739868475394
1247128113378725889
1247142308421570560
1247167679317733385
1247167965507850240
1247169600506212352
1247170023933612032
1247175879224107008
1247365726719049735
1247448442076450817
1247524615141740546