1248546846894587904
1248548262291726336
1248548491292368896
1248549218844692480
1248549304589049859
1248550691947327489
1248550847895617536
1248550896201601024
1248551371068014592
1248552000431808513
1248552764407533568
1248555700818546688
1248567436510552064
1248567453367615496
1248570234459443201
1248572259725271043
1248579895594291206
1248595282306019328
1248546962837733376
1248546998069768193
1248547082723622913
1248547240777592832
1248547699319865344
1248547820254224385
1248547904048050177
1248548613296402432
1248548342168260608
1248548435470561280
1248548534896427009
1248548640693641217
1248549081993093121
1248549242211270662
1248548854200483840
1248549129816506368
1248549214612852736
1248550445490069506
1248551053215305735
1248559517765382145
1248565225558691840
1248549766541316098
1248549928038735872
1248550051493879808
1248553543033925633
1248550317177942016
1248552722611286017
1248555322748227584
1248556089295155200
1248564143810121730
1248614365554544640
1248551033187467270
1248552813292109830
1248565691613097984
1248724316763697158