1250641684116803584
1250726647394783232
1251182169818611713
1251304706409820160
1251306266703491072
1251314815416643584
1251343298775486464
1252204120506863622
1252392963289698305
1252457338512068614
1254314061354938369
1254501856300204032
1255307456512765952
1255676290696384514
1255740431184338947
1256425041383882755
1256446659640176640
1256455060080537602
1256669865575923712
1256758547750281217
1256836587360526336
1257065616713940992
1257131084938084357
1257332856562561024
1257650000571576323
1258188663000723457
1258241292066344961
1258410784025174018
1258540967050612737
1258562792191332358
1258961622988722178
1259272147068956673
1259292179786317825
1259365840186556422
1259459716960444419
1259820460931338240
1260044352937758729
1260269481189875715
1260364084274270208
1260426348226662403
1260800636075020289
1261055640920719360
1261120300240027659
1261120950386544645
1261372877342900224
1261418528193736704
1261426081862541313
1261467517496766467
1261469199307808771
1261469288097071104
1261507170014605313
1261510911514357760
1261637144331915266
1261663526873161728
1261876986399653891
1261938622116364288
1262096474332069890
1262110839877795844
1262124764157620225
1262125301397626881
1262126010797096961
1262890460923691009
1263955801057693698
1264025099956563970
1264111909453922304
1264170997978021888
1264898416108359680
1264922640466223104
1264943127237931008
1264944256009089030
1265037326083862529
1265059120551464960
1265143536061685762
1265235072178929664
1265898615140044800
1266052017090371586