1247470644926840833
1247877103707717632
1247896503466651649
1247905159407005696
1247476917021872130
1247483116110991362
1247486213373734914
1247486565112315905
1247519669423988737
1247902647484420096
1247903427381739520
1247905225719062528
1247947110181416960
1247480264311418881
1247480435397009409
1247483078018285568
1247485812805156864
1247485866051866629
1247485997425790977
1247495820993159169
1247497817121316869
1247498744721035270
1247501227379875840
1247502481627713536
1247504767682830336
1247505177982230534
1247511361019666432
1247511808103022594
1247512023593877504
1247514468768251904
1247516184506859524
1247518327158624257
1247518461753831433
1247518511930511360
1247519156825739264
1247519297825460227
1247519308835512320
1247521691577618437
1247521976308006913
1247532201970782211
1247533132602986499
1247551224947396609
1247556269076070408
1247558786149224451
1247595607528742913
1247635138592137216
1247641408317673475
1247645088110395392
1247766911326121984
1247838160219803650
1247896557430534144
1248120704748437504
1248725951111929861
1275794747936866304