1253375676163543040
1253466385025359872
1253981755129958400
1253373991034724359
1253556893915766785
1253471987273535493
1253472536765050880
1253637260592975872
1253570209014845440
1253616079747899392
1254034120088227842
1254034287558524929
1254034393833836544
1254034930448900096
1254038307576647681
1254039006423195649
1254040726574374913
1254040881579114496
1254040957084934145
1254044412956549122
1254049521497243648
1254053863084175360
1254054861303427075
1254060389186383872
1254065263340711936
1254065782864187399
1254073828088700929
1254101777340747777
1254124398342287360
1254140957835984896
1254217402927198208
1254244934946885634
1254268003752873985
1254275573909610496
1254282948054069249
1254310876913569794
1254406188554350592
1254698309093978119
1254796989029429249
1254351101207416832