1245465064347512832
1245465165232893952
1245467631345455110
1245474464256544769
1245476129554694146
1245497692098363392
1245501819176005639
1245509679439990785
1245517917342568454
1245525144195477504
1245535885459746816
1245545041692692481
1245551588724232195
1245580840198791169
1245615430317666304
1245624326637801478
1245632511918530560
1245650821783515136
1245651866802728961
1245671730917658625
1245680366414897152
1245682141159206912
1245696237006983170
1245747226544087041
1245758622749032448
1245771924267061251
1245772112742268934
1245826479851741186
1245858909920718850
1245859362922352643
1246037247222263814
1246070566806790144
1246092813642727425
1246111574697312258
1246282408988741633
1246319910147375104
1246451443638378501
1246480061190090754
1246557840233431042
1246558607988215808
1246563087685160960
1246621169857503232
1246682567090331648
1246688736185741312
1246780574863409161
1246797454495723520
1246989639467929602
1247015841306038272
1247017427327647744
1247103976446853120
1247318925873946626
1247359871009337344
1247403865345048577
1247455774130835458
1247460161687441411
1247460643709411329
1247512664957427714
1247558223802105858
1247647428263792646
1247671285628334080
1247760007698898952
1247793332127850497
1247961346840211456