1246864184249397248
1246864188896686080
1246864519361511425
1246864691181293568
1246864742779465728
1246864945251332099
1246865036133318656
1246865311774752769
1246866205186625539
1246866931233234945
1246867631434543104
1246868235410120708
1246870640331800576
1246872231017426944
1246872696987713545
1246874015659995137
1246874699231100941
1246877446458261505
1246878612860657669
1246878675301216256
1246879128227328007
1246880353471643649
1246880482819821568
1246882408265207808
1246883590979432450
1246884325104254978
1246886967284883456
1246887985280438272
1246888315015409665
1246888616225169409
1246889706131845120
1246890000089833472
1246891226088869890
1246891673118007296
1246894206708146177
1246895397697708033
1246897652765265925
1246898057117040646
1246900619912204288
1246904046826344448
1246905971559010306
1246908685428772865
1246908726797307906
1246917498982760448
1246917647914225664
1246919146031308800
1246920588721037313
1246924636677222400
1246936581543538688
1246947390717857792
1246950448394678273
1246956197615489029
1246958866514001920
1246965300811239429
1246968091768168455
1246970564314460160
1246975840262295553
1246979317319512070
1246992291228770304
1246996732744839168
1247027662041817088
1247037502550085638
1247037593264386050
1247045717484400642
1247049404885995520
1247057554066345986
1247068290943520768
1247073272782602242
1247074238546219009
1247074923295789056
1247082811867070464
1247083932979548160
1247097691802341377
1247104006759092224
1247115607134347264
1247116752678510592
1247116991929831424
1247137522200621058
1247139816707198977
1247141246189043712
1247145411627962370
1247150550560305154
1247152277368045568
1247152970132795397
1247154693731766272
1247164869004189696
1247167159236616195
1247168647849787392
1247170502290018317
1247170863125929984
1247173304017768450
1247174277578649601
1247174532634497025
1247176525205483520
1247177133207756801
1247190149693407232
1247195608328200200
1247197265741189122
1247201844868403200
1247204001432489985
1247210646036459520
1247216031237578753
1247230359441248258
1247233346087706624
1247234012369711105
1247239624524611585
1247247721393577984
1247248684049285120
1247300072422821888
1247390954992144384
1247421267344379905
1247532267146117120
1247538766706696193
1247564217227644929
1247565404861579264
1247593325961584645
1247664881303724032
1247736570989252608
1248907564965756930
1257343065804738566