1248436377177460736
1249989699181010948
1249993567163957249
1245752932819222528
1245787053108928512
1245786156932960257
1245971225517514752
1245757657778184192
1245760452224634881
1245760784270934016
1245760851241357313
1245763633293832193
1245767965078884355
1245771540077006854
1245773912236941313
1245781767921061890
1245790237491695618
1245791452673634306
1245795173465899016
1245807793975840768
1245809836350029830
1245819797767675905
1245823845740601344
1245824801652051969
1245829780630638597
1245833685376606208
1245846410878013442
1245859232559140866
1245867831700279302
1245868862656004096
1245875494232391681
1245878921028972544
1245881477746720768
1245885602790281216
1245891407639871489
1245902320929353731
1245910051560161280
1245911720695967744
1245918255023157250
1245925767323639818
1245934164227928064
1245940715516858368
1245954040707629058
1245960550506532864
1245965567002963968
1245967475646185472
1245969693342646272
1245970969664995329
1245974849131929601
1245974995655888896
1245980977588912129
1245982675590144000
1245984210868822020
1245986014067228672
1245990758123016192
1245998383958900745
1246004766640988160
1246005670945660928
1246011681509179392
1246016553331462144
1246016796890554368
1246016880822775808
1246024311623819265
1246024979927441409
1246025478210834435
1246027386816208897
1246027575840956416
1246029177674964993
1246029369849479177
1246029710045241345
1246031661474562051
1246034300899692544
1246034735236669440
1246035319960600576
1246037490714021888
1246042541239091200
1246045482629160960
1246061084114653189
1246065421091995648
1246066611963834373
1246069392946987008
1246076489679794178
1246085003957514240
1246088963158192129
1246092187705561091
1246097465520111617
1246098546778157058
1246100409510289408
1246129442658738177
1246169757004464130
1246285275581558785
1246346769195302913
1246362159669444608
1246366765392642050
1246369332017295361
1246370501703983104
1246373153053519874
1246374638256418816
1246376655838416898
1246380191447789568
1246386432341471232
1246393406454104066
1246422276175572993
1246425895994150912
1246426759828029440
1246432414206799873
1246434825801621505
1246474428051009536
1246478957886631936
1246480790655033344
1246492736741691393
1246495991458435072
1246527897675771906
1246596243578650624
1246599078768771080
1246654820716437511
1246662324838191105
1246680986198233089
1246683003218092033
1246683740912234496
1246687608576413696
1246702951051083776
1246710458796724225
1246725267873128448
1246742834444529669
1246755929162309633
1246775382302273539
1246779894249357312
1246787813829378049
1246805027470991367
1246806939872292864
1246810357726875648
1246818709265690626
1246834496474959873
1246874195105132544
1246912666519490560
1246912796069003265
1246942399407878145
1246946996176461825
1246948170438823936
1246954638479257602
1247026884723924992
1247073861922775040
1247074482134515713
1247084095508590593
1247087706804334594
1247098712293138439
1247107110241853441
1247122880824934400
1247138051484037120
1247142203484516352
1247171873563185152
1247301595231993856
1247382059007586304
1247418834438455297
1248698785301135366
1250470105374511107
1250485545773395969
1250495285349908481
1250495423321686016
1250496132418953217
1250503585705545729
1250523244479668225
1250549500516749312
1250553468722479105
1250554790100250627
1250564290089758721
1250565191798046720
1250565330449113094
1250566584223109123
1250567704064524289
1250567863108337664
1250567863141904384
1250570220604981250
1250577439182467080
1250578056089124867
1250578840574885890
1250582615431819269
1250583533644648448
1250584644904509443
1250594111431888898
1250595848163078144
1250596753897713664
1250599073129922561
1250603743487246337
1250611433479516160
1250613150027845632
1250614060330045440
1250618346405425152
1250623773566533633
1250625195154563072
1250634771715194880
1250640286465875969
1250654266286465025
1250710922815049729
1250715231254347776
1250720158416543744
1250726513621770240
1250753051100459008
1250765733878886400
1250791894084395010
1250807395455991808
1250851679303540736
1250856724971610112
1250898353522724870
1250900803415506945
1250906497871155207
1250911331282288640
1250940531946983426
1250954509838364674
1250962673010905094
1252040114601164806