1253998544333107210
1254005339512614912
1254028129024323587
1254695091521781760
1253996108021260288
1253996393724772352
1253996402830532619
1253996533848190976
1253996560838463489
1253996597555462145
1253997298931109888
1253997339938865152
1253998120435961857
1253998322098061313
1253998698930925576
1253998943073075200
1253999265568997376
1253999677109792768
1254000428527779841
1254000637404221440
1254000951469445122
1254001614706421760
1254001924828991488
1254001987781263361
1254002020941467648
1254002251397500928
1254002471325913090
1254002501461958659
1254002785525411841
1254003543129960448
1254003565066178560
1254003652941033473
1254003669969838082
1254003854116610049
1254003980625199105
1254004013554597889
1254004036686229504
1254004387518664704
1254004752494538752
1254004778088017922
1254005253181227008
1254005602843529216
1254005620124127232
1254005701040635904
1254005738114031617
1254005824999038976
1254006272984264707
1254006433819099137
1254006672718278656
1254007028785336322
1254007096485396480
1254007415374299136
1254007625642962947
1254007865767067653
1254007951938990080
1254008073267658752
1254008502609117184
1254008601666031620
1254008619256987649
1254008640933109762
1254008697229053953
1254008697312985088
1254008702958309378
1254008899461509120
1254009039010349056
1254009051203149824
1254009176117968897
1254009202701242373
1254009386843942912
1254009396272812032
1254009630117642240
1254010060625321984
1254010091147268096
1254010808071225345
1254010930217857025
1254011002317914112
1254011508205461505
1254011798862389248
1254011806734925825
1254011932639559681
1254011983436881920
1254012112491417601
1254012260491636736
1254012396005457921
1254012622976028672
1254012988975169537
1254013383998922752
1254013479905906688
1254013668704030720
1254014075870347274
1254014528238444546
1254015346333356032
1254015352452845568
1254015665704505344
1254015776438321152
1254015826312810497
1254016097482878976
1254016289984655360
1254016357873655809
1254016495920840704
1254016914495545344
1254017280150822914
1254017392205758466
1254017469234188288
1254017767658926081
1254018333873225728
1254018610072375296
1254018731329675264
1254018770110218240
1254018894915940352
1254019230493802501
1254019989977346048
1254019993756368896
1254020388025241600
1254020555512168448
1254020682440212480
1254020928905699329
1254020992743047168
1254021281936297985
1254021407715078144
1254021740860227584
1254021861194727424
1254022019575959552
1254022156352020481
1254022200526376961
1254022578139795456
1254022786386984961
1254023152612581376
1254023229003296769
1254023252864835585
1254023296200343553
1254023571590074369
1254023647674671106
1254023651449548801
1254023865224687619
1254024246826807298
1254024254758301696
1254024343950147586
1254024779046289409
1254024855411884032
1254024925997907971
1254025018796920832
1254025053248913409
1254025341921787904
1254025974351609856
1254026326702514177
1254027079630249986
1254027125088301056
1254027459730825217
1254027556103299072
1254027572880474116
1254027627872034819
1254027849171898373
1254027854444064768
1254028098355572738
1254028114369355778
1254028496386613249
1254028596630470657
1254029298484346880
1254029328351928320
1254029571592278017
1254029628131340288
1254029885082927104
1254029934844141570
1254030048182644736
1254030105707413504
1254030166411677705
1254030322632552448
1254030574597136387
1254030823935799298
1254031260017553409
1254031327332007936
1254031492642029573
1254031536745263104
1254031570295574531
1254031661924331520
1254031717171695617
1254031826059964416
1254031855000735747
1254031897149218816
1254031897832947712
1254031922642255880
1254031961666064386
1254031990401175553
1254032111738159109
1254032320694083584
1254032425295974403
1254032557521408001
1254032794717687810
1254032811247366145
1254032829064851462
1254032870420742144
1254033130035589120
1254033170548305927
1254033951699722241
1254034192331087872
1254034278326792197
1254034296291102722
1254034405540204544
1254034426511704065
1254034481670955008
1254034497303183360
1254034541678821376
1254034737133428736
1254034816820969472
1254034818779791362
1254034832117678080
1254034933397495809
1254034999042433029
1254035041849495553
1254035236893208577
1254035247978524673
1254035462102093825
1254035482993987584
1254035655124045824
1254035655153377280
1254035781439627272
1254035831498645505
1254035848070197253
1254035928403845120
1254036187624476676
1254036586695733248
1254036641733398529
1254036868020293637
1254036926547537920
1254037004620185601
1254037156751986688
1254037241275523073
1254037270438588418
1254037315959156736
1254037325245489154
1254037632121790466
1254037727848419329
1254037760857571329
1254037815416979459
1254037946967056384
1254038326782439424
1254038327059234816
1254038410735599616
1254038428569743363
1254038436606025728
1254038599730966528
1254038608748711936
1254038700134207488
1254038868480974850
1254039131979681793
1254039132575281152
1254039443234680833
1254039456853757952
1254039932500402179
1254040226936295424
1254040289788022785
1254040510882287616
1254040520277602307
1254040544902340610
1254040743515172865
1254040751249543174
1254040897957826560
1254041003670949888
1254041254733774850
1254041380307062785
1254041380663562240
1254041422568792064
1254041477006712832
1254042063752093699
1254042119024640000
1254042186427006976
1254042311987789826
1254042349103050752
1254042387292315650
1254042655723524101
1254042746211401728
1254042923844411394
1254042982468276226
1254043120427241473
1254043145593118720
1254043171790688260
1254043253567115265
1254043255408398338
1254043259338469376
1254043671802130432
1254043688340201474
1254043938614378496
1254043947892125698
1254044014908780547
1254044342018334720
1254044367188361216
1254044458955481089
1254044756369383424
1254044762987954176
1254045155499421698
1254045185245241345
1254045268397481985
1254045306687275011
1254045344545062913
1254045742148321280
1254045810695667712
1254045851699286024
1254045860461150211
1254045890274365442
1254046259205341184
1254046389035827202
1254046622356574213
1254046699192008707
1254046711175094273
1254047008966369280
1254047017745231876
1254047046807388160
1254047106236657664
1254047134976028673
1254047139396755458
1254047290135924736
1254047354140987393
1254047494742241280
1254047558667767809
1254047617236873218
1254047651370274817
1254047756018241538
1254047756450181121
1254047774787563520
1254048002865586176
1254048003738021890
1254048171732488192
1254048242230276097
1254048300895961088
1254048385880989698
1254048511332691968
1254048624901791746
1254048636737994752
1254049307612807168
1254049335366414336
1254049354144518144
1254049496654282754
1254049500433350656
1254049526333218817
1254049551415037952
1254049605970538497
1254049612966526976
1254049688493359106
1254049764821303297
1254049949525950466
1254049958086545409
1254050112952729602
1254050163238338563
1254050473377759232
1254050474505854979
1254050525085077504
1254050608002109446
1254050792534953987
1254051002254331904
1254051099033710593
1254051213315719169
1254051253660848129
1254051308404764673
1254051635296419840
1254051694763290624
1254051907905224705
1254052357241004033
1254052391076298754
1254052667686518784
1254052789296271360
1254052838910689281
1254052872502771720
1254052881528877058
1254053045580836868
1254053079072342019
1254053515238019073
1254053556564512768
1254053720314097665
1254054622450286592
1254054651072217089
1254054810501804033
1254054948964306944
1254055209053097987
1254055570212114435
1254055792787030017
1254055964392796167
1254056005878546432
1254056019086508039
1254056192504033281
1254056379033272320
1254056454438486018
1254056750904414208
1254057222704959488
1254057260470251520
1254057369946017792
1254057386345525250
1254057441190273025
1254057605628133376
1254057642420551680
1254057889519583233
1254058062740164609
1254058094944010240
1254058174715514881
1254058300037046277
1254058304139116546
1254058350699900928
1254058761989349376
1254058774295388161
1254058799121326080
1254058954319032323
1254059089337909248
1254059185014214658
1254059313569640448
1254059335396872193
1254059432448753664
1254059622132039680
1254059688708075521
1254059772799827969
1254060016212029443
1254060016278966273
1254060033089953796
1254060170658877440
1254060241882435586
1254060292788625408
1254060573832155136
1254060816544026625
1254060844733743104
1254061026904965122
1254061054994329601
1254061119406321665
1254061550597558272
1254061745733337088
1254061777077235714
1254061928214867968
1254061936695808002
1254062038084509696
1254062335871705088
1254062418839449601
1254062528415453185
1254062646850138113
1254062896935510016
1254063204059283457
1254063219917774851
1254063672927948801
1254063715604889607
1254063756897894404
1254063786551414784
1254064046657200128
1254064306871832576
1254064806090375168
1254065371625201670
1254065489581654017
1254065506346323970
1254065711649095681
1254066025277952000
1254066051861659648
1254066504456376320
1254066592247435265
1254066685012836352
1254066709243277314
1254066898955878400
1254066948339458048
1254067700231540736
1254067737770577920
1254067850953789440
1254068002070433793
1254068333491544066
1254068734672732162
1254068735893266432
1254068945541365766
1254069050512224257
1254069215264419841
1254069481976082432
1254069482303238145
1254069484165496832
1254069515819683842
1254069536233578500
1254069754584862720
1254069884557955075
1254069897899864064
1254069901138018304
1254070076556394497
1254070199952773122
1254070208265945090
1254070220903219202
1254070363656540165
1254070400654307330
1254070664404897792
1254070983813726208
1254071017087086595
1254071050910019592
1254071101350608897
1254071118207598594
1254071620135600128
1254071709315055618
1254071886042071040
1254071923174019072
1254071932066181121
1254071975250624514
1254072422724259840
1254072481687769090
1254072565192175619
1254072678589349888
1254072839457705986
1254073046895169536
1254073069112565763
1254073156815421447
1254073223689494528
1254073415578902529
1254073641362427904
1254073727924482052
1254073769242607616
1254074008326361094
1254074238421684226
1254074398631505921
1254074427425394700
1254074448765911042
1254074542999236608
1254074771609878529
1254074917915484172
1254075012815912968
1254075114842476549
1254075597271285760
1254075706201509889
1254075715214905344
1254075959659151367
1254076134817271808
1254076247619010561
1254076258972954631
1254076323179433986
1254076428095799297
1254076653401235456
1254076855625437185
1254076981655855105
1254077055366397952
1254077137226592257
1254077221028888581
1254077585627242500
1254077694796496896
1254077879622795264
1254077993024192512
1254078239800090625
1254078277372841984
1254078311430606848
1254078336822697986
1254078549922852866
1254078680101466113
1254078814906281984
1254079079004942337
1254079090111455232
1254079314309644289
1254080048027496450
1254080173734948864
1254080236355903489
1254080572202184706
1254080793996955648
1254080870161530883
1254080974570299393
1254081108733579276
1254081272080556032
1254081309821022209
1254081793034039298
1254081793420115969
1254081913956032512
1254081948273774592
1254081960655425537
1254082031417470983
1254082043891396610
1254082468510130176
1254082551741906944
1254082555579531264
1254082599850373121
1254082678330179584
1254082895288782853
1254083055259725824
1254083298277634048
1254083450056790017
1254083816236466176
1254083931454017537
1254084066347016192
1254084125524398081
1254084233959813120
1254084248350449665
1254084338813198340
1254084426469740544
1254084753445322752
1254085026037338116
1254085048195833856
1254085232246087684
1254085353578696706
1254085555081695232
1254085558432788480
1254085664406147073
1254086104292249607
1254086191919575041
1254086322160984064
1254086410438656001
1254086460552237056
1254086506756612096
1254086587106934784
1254086638352941057
1254086661857857537
1254086728907923458
1254087008789630977
1254087102591008771
1254087354337251330
1254087518078861313
1254087610387116035
1254087752716451840
1254087903430545408
1254088023794384897
1254088092467814402
1254088327508131846
1254088533444227075
1254088733994840064
1254088734317764610
1254089006628904965
1254089162518663169
1254089648902725638
1254090189967953921
1254090227435679748
1254090784497901568
1254090810364215296
1254091011703271429
1254091132922970113
1254091174849073153
1254091280029794304
1254091354159763458
1254091364498903048
1254091615641014287
1254091665859633154
1254091737179578368
1254091805672509446
1254091930658537472
1254091946848432128
1254092269944139777
1254092509044768769
1254092647679045633
1254092668482850831
1254092831909490688
1254093042358812678
1254093087447699458
1254093200740024320
1254093397159219202
1254093506928312320
1254093545406947328
1254093612440260609
1254093668769828864
1254093733739585537
1254093910244306946
1254094141014732802
1254094229065928704
1254094472557846529
1254094639507943426
1254094689843785728
1254094745246162945
1254094836786847745
1254095004701569024
1254095012855533569
1254095038117580801
1254095046670012417
1254095082627743748
1254095133869514752
1254095353265020928
1254095356968697859
1254095381945888770
1254095419950469123
1254095428490059783
1254095524715794434
1254095525453987841
1254095600171311105
1254095639828402176
1254095667523457024
1254095688486576129
1254095713367179264
1254095730932953089
1254095873111285766
1254096087020797952
1254096229027295232
1254096271511400450
1254096321709068288
1254096457914875906
1254096663909675020
1254096796156080128
1254096887864492032
1254096937520955396
1254097042529562625
1254097147730857984
1254097240068706305
1254097261346189314
1254097739627012098
1254097902982627329
1254098028761235456
1254098162869956608
1254098267752693761
1254098708620140545
1254098733354102784
1254098884638527488
1254099333848485889
1254099366358507520
1254099605802885121
1254099819909361664
1254099952835362819
1254099992207376385
1254100046313697281
1254100134415269893
1254100176270241793
1254100310592651265
1254100452708241414
1254100545595416576
1254100919135932418
1254101677549944832
1254102055603617792
1254102131218448384
1254102266119929856
1254102722871128064
1254102768266235904
1254103402201657346
1254103519646420992
1254103674126602240
1254103935377387525
1254104018818867204
1254104038930616328
1254104056588623872
1254104173064445957
1254104345416785924
1254104358662426624
1254104433836711936
1254104608940732418
1254104617941688320
1254104731615551490
1254105044561125376
1254105049925640192
1254105133509742592
1254105150739886080
1254105189373693953
1254105259791745027
1254105267421294592
1254105516353007617
1254105549349826560
1254105565724381185
1254105742581235712
1254105792560672768
1254105909762154502
1254106107120885760
1254106207289257988
1254107276916359168
1254107583520157699
1254107634212507654
1254107693083758599
1254107969052000256
1254108107543732224
1254108384468533250
1254108476437127168
1254108509953822720
1254108543814426624
1254108958186450949
1254109059449577474
1254109344968384513
1254109875711418368
1254110019915853824
1254110242356383749
1254110259288764417
1254110691516133376
1254110884345020421
1254110951139352586
1254110993745149957
1254111007103950848
1254111137454383105
1254111333026430976
1254111534495621120
1254111559497981955
1254111612014739457
1254111916143726592
1254112289227042818
1254112360974946306
1254112709274226688
1254112729591427074
1254112897271312385
1254113044398931968
1254113337622790144
1254113463959539715
1254113760404537345
1254113992555069443
1254114267302936576
1254114286529425408
1254114352640045057
1254114370059042816
1254114558865784839
1254114568483160064
1254114592407470080
1254114697223307265
1254115313337028608
1254115543918891008
1254115657672687627
1254115791332655104
1254115988947136513
1254116014440230917
1254116050666479620
1254116210679132160
1254116466531667974
1254116512392196099
1254116575868674048
1254117477820387329
1254117498472894465
1254117620241928192
1254118392010731521
1254118681753407488
1254118945658777600
1254119574754275330
1254119755893506048
1254119776974254080
1254119914115342336
1254120153941450752
1254120213915643904
1254120334187347968
1254120430169817089
1254120617764220928
1254120623187431424
1254120878897586176
1254121139695046656
1254121180946104321
1254121512203956233
1254121617246097415
1254121659319148549
1254121974890205190
1254122233955381248
1254122276661768193
1254122284815712257
1254122431251451905
1254122527435247622
1254122697719607296
1254122896651255808
1254123093968240641
1254123111957610501
1254123139958575104
1254123375443632129
1254123437716635652
1254124028735954950
1254124109660712960
1254124320995115008
1254124515476606980
1254124793068208132
1254124830582079488
1254124889071648773
1254125236787859461
1254125560415977472
1254125677890150401
1254125744554377221
1254125912943181827
1254126047127355392
1254126214513520640
1254126465651703808
1254126902723383296
1254127012777807881
1254127669655990272
1254127770256449539
1254127825512271878
1254127984803549184
1254128058606530560
1254128114852155394
1254128213305053187
1254128248520421376
1254128628662583296
1254128777426337794
1254128781746372613
1254129103302729728
1254129354738741250
1254129768322170880
1254129930989907968
1254129964687011841
1254130110946574337
1254130152574906368
1254130220770177025
1254130300071874560
1254130534306856960
1254130673432084480
1254130903388958721
1254131364934238208
1254131424061521924
1254131516310982656
1254131545302077444
1254131687618994177
1254131696594804739
1254131948605374470
1254132590258331655
1254132821838495744
1254133549969465346
1254133760376922113
1254134059430789121
1254134276230086661
1254134465485471744
1254134570125004804
1254134761423081475
1254134880096579585
1254134976859250690
1254135076998320130
1254135227376562176
1254135479684997120
1254135509602799616
1254135751983456258
1254135814868529154
1254135882803744768
1254135915783446534
1254135949975412736
1254135970317901825
1254136117655371778
1254136461617750018
1254136478441103365
1254136796641808384
1254136891147984899
1254136893240864768
1254136905744166919
1254137048652550144
1254137124359716865
1254137199538438148
1254137476605792257
1254137887274135552
1254138038504095744
1254138101481562115
1254138152752734209
1254138222805909507
1254138428955869184
1254138437982011392
1254138516981927939
1254138543754170369
1254138620954509314
1254138889729536000
1254138895869992960
1254138929332269057
1254139175571320832
1254139606813102080
1254139771179487232
1254140485049950208
1254141091411922945
1254141124903567360
1254141825557819392
1254142056357720064
1254142140659183619
1254142509732806660
1254142576724078592
1254143272882241540
1254143273133903872
1254143377328799744
1254143412091195392
1254143503485022208
1254143550209445888
1254143818112393217
1254143972689264641
1254144074220740609
1254144174124744704
1254144304479518722
1254146019585069056
1254146275823542274
1254146297013178368
1254146338721345536
1254146370761420800
1254146443671191555
1254146539875958786
1254146632754409473
1254146746067779585
1254147047214678018
1254147208791969792
1254147346012631041
1254147403890020352
1254147848951738368
1254147912185122819
1254147992405209088
1254148297222217731
1254148305778442240
1254148369154334720
1254148727398264832
1254149128835133440
1254149197940396032
1254149791048544257
1254149900310155264
1254149934196101129
1254150000206131201
1254150063703699458
1254150465706700800
1254150507817549841
1254150667192713216
1254150755726045185
1254150814676836352
1254150906339143680
1254151065659793408
1254151670327640068
1254152944854892546
1254152956930412546
1254153338670596096
1254153783283724291
1254154051857473536
1254154215469047808
1254154682035027972
1254154974717591552
1254155157887057927
1254155252229701633
1254155960177876995
1254156102729515008
1254156166105456640
1254156762195783680
1254156925660540930
1254157038973845510
1254157504294137860
1254157515190910976
1254157780526735362
1254157806434873344
1254158131224969216
1254158514546753537
1254159433392775169
1254159437679325184
1254160116976242689
1254160507612860417
1254160591914242054
1254160964624228352
1254160993829171200
1253999999735730176