1248355984097058816
1248565322866741248
1248355897623142401
1248356295201062912
1248357180606160896
1248357817997824000
1248359633401438208
1248361353963876354
1248362061903605762
1248362087358832640
1248363190502768641
1248363567524401154
1248366347949494272
1248367781365547008
1248372572254683136
1248376603660320769
1248379229294608385
1248382400322605065
1248388463562346496
1248393267835596802
1248395587973570568
1248397349409280009
1248401275072335874
1248404674840891401
1248415015377362945
1248415765386018832
1248417062248050688
1248521819868430336
1248539762207543296
1248543889763467264
1248557086511955968
1248557354729250817
1248591330995044352
1248595578872684546
1248595831810334722
1248620737331490818
1248624344592338945
1248634171934851072
1248640802785353728
1248658173222727680
1248665370954584066
1248686579893374979
1248707672322592768
1248959099296980993
1248970559083470848
1249009973054574592
1249724485240008705
1249903984745172992
1250599299706060800
1253528895212707840
1254447531896893447
1260585413116334082
1262271658133344257
1263292941444935680
1264680391774003200
1264680560246566912
1264749707131314176
1265115967757209600
1266152320821276673
1267876804188155906
1270922720868368386
1248355405920636934
1248518404643770368
1248357309727662081
1248565280760086528
1248355596677648385
1248565247142699008
1248358358912024579
1248425932898979842
1248444375106904064
1248448088206749696
1248565116687220737
1248356467373150208
1248444086102544385
1248356644968333314
1248454617693745152
1248466018088841216
1248474834155126784
1248565083296468993
1248357654763843586
1248358413475536896
1248370903886397443
1248468967330426881
1248473538299715584
1248535497200164865
1248538458307452929
1248357930807812098
1248359365418971138
1248389501333852160
1248405812927582209
1248425602459127809
1248437048370814978
1248444023016009729
1248460712285855745
1248516266681176065