1251105718838743040
1251117887684739073
1251118869328154626
1251119183321915393
1251123992452358147
1251136898195689473
1251138301676982272
1251156169000804355
1251172942362357760
1251249500720594946
1251476459132092416
1251476614371848196
1251476673062563840
1251477327680159744
1251477599370588161
1251479377642045441
1251479419128107010
1251518418609737729
1251678707984580608
1251779605855375363
1251812364460179462
1251924226514153473
1251110145318203394
1251110443348713475
1251145798814842881
1251576425834074117
1251109369632219136
1251109514075652098
1251156017968078854
1251459870911533056