1254835890561654788
1254835974317780993
1254836113325412355
1254838029748973568
1254838099965734912
1254838246514851843
1254841829222203392
1254855973862162432
1254857763919781888
1254862638028255232
1255028874607333376
1255091873334595585
1255240123563888646
1255486285147332608
1255491549091299328
1255506866894970880
1255517003533758464
1255529872274993152
1255542483313983495
1255660353054113797
1255763881147891719
1256111535107293189
1256119155486531584
1257395105473990656
1257726898551078913
1257732539260665856
1257765192290701312
1257935926543745024
1260394077692067845
1260664840986808322
1260667198298656769
1260671237837258758
1260671649923432455
1260945754014846976
1260996031883481088
1261025852659204103
1261077782899101708
1261078072893362177
1261083611329187850
1261129200892653568
1261245161352450049
1261250537816838144
1261305730315010050
1261330608590147585
1261584572329988098
1261585614085947392
1261595890076266497
1261628352743514119
1261629422257541121
1261649264679124992
1261650980434780161
1261682576869265408
1261702779199819776
1261709663143411713
1261784708389765123
1261875123835076609
1261875600458997760
1261878523058442240
1261891988347129856
1262002359015821314
1262080053384486917
1262096813458415618
1262107631159840768
1262280222419927040
1262281304575442944
1262359380600725505
1262367187144183810
1262380548699435009
1262469523309056006
1262473346765258753
1262515208259543040
1262563751103848448
1262647943166939142
1262650615689359362
1262694006217195520
1262747355826106371
1263077011276218369
1263088091818004480
1263366551874482176
1263718491938422784
1267966201604509696
1270789114594562051
1270922279967436800
1271416956646719490
1273696623273619457
1273697756629086208
1273739505858564096
1274236326519296001
1279051117611986945
1280868631312846855
1286242197164060672
1286249152024698881
1291930088645070848
1292738546168561665
1293103030057889793
1293830590261649408
1294998721986539520
1297458462784393216
1297458952804999169
1297459578091839488
1297469247258468352
1297668933110005760
1298226951350398977
1299268036805844994
1301444448505589760
1301444594555482112
1301445601557610496
1301822554101878784
1301888528926810114
1304807399870459906
1304829700343238657
1304872855717306368
1305079051271524353
1305079177071255558
1305081547637260289
1305098213867663361
1305098825556729857
1305105695956709376
1305166239191437312
1305781613289263104
1306972872037076993
1311944918412058624
1311945294922145793
1311954576723984384
1254990470960332800
1255118765701894149
1254994138614947840
1254839635601240064
1254839649769590785
1254843245445746692
1254859954030120960
1254870149800366085
1254946112701493248
1255195661500203008