1290560623475138565
1290560661546835968
1290561924568997892
1290563351718895616
1290566399727935488
1290569395169828866
1290571749638246401
1290573197633609729
1290578453360672769
1290611518216663040
1290626805599047681
1290668606284496896
1290670711531479040
1290682179102670848
1290682807912726532
1290769898013167622
1290786374090547201
1290805474359574528
1290816141452075008
1290830167041085441
1290837602589974528
1290870338658557952
1290900182712885249
1290908197574893570
1290909053133164545
1291007579598938113
1291182236675514369
1290582060235739137
1290616549943005189
1290843626763767810
1291019389249245188