1295783623434674182
1295784473674625025
1295784799320395777
1296142591415783425
1296180381356421120
1297666757126127616
1297698850841468933
1295793076254851074
1295793933096607750
1295798870861967362
1295802486792417280
1295803438857478145
1295808121978400768
1295811004807426050
1295814530568802307
1295815201141317632
1295816909321932802
1295826165307830273
1295826602484355074
1295839736808919040
1295851301503299584
1295906595797217282
1295918642811396096
1295919308506185728
1295919381562527744
1295920376120131585
1295922297866338304
1295922474433970178
1295924010258067457
1295926732038344704
1295927886742867969
1295930858134573057
1295932532559511552
1295939935376031745
1295940427963457536
1295947547542872064
1295951787560599552
1295952087801503745
1295954463518146560
1295957424864559104
1295957944131973120
1295960424211308544
1295964449770074113
1295965471213150208
1295966283180072961
1295970335674654721
1295970765754400768
1295971838007193601
1295974135072321536
1295976699461394434
1295985993791619072
1295997039705088001
1296012857813815297
1296081112582639617
1296339055395737601
1295791839887478786