1298910187495931905
1298911768836677632
1298912632217505792
1298949224655020033
1298918919424503809
1298919002861793280
1298919004363517952
1298919502374006789
1298919641146769408
1298919713129426945
1298919738047737857
1298919774307545089
1298920082622410752
1298920328396062720
1298922116809543681
1298922635343130624
1298924140653469696
1298926902472671234
1298928215021453312
1298931229283278848
1298938733861847040
1298942202807070722
1298942807823056896
1298948920769261568
1298951398009253890
1298994148620431366
1298997705071443969
1299043364738916352
1299104127029518337
1299161334265843719
1299181516400984065
1299217729530945538
1299255746681434112
1299259958832386048
1299263611714633728
1299325850173812736
1299327500108148736
1299344574201159680
1299440737612955648