1295667965535248385
1295668049228390401
1295668191163752450
1295669264326840320
1295669665004306439
1295670004738924545
1295670192194887680
1295670196019933184
1295670456880635907
1295671199020638209
1295671487576158215
1295672557245468673
1295672643492995073
1295673276048584707
1295674051164241920
1295674444535476225
1295674486986084352
1295674514672504832
1295674666237997056
1295675871601328133
1295676315484524546
1295676340893413377
1295676932021841920
1295677062930366465
1295677137924521984
1295678839570432002
1295679141992435712
1295680612284669959
1295681227412799488
1295682157617147904
1295684477214023681
1295696208950751233
1295697853461876736
1295704874693214208
1295719127173279744
1295730921002369026
1295734285362585600
1295837691385221120
1295868699425959936
1295868905596936192
1295930213923041280
1295935414209921025
1295935436339032065
1295956827331538944
1295982870427627521
1295984200768565249
1295985473345581059
1296023694079176705
1295668239016628227
1295672751068459008
1295668399843024897
1295668489986998279
1295808452577693698
1295668555384598533
1295765844081774592
1295808515932659713
1295668674351824898
1295672926960848904
1295669090112217088
1295670024330502144
1295669584108953601
1295670030508548096
1295690319783243779
1295674210195513349
1295670178395623424
1295766053444702208
1295808821697417216
1295670355273678848
1295682652712796161
1295808901435338752
1295670423544311808
1295670751014449152
1295808990446788608
1295670665710841857
1295809040463933442
1295671594744868865
1295809110852673537
1295671067789467649
1295761384332959744
1295810244677861377
1295671400511016960
1295673468323860480
1295809341929422849
1295671706263199745
1295671837104525312
1295810973056544768
1295672337061249024
1295811263692517380
1295672434000101376
1295811338606968840
1296347131096100867
1295675063979724801
1295811951050752006
1295672957826670592
1295673079549566978
1295812186472882177
1295673170742185984
1297659785945526272
1295673539866091521
1295678027708366850
1295743565671411712
1295673836977954817
1295726409130954753
1295813816756862977
1295935692309061634
1295674158513295361
1295720393664278530
1295674238624395264
1295715080118710283
1295737246394527747
1295674895330938880
1295674995327336449
1295815154899267588
1296347904655765504
1295676202204762113
1295982136265064448
1295675671260397576
1295676999890079749
1295675673139445760
1295692447209717760
1295693274049650690
1295678460032167940
1295678604949381120
1295678861464698880
1295686566778515456