1296191631247450114
1296193171207200768
1296194760345104384
1296194815789543426
1296195955897839616
1296197835281641473
1296198820959866880
1296201372052881409
1296202428010856449
1296204050908639232
1296205745831268354
1296211913596997632
1296219919021899779
1296226692235763718
1296237702329892864
1296316093695393793
1296320430542696449
1296343410148876288
1296359308880314370
1296445818879332353
1296456812540170243
1296457347129323522
1296457580097736707
1296459445329899523
1296459718827876357
1296460273218445315
1296461380325867520
1296468316576456705
1296472329317494792
1296780248453914624
1296891660266278912
1296941787962060803
1296952591604240385
1297215629217341440
1297222596015120392
1297262131591688192
1297304440010084357
1297338291264671744
1297769914766430208
1297967533316702208
1297972319218884608
1298144247951110146
1298188670957166595
1298369820166168577
1298392497060753409
1298407499507421186
1298586310735732736
1298597691002363904
1298611154294583296
1298620645589360640
1298624741725671424
1298651356069339141
1298657819168735233
1298661194623049729
1298664589362630656
1298670168105680899
1298670373047873536
1298675091962822658
1298677134102343680
1298678275741323264
1298686211473788928
1298690737127727106
1298697078550470659
1298702870183907328
1298705975298256896
1298717638516908032
1298719120226021383
1298724495650299904
1298726195102732292
1298726275138297857
1298727357554003969
1298727520943177731
1298729429217300482
1296200419702476800