1290231427414384641
1290231806843711490
1290234989519331328
1290237532651716608
1290237879851991040
1290239146083201024
1290239436949581826
1290240061456314368
1290240422720286721
1290240501233246208
1290241241276243969
1290241972712517632
1290242839780167681
1290243383047254017
1290244034556915712
1290245312284487681
1290246649965457409
1290248533535272960
1290261079067521024
1290269887235944451
1290280477119483906
1290280671181561857
1290280972072529921
1290294230334631937
1290307102611607553
1290308365352964098
1290328480245309441
1290336664724873217
1290338853816012804
1290348803090862080
1290365792220045314
1290386145461833729
1290390657153073154
1290403400153063424
1290435764149460992
1290479443371155457
1290490255959719942
1290494672465321985
1290498384793677824
1290503178551779329
1290505918078242816
1290509009691250690
1290510576674910209
1290514243050180608
1290516698425167872
1290519255620837376
1290520681830998016
1290532561068982274
1290538085390774272
1290552649025298435
1290557813996085249
1290559948380868608
1290564646290763776
1290578819997474818
1290584057202393089
1290588255470194688
1290605787526467584
1290616496587251715
1290618505302138880
1291267964684177409
1291631233580007424
1290231948443439105
1290275012381818880
1290232742936891393
1290232921660502019
1290233024618127361
1290233522423123968
1290233824258019328
1290233904637517828
1290234009021067264
1290234116059721728
1290234209156706305
1290234285363023875
1290234378165993473
1290236380547751937
1290241215401619456
1290244688327274498
1290263805511884802
1290269290776498177
1290306817910857729
1290313499344805890
1290321200216977416
1290326459869995009
1290342857694486528
1290352766439882752
1290362002561531904
1290409456904343552
1290439920134369280
1290442617545732097
1290502985890627586
1290518313819348994
1290519964852596737
1290554788841750530
1290587458485334017
1291144084472684546
1290234504657768455
1290234660451045376
1290531376677007360
1290661818940227584
1290234857449091073
1290244664730107904
1290235514143019008
1290237022607519744
1290240557982384128
1290268069055483904
1290272566137876482
1290610455761883137
1290235588323360771
1290236086594048000
1290236588295745538
1290613933296898048
1290614449636691969
1290235730661318660
1290237038340579328
1290262874267381760
1290236261916057600
1290661117296087041
1292764267020722176
1290236263346458625
1290430633597120512
1290505708358770688
1290982764511076359
1290236264709464075
1290236469089464321
1290236544041672704
1290236814561705996
1290236658181451782
1290237307237347328
1290237885568802816
1290238001507741697
1290238090586464256
1290238213039128576
1290238308946046977
1290238384774889473
1290238450885488642
1290238488504393728
1290238531357401088
1290238559484391425
1290238643915743233
1290238673246511105
1290238693358178304
1290238714711437312
1290243198363660290
1290244167868846081
1290297074898984960
1290387445389893634
1290394008628465666
1290404956474871813
1290437399651262471
1290437465556254721
1290510435008090113
1290546220574945280
1290573668930723840