1291453062599585794
1291469953179226117
1291468409247596545
1291514513196539905
1291569720840409088
1291633920719630338
1291634545628819456
1291635879102967809
1291639455305150469
1291705077435179009
1291749978587770880
1291754489293266945
1292488224976273411
1292801903978520576
1299415856615747593
1299585733720788993
1299699280647786498
1299709581774458881
1299773152747290626
1299951764616220674
1299965109478055938
1299979284824629254
1299983362011131904
1300115641123438599
1300163739841372161
1300174291695218689
1300325378658009089
1300355543282974721
1300382695416049664
1300507076129624066
1300519381945004035