1299438077803405313
1299438887144747013
1299523188334964744
1299629342381678592
1299629661849186304
1299629737170542592
1299741649233424386
1299999167234760705
1300480954155388931
1300481221298921474
1300482262316847106
1300492857149665280
1300517850625568768
1300790589642825729
1300803467682877441
1300812946717646849
1300855983405699072
1300887017543196673
1300926371498262528
1302106812443836416
1302314304813912066
1302700398839431168
1303926272041447426
1304087043643969537
1304118002145607680
1304138944230182917
1304185186939146241
1304302963469426689
1304303291443097600
1304303768482263040
1304304586904145920
1304315537963601921
1304319049602539522
1304372042767241217
1304372252885082112
1304373323023998976
1304373495921602562
1304374204221988865
1304375029241647104
1304375184930091008
1304375219172372481
1304376363974090752
1304377374272708609
1304377852696186881
1304378158263615493
1304389778482192384
1304392198138535940
1304393182076121088
1304393857732403200
1304395561035010052
1304396292836282371
1304400023380254721
1304401592456753154
1304401629979054080
1304418788566327298
1304418976806719490
1304425590921916416
1304434277367635969
1304438427358617600
1304438799049482240
1304445300669444098
1304446696609505287
1304446937635192832
1304452791377825792
1304468822011846656
1304469950673817600
1304471573978476544
1304495969514463236
1304499168547876864
1304524152955699202
1304531774895263744
1304532789094543360
1304553690171420672
1304556231122657288
1304602390872633345
1304627610907934722
1304642417358823424
1304667733372534785
1304778553217646594
1304833604812496896
1305970237175627778
1307916709798514688
1310944069091287044
1299440355641704448
1299440887995330562
1299442641159901184
1299448262257188867
1299450547519459328
1299468045862277122
1299469460361756675
1299472554491609088
1299488937988292609
1299499821590556672
1299502795406692352
1299504293314256898
1299514589571317765
1299559474793869312
1299570852736962561
1299588850302423040
1299598632195416064
1299604298414743553
1299608534858989569
1299628205167517698
1299665036219215872
1299706425535496192
1299715439635898368
1299719033445584897
1299731301814198273
1299765019907825664
1299785077849616384
1299797026771787778
1299814709525442565
1299892388362674177
1299916543623561218
1300046160317411333
1300099364883517442
1300111476947062784
1300130695541653504
1300169006343688192
1300185341043728384
1300298282682343424
1300315384344727552
1300421805685915649
1300549010894315521
1300769123513794566
1300818334800322562
1300834013079244800
1300899965074464768
1300966331332939777
1301009478737973248
1301023999858823168
1301190240061792260
1301235773648248832
1301557659729096705
1301590927287279617
1301697609111928833
1301772274505318403
1301848998140096519
1301888343270027264
1301909815325798401
1301946766816956418
1302041906960986113
1302343249206575104
1302513974286716929
1302571075650433025
1303122690501378050
1303515952504426498
1304731260749717504
1304736805389045760
1304842494362791936
1306055053514399744
1306335874599268357
1307310091255808006
1308249403812126721
1312403774745513984