1295844859903791104
1296082580173754371
1309324765694312451
1295722549020590080
1295724071875829760
1295724105862348809
1295724213790285826
1295728949117571079
1295730040219537422
1295732997791133711
1295737283774218241
1295743721611370499
1295770075484418053
1295774193317969920
1295802144503676929
1295849880108269573
1295884877187944448
1295944483851456514
1295946681775783936
1295959627100643330
1295999377585008640
1296005405911453696
1296005861425520640
1296012557753430016
1296019053727940608
1296019679073447936
1296076122623545347
1296131070308515841
1296134786705170433
1296175684914749443
1296403964150321153
1296404547297042432
1296411606579122177
1296413174892310534
1296434033417760768
1296436420547153921
1296450026533773315
1296091692131647489