1293610173567766529
1294374953287024646
1293265391318425600
1293265701394944002
1293267138128510978
1293268235958325249
1293268311195688961
1293269608972062721
1293269871049035777
1293274258630533120
1293276523496169474
1293278402288349184
1293281531289571329
1293291077240270853
1293328612792446978
1293559018464710657
1293567087655362561
1293596728558583811
1293825675149926400
1293272459760799744
1293293405674467329
1293410268261707777
1293457633274363905
1293469089374052352
1293470314039566337
1293474482183639041