1292845856236814336
1292837692384915458
1292837975101865985
1292838092592885760
1292840280538910720
1292853330339749888
1292861857485602817
1292862558420885509
1292865515048693761
1292878794743840768
1292881504167698434
1292883298906144769
1292899710856859648
1292925391829700608
1292926000058302467
1292926777497538560
1292974835946213382
1293015914099683328
1293033770422087680
1293040976278228992
1293072972513763328
1293123263066001408
1293132801701683200
1293167433554046977
1293188754148999168
1293212333582569473
1293264595176415232
1293326413332910082
1294147936499056640
1294432762859003904
1295921748957962240