1291324897696739328
1291325143394840577
1291325823744606209
1291325974915829761
1291326142343938048
1291327548383617024
1291327877955424256
1291328973851561984
1291329005967335424
1291329280685690881
1291329506188369922
1291331683967545344
1291336751156465666
1291341111932395520
1291341846107611136
1291348402098274304
1291352629956812800
1291358726511824898
1291360230144524288
1291364734118264832
1291366014660292608
1291370698674286592
1291375094330261504
1291376022324162560
1291377850302509056
1291378513426165761
1291383202272157696
1291388182559371270
1291388532691525633
1291388717320544257
1291391681825144837
1291391717405528065
1291393024967221250
1291393572160319489
1291400666875748353
1291410066839658499
1291414604392824835
1291419696764522499
1291423374565146628
1291428312607227906
1291428625665921025
1291429205968855042
1291438814024499200
1291440277870133250
1291441032970657792
1291441083524591616
1291441652259860481
1291443310276608002
1291445117686099968
1291445232366751745
1291448431278522369
1291450525247049729
1291453582475067394
1291464630993326082
1291465545007665155
1291465956489859072
1291467791900475394
1291468649002340362
1291470052500406272
1291472584513650694
1291475963147177986
1291477100311044096
1291498067024322567
1291518062974218240
1291520532589031425
1291533203694551040
1291543524215644160
1291548004638511104
1291551065356136448
1291553537403609088
1291555697377677313
1291556462762827776
1291562080366145537
1291570435751120896
1291574995336871936
1291596000671367168
1291600865913004032
1291604955367788544
1291611268139212800
1291615126932590592
1291615886147588097
1291632108365123586
1291633732034715648
1291635522335645697
1291637989756620800
1291643014897639425
1291645770450399232
1291647720797745152
1291653529615175680
1291656348208230403
1291660234893664256
1291662722870972421
1291666704959975431
1291666904734732288
1291668708914597888
1291668714585284608
1291674043955974145
1291674718811062272
1291676086888271872
1291679423771615232
1291681249711595520
1291685029383413761
1291693006974857216
1291695078961033219
1291701045664657408
1291702505743822851
1291703505040879616
1291704159381663744
1291710742945763328
1291733405563060224
1291736668547035138
1291737503385387008
1291741172365438979
1291745230098759683
1291747136506343424
1291749092062900224
1291767055859949574
1291797155016069121
1291801473924206592
1291816196837224449
1291817996202082304
1291825235998777344
1291827555025276929
1291827563938095106
1291832429192323074
1291841756913373186
1291847977749958667
1291945502414532613
1291954276781064193
1291963049935421440
1291966073122635776
1291995228115673088
1291995443874996226
1291995462334066691
1291995529006678016
1291997583590776832
1291999286176157696
1292000432986914816
1292003332182032390
1292006491864457217
1292008548499628032
1292010162987950080
1292015105270521861
1292016914399625216
1292017902174920705
1292021183089537024
1292027140494548993
1292059449499279360
1292070951006461952
1292089161688788992
1292103876309647360
1292126604924055552
1292143926967562241
1292144413930528773
1292199757159555073
1292208708022345728
1292213636216365060
1292215394602754048
1292222146958114816
1292263552032673792
1292268015338348544
1292279042515722241
1292303318706843648
1292354916544110592
1292356688419397632
1292364875747012608
1292367795682807810
1292367869318135810
1292382750419410947
1292382922289238016
1292383531629387777
1292384496617226241
1292384786863071232
1292386309290557441
1292387637391773696
1292388163592376320
1292394380431699968
1292396455928397824
1292396842437742592
1292397108138573824
1292397442919550976
1292397668715683842
1292397682187739136
1292398051362054146
1292398082932592640
1292398990714175489
1292399022188064768
1292399134289408001
1292399645780520962
1292401557921763328
1292402476285677568
1292403223735738368
1292405802276401153
1292406034133327872
1292406378137563138
1292407023456460800
1292408245185916930
1292408931281707008
1292414061121097730
1292416238988275713
1292417156790050816
1292418654747983874
1292430905714380800
1292441366065106945
1292446411548655616
1292448950214107137
1292449836030210050
1292453877338472455
1292455073679908869
1292458644240506880
1292459435177254913
1292464699301335045
1292466988086956032
1292467702083268608
1292468356965191680
1292469942730674176
1292470887682367488
1292474912414879744
1292483355368476673
1292500929749618688
1292506407166672896
1292532160562429952
1292534669318201346
1292535823544520709
1292536270703517698
1292539165356314624
1292542272270000129
1292559595341307904
1292565672761925632
1292574374978039808
1292587783798657024
1292594009328586752
1292618752173826048
1292639975427710978
1292649130867732481
1292701736713453569
1292710224982429701
1292732194780319744
1292734096985280513
1292738106089779201
1292748940518076417
1292751576415776768
1292753418147241984
1292755163384602624
1292761383189110784
1292761898488754178
1292765150739660802
1292768727516065793
1292769976789528578
1292772477181943808
1292803308944531458
1292807739240980481
1292810700117639171
1292828030465794050
1292853473503920130
1292906745237516289
1292906899843637248
1292910293534703617
1292918106818588676
1292918426596454400
1292920818075238400
1292946414755094530
1292947846761549824
1292958863113715712
1292990669703614466
1293048367241523202
1293064560749027328
1293078761739624448
1293100720493862914
1293101004892917761
1293102066794221568
1293103313458798593
1293104296414740488
1293117236446715905
1293122920496193536
1293135017405829120
1293141394614255617
1293252943160975364
1293279735691325445
1293300683257651201
1293308307625705472
1293347584770269186
1293439748703309824
1293468191591739393
1293468468403003392
1293469801873059846
1293471488172003329
1293471679788670976
1293473052550889475
1293473362585489410
1293478571349094400
1293479411723853824
1293481659728265218
1293528962954600450
1293583264603570181
1293588446058024960
1293590983578353671
1293592316108836865
1293661118007844865
1293802826456420353
1293811452852293634
1293811986187264001
1293824316627472384
1293850745431683072
1293864288369684481
1293894386246397953
1293905089955061760
1293906415904464905
1293970915701727232
1295482726833954821
1295482987979526144
1295647382542200833
1296089728597385216
1297438820665888769
1297761247610523648
1297790770548813824
1300387294927613953