1299737492095201282
1299737685108625408
1299738264757207040
1299743217278226433
1299744373823995904
1299757482030571526
1299758983222157312
1299769325738434563
1299773622551285761
1299774477182603265
1299790517136367616
1299801098790690817
1299804652041433088
1299806908266602498
1299807318671056901
1299853591210086400
1299873389234982912
1299877153668988928
1299881654958387201
1299896728498384896
1299899786880004096
1299908775722221569
1300002010473799687
1300037096833454080
1300087683549626368
1300138015218708481
1300140070108835841
1300201274013556736
1300432496824332288
1300449374456238082
1300482040060612609
1300485332182339584
1300513270944522240
1300573874145431552
1300577250715275265
1300926044753530880
1300979371486793728
1301113409233014784
1301417575859904512
1303315489536573441
1304167983288328192
1304168099059466241