1293278612767080451
1293278922038218752
1293279261957160961
1293298732482433024
1293318736087326722
1293282143947366400
1293412449970839552
1293286338268020736
1293561782892736515
1293285096057974787
1293286267346546688
1293286293770850305
1293286836907859968
1293286883095715841
1293286992483160065
1293287457354645505
1293287825983627267
1293288558237757442
1293289127367016448
1293291581458522114
1293292038516019201
1293297179864576000
1293305670805192704
1293306836544704514
1293311121655574529
1293312336690917384
1293316643603578880
1293320359060615176
1293320814872461314
1293328478364938244
1293341243519508481
1293342315709308928
1293349336491884545
1293358728318726144
1293375347703140352
1293379456585752576
1293381297839263744
1293385546060820484
1293395063288942595
1293395352368951297
1293398254714060801
1293405086790692864
1293410088519110661
1293419345280827392
1293419750656155651
1293424525380653056
1293426064794910721
1293427573704327168
1293430932129579011
1293431461324787713
1293431548193189888
1293436904097153025
1293440386652934144
1293445223272583168
1293456716177317888
1293461263595515904
1293468841662701568
1293475119487225856
1293475412677459969
1293476013054320641
1293477560345559040
1293480463437385728
1293482275871621120
1293485064584601601
1293485298895204352
1293488171741839361
1293493331675222016
1293494184712650754
1293494661051322371
1293496610941472774
1293500432719937536
1293500928339972096
1293504623819526150
1293505830076153857
1293505877912236032
1293512642078875650
1293514613649285120
1293516710914514945
1293517414764810245
1293517870610223104
1293520256380440581
1293530031898136581
1293536337161789440
1293540731144024064
1293546086968131585
1293565770778259456
1293601246524276741
1293616102241640451
1293627960457596928
1293638558801166337
1293642468630712320
1293645882219323392
1293663053733662726
1293671391947034625
1293680682443476992
1293751704731521024
1293813306155819008
1293816620356444160
1293879119478890497
1293897178503471106
1293985544599470081
1294053870398775297
1294206706541625345
1294336742456262656
1294366661043081216
1294427825185755136
1294464338703478785
1294799097573117953
1295021685448429568
1295039590848487426
1295098762033901568
1295099928230932481
1295131152802512901
1295873141433147392
1293291044549857280
1293291639058960384
1293291744776265729
1293295678668636161
1293306458600341510
1293398615256375296
1293515368393322496
1293519707082031104
1293578106985500675
1293600450038685699
1293667604981329922
1294293838694174720
1296154695946379266