1293919841783631872
1293932898702237697
1293919527353425925
1293919900268978177
1293937545852661765
1293937676547047425
1293937876531544066
1293938985165893634
1293945796438765568
1293951360329711621
1293953853415710720
1293959553042780163
1293960199678689281
1293965291060428800
1293978839090180103
1294004764049649664
1294004848489308160
1294006457994747904
1294008274925367300
1294008542916235264
1294009264873373697
1294011918500466689
1294017556278198273
1294026553542598656
1294040645477240838
1294056382740811778
1294058279077728256
1294060753100521472
1294194167300730883
1294199506423160832
1294199925937504256
1294206540111581185
1294220901421133826
1294384222388367363
1295113117462982656