1292110847247036417
1292111626292740097
1292112673312825344
1292113279091974150
1292115028078977024
1292115126636740608
1292115519676375040
1292115749444751360
1292116835937198081
1292116936931721216
1292117067118923777
1292117486087761920
1292120186909347841
1292124326867677186
1292139737155661824
1292146221151289344
1292146494280065026
1292152684611543054
1292156825148837888
1292223513739145217
1292516900459642882
1292618264774955008
1292767108007370752
1292790387698995202
1292803610472898560
1292807528472956930
1292812906728509441
1292820376213430273
1292843768039825409
1292859840671428609
1292879037942190080
1292993471066902528
1293236588932030464
1293541486093570058