1299169662761152512
1299002006690918403
1299002256491126784
1299002529494179840
1299003160539746304
1299004034062249985
1299004265298444291
1299004526595207168
1299004542348955649
1299004962395967490
1299005204424273926
1299005228923191296
1299005451053359104
1299005527079317504
1299005720650641409
1299005726820405250
1299005841081688064
1299006252622548994
1299006866585014274
1299007909142171648
1299009578999390208
1299009913893552129
1299010924682948608
1299012387798835200
1299012636432990209
1299012666279657474
1299012796512792577
1299013611889688576
1299013623021318145
1299014640601411589
1299015759054565376
1299016789355986944
1299018331815460865
1299019737947463681
1299019888074403840
1299023522610610181
1299026226233786369
1299026717202235395
1299034212628979712
1299034513805377537
1299034773877190656
1299036510331604992
1299037034984558592
1299037556823138305
1299040792791486464
1299060376567508992
1299075442121547778
1299095209872158720
1299096314316288000
1299099392436101121
1299133679898431488
1299208691846017024
1299224571594170368
1299234306682834946
1299280959435497472
1299282847329660929
1299307803811536896
1299318951319498757
1299479718929068032
1299554985303183361
1299567596921118720
1299568080331223041
1299568180382199808
1299568600294981632
1299568780092211200
1299569376631255040
1299570827956953088
1299583536689799168
1299600436106731520
1299606160991858690
1299625974833659905
1299685056496021506
1299720643919962113
1299799123294593029
1299803062056488960
1299920991057895426
1300025332024537088
1300040754090389504
1300298597876064256
1300304520870686720
1300305686019084291
1300352389749194753
1300402252906201088
1301084899806531584
1299003290017923072
1299600707750895617
1299003992085876736
1299045173213749248
1299063044979519489
1299613953211817987
1299003878873214978
1299004420064194560
1299004478801117192
1299004575035215874
1299004438619852801
1299341931483475969
1299004818271268865
1299005502354010114
1299008690188701697
1299009047010537473
1299014289123090434
1299067410138497026
1305729237026996224
1299374045746671619
1299116585009856512
1299120029225701378
1299132087308611585
1299152555440832513
1299430204583018497
1299005217086803968
1299008271320195072
1299009842837946368
1299009864325140486
1299059873540259842
1299060494519558144
1299110020609572864
1299110807393927169
1299111086814363649
1299112029484011520
1299117238348324864
1299118606370902022
1299130521398775810
1299179138012643329
1299189049769504770
1299313779017121793
1299314873889951745
1299324631493431300
1299006401348427776
1299006756681641987
1299006939230277634
1299008676846477314
1299200286037213185
1300118922889318400
1299007550877294594
1299253679850057729
1299008286470090753
1299200352944676864
1299009302238236673
1299009300577300486
1299009566647160832
1299713057757696000
1300904610387894274
1299009756863004674
1299010006180859905
1299011600859516954
1299012969234227200
1299029677986721792
1299060132572262400
1299062506997059585
1299124909591990281
1299323955141054464
1299397418476277762
1299575623338340352
1300750109236441088
1300753006066098178
1299044073618026497
1299011189763117056
1299011796020457473
1299012029546668038
1299012557303189505
1299012691579645952
1299013050071040003
1299014471587778560
1299015392208142338
1299015635192762369
1299016142623608834
1299018650750418944
1299028219362975745
1299043116364763136
1299056967223332865
1299058250906828801
1299060716012535811
1299066646741438464
1299071621869658112
1299087581154611200
1299092839960375297
1299012497513607170
1299013286684438528
1299013847953571846
1299088295582982145
1299145700605796353
1299921970209972224
1299014280986030084
1299211186810970112
1299719790513315840