1293211373480996864
1293215597338263552
1293222537040547841
1293228847350128642
1293299372436811776
1293299630969507842
1295563583644938242
1299106019189166091
1293206099206844416
1293994630657314820
1293468422605594629
1293211263745523714
1293596498094100481
1294507039998144513
1293587083009957889
1293543914339794945
1293544745986412544
1293530799040536578
1293536381445312518
1293540060495675394
1293543097171881984
1293224781182107648
1293284362914496512
1293218045771558919
1293331615935016961
1293336989299814400
1293351098456125440
1293352762810552322
1293359004333285377
1293419943464116224