1300479733214392320
1300479976517574656
1300480118574452737
1300482727872004097
1300485453661995010
1300502860602503168
1300569680185307140
1300575592878751744
1300578307570884608
1300604094881705985
1300658024206315526
1300763443931369472
1300978864181489665
1300798114329026562
1302662218429931520
1300484123933409280
1300487985079689216
1300492479041544192
1300496602147123200
1300502990143590406
1300508203982094336
1300511156893872129
1300565507083558912
1300633588573114374
1300634746368733184
1300747366211829760
1300754523720474625
1300808993351192577
1300569420494970881
1300978168254181376