1296526479317258248
1296527742889086976
1296533895786065920
1296537519228583937
1296570503084281859
1296584612702035970
1296603097289101313
1296612484321878021
1296626103017144321
1296630376564219904
1296668536631328768
1297632618259898369
1298540900445048838
1296535708740366336
1296536133006798848
1296536556128227329
1296735692333056001
1296823898365976577
1297156682561265666
1300226603612397568
1301526023545270274
1301837245108940802
1296594100888711169
1296606024602800128
1296609955550621696
1296614996957261824
1296665151999889409
1296675331529519104
1296735738269073409
1296794948906385416
1296854000688680961
1296881922774380544
1297139334735429633
1297223938385293317
1297238454787604481
1297595344977616905
1297628093985755137
1297630756055822337
1297990909318094848
1298638001766043651
1298791259356778496
1298814700331958274
1298816145751908355
1299435624567459841
1299458122935930883
1303981461817745409