1291434589207040001
1291434872070963206
1291441125480435712
1291442976841965573
1291443970053156864
1291444555246637056
1291446540641460224
1291463750017581062
1291467888247934981
1291494951541506049
1291500428144844802
1291501012369453059
1291548935698427911
1291643315553800192
1291644222748205056
1291645317012762624
1291647926792577024
1291651486116708354
1291658786856472583
1291661562785288192
1291694520959143937
1291706396715520005
1291710500884144130
1291720205635407873
1292167684176609281
1292193608645386240
1292207966033252355
1292769714108850177
1291434591371354112
1291434593359470592
1291540588781883393
1291662043288936450
1291734207346216966
1292740991368286208
1293358005598265344
1291446483598942211
1291623493960962048
1292448437972152321
1291435673430511617
1291688314584604674
1293659061343461383
1291458338790678528
1291535930440835073
1291631962990485505
1291498466305126400