1293870411684315136
1293870471700606976
1293870541288247296
1293870700860588032
1293870726886260736
1293870986836578305
1293871041521958912
1293871069959397381
1293871258912739333
1293883557455081472
1293892415208660995
1293870513551540227
1293870572137590788
1293877499592663041
1293981452762136576
1293985652812517376
1294167766413520898
1294269785459642369
1294270663444881422
1294271076294328322
1294279608116875265
1294299893268447232
1294320204609138688
1294413055053516800
1294768860466425856
1295374119895207937
1297358591578390528
1293878713310994436