1294370498336436224
1294405279027781639
1294410005932892166
1294447095852576769
1295460774530301952
1295465446670442496
1295468534558990338
1295477161319514112
1295478198315098113
1294371594094043136
1294373665836904448
1294374529309929473
1294405537598066688
1294422716825710592
1294455652039790598
1294475876457996289
1294549691481436160
1294576682716848129
1294593414844100609
1294738793602269185
1295037384812265478
1295094431629090823
1295281355996135425
1295895053458522114
1294372913831976966
1294375428388466690
1294376828489146370