1298969711682568193
1298970056655659010
1298971485206388737
1298971558212521986
1298976495314956290
1298991254512926727
1298993326381658114
1298995179869728769
1299013607607414792
1299038423974588417
1299096916962299905
1299098078553747456
1299103361392947206
1299114458581618688
1299115708190785536
1299130459511816192
1298971769991118848
1298972447111352325
1298983897372348416
1298981771283898369
1298991342047997952
1298991694717706240
1299062557085437952
1299077191670538240
1299170132695166978
1298988683505197058
1299010283743186945
1299010713848098816