1291379596131282944
1291379649637949440
1291387288610635776
1291387736360812546
1291388424096813057
1291388431927578625
1291388654775152646
1291388817497141249
1291389329378508801
1291391170967265281
1291402046206345217
1291404497042857986
1291407618590887937
1291593026909872128
1291759384855371777
1292104441630543873
1291386578804396035
1291386666255613952
1291392542584561668
1291397996010254336
1291386815107211265
1291387337935650821
1291387266737340417
1291387029432020994
1291388755379654656
1291387101733421057
1291387284760207362
1291387481603137536
1291387594329161731
1291387790639468545
1291387912592986112
1291387651887636481
1291387921300443142
1291388052863098882
1291519991720882181
1291388292093677568
1291388381944061953
1291477577790640133
1291403376140460033
1291696807198810113
1291403648577273856