1296135945079721987
1296222335075139584
1296222389227855872
1296223559778541568
1296227984031047680
1296232062073081858
1296232706993520640
1296233167989481472
1296233524484243456
1296234564571078656
1296246266859528194
1296250340409565185
1296250557141676032
1296252004872998913
1296257482730373126
1296263136320913409
1296278635121389568
1296282241920794624
1296283168262283265
1296297334716813312
1296312029532131329
1296315092145852416
1296320372984315904
1296327849989693440
1296348420811128832
1296367374703058944
1296446239161102338
1296470863672487937
1296528309715636226
1296547342754230273
1296551243008155649
1296583351407652864
1296893616099647489
1296894722980679681
1296911302938578945
1296945247998681088
1301581740616478720
1301675428537491457
1301676111831556096
1301705971983683585
1301753312644157441
1301852587310960642
1301983491933065217
1302160883242549249
1302363084791582720
1302452062706257920
1302459121338208257
1302494400350752769
1302671954504282112
1296156119262535680
1296195901854277639
1296196606379741184
1296196946290507777
1296197047620689921
1296197298553335815
1296197784442462210
1296198146280882176
1296199331549261826
1296200846636711941
1296205884067061760
1296218941610553344
1296222855353503745
1296224582718955522
1296235010379452416
1296239862509690880
1296249146429472768
1296250695872663553
1296251983616184320
1296253174748049409
1296275169506234368
1296277291970879492
1296305800835735552
1296313984228790273
1296339111712829442
1296351124132376578
1296577290802016257
1296849285753892865
1309330649707413505
1296134442403147776
1296135297420480515
1296135298339024899
1296159411707285504
1296141130820722689
1296141132448043015
1296142700807204865
1296208374577627136