1295634462609416193
1295637141989421057
1295641498130751488
1295646138746286080
1295646490010976256
1295647852090347521
1295649847060475904
1295657197704286211
1295662276691861505
1295668560493084672
1295684768185626625
1295689184716435458
1295704789041332224
1295717721854943234
1295731923235397632
1295739834237988866
1295755538018398208
1295787892338352129
1295807648571338753
1295808414862290944
1295812505436995586
1295817290135601155
1295817965884055555
1295935472863068160
1295949454005026816
1295962598848917505
1295997639385845760
1296003220444033025
1296009117568565248
1296130900606869505
1296464685177417728
1298296774566838274