1296430316563955713
1296430968060944385
1296431667226304512
1296433119248220161
1296553592040706050
1296579222568226816
1296854331808010240
1310637293263355905
1296088540317495297
1296107364580503552
1296313632754675712
1296075837129687041
1296077441807654915
1296080038060863490
1296081530914209795
1296082447524921344
1296084223741370370
1296087910823993344
1296088762791976962
1296092746088722434
1296108567251103745
1296112413968752640
1296113873800646656
1296124587667787777
1296167476695367686
1296197683892424707
1296207310520492032
1296208572389490688
1296213407138566150
1296250181604610048
1296273900431486976
1296274922679840769
1296302061055770624
1296302705468682240
1296313187764240387
1296328056060051456
1296334465065615361
1296335014775279616
1296343629263339520
1296346745442467840
1296348515606568961
1296348784633327616
1296357991738998786
1296363762480492545
1296414058967638017
1296420263316291587
1296484254021492739