1297841167808200704
1297841376843968513
1297841754712899585
1297842371816837121
1297842508978946048
1297842632136314880
1297843082843443200
1297843550990860290
1297844337879986183
1297845604824109056
1297846021066719233
1297846168320344065
1297846875635298306
1297847014928113667
1297847139138179072
1297847853960835072
1297847912005804032
1297848177664512000
1297848457550606336
1297850068616318976
1297852122130796544
1297853129774575618
1297855256987140098
1297855864192118786
1297861036226224148
1297868754320228353
1297873723379388417
1297875108309147648
1297877613587976192
1297908351947255810
1297934113660383232
1297941939422212098
1297943511426150400
1297992843043250176
1298016294458007552
1298054570128662528
1298062338109497348
1298143455705694209
1298169388365803520
1298193640397905921
1298211362175238145
1298212594248015872
1298216381532344320
1298238741035745281
1298242432916697089
1298280986782904320
1299282758271930369
1297841531135680513
1297846193553149954
1298220182406664192
1297842845232095232
1297842597059276803
1297842880292311042
1297843067505049600
1297922635641356289
1297843143744905216
1297843661590237184
1297843279585841154
1297865051588587527
1297958906120069120
1298196647495819264
1297986802545045504
1297843659115843584
1297843806436577280
1297843988855169024
1297936878197448710
1297845151814111233
1297846031439323136
1297845469419376641
1297846139190833152
1297846884233621509
1298142881304031234
1297846167078723586
1297850631588380673
1297855373945131009
1297860402248912897
1297861041104224256
1298092331803873281
1298138586211000320
1298391398123790336
1297846250264461313
1297846546671820802
1297846738703745024
1299021688949047297
1297847522229182464
1297853024455602177
1297849724402245632
1297851054059593728
1297848193254817792
1298142788639326208
1297848344958705664
1297879839127547905
1297849384831291394
1297856800411320321
1297878791629414403
1297898306908102657