1293958525023117319
1294286045794762757
1293958008993701888
1293959330337824768
1293960009873858562
1293960212018274304
1293960778828177408
1293961138665750528
1293962750838939649
1293962780580753409
1293963848920305666
1293968751407243264
1293978054713380864
1293980222858043395
1293980436813807616
1293982825759281153
1293992491293655040
1294000599525208064
1294002473552629761
1294006039390507008
1294012228866322433
1294012731008393220
1294017514343628802
1294095498719006720
1294099655186415618
1294100717838491649
1294116650728525824
1294200784075333633
1294236969304764416
1294264370093010950
1294284605629927426
1294304456092327936
1294310352490881024
1294313854411911168
1294317562138959873
1294317737452253184
1294322336124907520
1294323937338437632
1294324361709719554
1294335744270426114
1294337250298298368
1294343147305103360
1294343416185200640
1294343834357207042
1294347416905408516
1294348399253184512
1294353412818182147
1294355014232805377
1294359610132803586
1294362551380312066
1294362986883276805
1294371619607949312
1294374214481272833
1294380862369406978
1294381341954527237
1294381389178179584
1294385552486170625
1294388395708428291
1294395446329253891
1294404255105921024
1294406289469116416
1294411138080415746
1294429316294381568
1294429961525301249
1294431564579782656
1294445015398141952
1294454598350934016
1294458432129466368
1294460468661297152
1294465356623470599
1294468763283345408
1294475255877111811
1294487503173332993
1294493253933371392
1294496826410668033
1294500368559284236
1294503916441346048
1294505425790857217
1294505737201360896
1294506957630574597
1294513918463873024
1294515935953461248
1294528514884943872
1294531097989197825
1294535390318256129
1294556356603772928
1294574326344290304
1294575287435370496
1294582140122861570
1294582432591679490
1294612665487130624
1294617416975220736
1294634245697286145
1294650904474460161
1294653578594877442
1294655409526013952
1294861576831406080
1295164371287642113
1295181538737389569
1295366797810716674
1295742602638172166
1293968548109393922
1293969497980731393
1293977974191128577
1294015286916657154
1293967706660765696
1293967877930921984
1294001936224546816
1294062219676786691
1294253032696356866
1293968919930134528
1293971741866369025
1293972677305147395
1293986317060182018
1293991417434574848
1294255374183411712
1294318769792339969