1299395085914628096
1299397288490532870
1299398815271858176
1299399230381932544
1299399334425812997
1299399997771804675
1299401453539414016
1299402713944305665
1299404534624653312
1299407427138330624
1299434160084443144
1299437449085583361
1299444578454560769
1299469342002700288
1299506898467610624
1299516868865044480
1299527491623817217
1299532161851293696
1299551105307770880
1299579141537308672
1299589316037894144
1299592440689565698
1299620726991810560
1299645554150998017
1299651874057007105
1299655947145576448
1299674888450445312
1299683285451276288
1299684787540471809
1299685853095014402
1299690143683694594
1299716331995004928
1299735591731556352
1299746287680585737
1299793804531134465
1299882635624239104
1299967630946770944
1299967819875004417
1300009918368546817
1300010361400233986
1300313981064798209
1300348679384166400
1299397971595927554
1299398944380903426
1299401324610584580
1299401499647369216
1299409695132856320
1299414074103562242
1299418670884696069
1299419791355269120
1299438421321150464
1299454809532112896
1299511340390899712
1299590108316925952
1299676298575515648
1299677551997202439
1299773391977799681
1299890621872832514
1299976383938977793
1300246930770014214
1300348591081287680
1300943962358910978
1300184776658223104
1299799245608886272
1299405850218500097
1299413155454619655
1299442598914994176
1299866644106350594