1299022464085827584
1299895668815798272
1299014223138349056
1299720083779072003
1299014463195099136
1299014995804655617
1299016648779759619
1299318447550001152
1299318724802088960
1299319270657191936
1299319291293118466
1299319390949666817
1299322533192241152
1299336817423061013
1299339619935297536
1299363322807152645
1299368158965370881
1300460388606238720
1299014789302292486
1299080409385443353
1299116676777226240
1299014935977099264
1299015552174682112
1299138177349881858
1308189473717522434
1299015989116506114
1299025638918037508
1299016461403463680
1299017573531439104
1299018948755759104
1299020078122323968
1299246686921842693
1299024699645517824
1299040690723270657
1299043209016782849