1293986552851308544
1293986740357734401
1293988319471325186
1293993111077740547
1293998007076233220
1294010136399421440
1294023340835954689
1294056580187553794
1294181297175310343
1294310138753368064
1294007279751016448
1293998681969111041
1294002591190450177
1294009846812102657
1294055233207906310
1294068326264700928
1294103881799081987
1294208615176441856
1294223975866871810
1294406020421128193
1294408054620991496
1294428913498611712
1294519934593114112
1294541724379836416
1294619224942489600
1294639982980849664
1295342612577169410
1295369690907398144
1295405366445068291
1295738510910029824
1295848516141625345
1296664828971343872
1298192001968504832
1294208976079458304