1289355869189095424
1289355881881116672
1289355911220416512
1289356137033134080
1289357290034749442
1289357651508252672
1289358180217020416
1289358477622751233
1289359144873467905
1289359149331918849
1289360316174749697
1289364844970250241
1289366883053912065
1289367578746314752
1289367884578336768
1289368434392760320
1289375288619495424
1289377989449453568
1289379340417810432
1289380488684040192
1289397421148196864
1289400064134193153
1289423673787478016
1289497404715098112
1289503123774377984
1289556634126098435
1289559296351428608
1289559310662426628
1289613909855367168
1289618310116470784
1289651136031387648
1289658457637888000
1289659830387572743
1289674614533226501
1289693199758323712
1289693988350332933
1289694444887740416
1289697482637586435
1289721560241233920
1289723864319029248
1289739991619256320
1289765153714475008
1289853598851989509
1289971767881035776
1289980769088176129
1289992982712725513
1289993775545069568
1290033885976252416
1290079356803407873
1290248471841132545
1290315759839739905
1290340171020460034
1290340883301359616
1290377100743122945
1290382903101227013
1290617356205592578
1290718815593144328
1290726071831330818
1290729808960389125
1291069647928938497
1291354668061413377
1291400923105853441
1291954437393543168
1292191632629039105
1289565612570624000
1289802801149644800