1300423109699416066
1300423137344081920
1300423471378370561
1300427023542824960
1300429485091811328
1302717516716875782
1303023855041085440
1305618380305686535
1305811712445239297
1301536175824547844
1302626739366039555
1303513452393234432
1300634511978438656
1306231578910060544
1300431901035986945
1300434842677637121
1300442584251355136
1300445331847479296
1300451316142141441
1300456368793694208
1300459788963254272
1300498490036875265
1300628094672396288
1300675268974006272
1300715370148442113
1300720524352512000
1300733500463575042