1294283930930053121
1294274369221324800
1294285375574167552
1294286674642444288
1294323534441746432
1294327396074688512
1294331736105586689
1294377361463369728
1294388148412149760
1294516335603580929
1294587717729345541
1294592521486491649
1294618193009541121
1294627488233140226
1294645537258364929
1294659935028908032
1294751131168473088
1294926831297036288
1294949241677201409
1294967255369953288
1294980266943864834
1295023726862508037
1295024462149169152
1295025231019626507
1295059575452962816
1295059767220674562
1295061619802857474
1295063019974606848
1295088086565756928
1295191734528487425
1295267824361967618
1295298496602320897
1295637252836487168