1290362148435169282
1290362677714460674
1290366703633825792
1290371342735478786
1290371930437169154
1290371942583865344
1290372244527558660
1290372484173385729
1290373053633961985
1290373150279180290
1290373624227074048
1290373786496270339
1290373997943828481
1290374116034437122
1290374544042201089
1290375126832349186
1290375155135414273
1290376410549215232
1290376426252832768
1290377340195868673
1290377378691153921
1290378132659343362
1290379169436590080
1290380268377866248
1290382809887117318
1290382903126392832
1290382953911144448
1290384062830522368
1290384953499361282
1290385397747453952
1290387827608432646
1290388242290835458
1290389668207431680
1290391035504480257
1290392041944281089
1290393878973931520
1290395347378987008
1290395556427100160
1290395653227470848
1290396172268507136
1290397049976795136
1290397372569329665
1290398248885248005
1290399214367842306
1290405521892155392
1290406893614010371
1290408533683580931
1290409276540891138
1290411688802492416
1290415051518533632
1290415269421232128
1290425793844256773
1290431448617345024
1290432068292231168
1290432328582549505
1290432928254656521
1290433071452499969
1290434466888982529
1290434467929165826
1290434870431416321
1290435810467155969
1290436023957299201
1290447838950969345
1290451068518793225
1290451330167971841
1290453900164726784
1290459780696485891
1290459833964081152
1290459868177014784
1290464066725728262
1290464229645058048
1290465098075643907
1290465488817004552
1290467572715061248
1290468013897068546
1290470231580848129
1290474485183918081
1290476250968944643
1290485034093170688
1290490857888419840
1290491220553109505
1290504248493400065
1290515962610044930
1290521793153757184
1290528054310326272
1290533492187467778
1290553719801565184
1290555826349002753
1290556756725178368
1290568697380298752
1290589900648128512
1290603556374945793
1290606740128632832
1290646666534686720
1290698645600374786
1290558395129319424
1290377281840406529
1290380742019538944
1290382432743677958
1290621730633977856
1290677032167321602
1290996030432055297
1291415422152171521
1291479160422928384