1290759738297286662
1290760331371917312
1290760715272421376
1290761359613988864
1290762274345549825
1290762307266584576
1290762691385204738
1290763742158913536
1290763963517538311
1290765191756439552
1290767075259158529
1290767381296537600
1290768057623883776
1290770544472788995
1290770774714966017
1290771231566946304
1290773482805100549
1290773523510829062
1290773644168372224
1290775208048066566
1290775976469815297
1290783068484259846
1290785354300231681
1290788927419211777
1290800678772908032
1290807534194962433
1290819436853596163
1290825507949297664
1290827255980097536
1290861657292324864
1290875288788721669
1290880668734500864
1290932059012243456
1290940674540482560
1290969929735376901
1290970910074208258
1290990934512013312
1291035955227394048