1290820913680850946
1290746065495392257
1290747060581523456
1290748893936988162
1290762671470653443
1290772582921310211
1290784715339956233
1290857257262080001
1290881957019222016
1290882061998256128
1290905203131191301
1290935762658131969
1290938064827756545
1290940997967454208
1290948047149694976
1290948457377730560
1290956076461035521
1290996742700269571
1291003608670932993
1291008831338627073
1291026180896952321
1291124715038347264
1291333646549483522
1290746013603581953
1290747336835072000
1290752546605281280
1290753103516569601
1290753280453337089
1290754647595061248
1290755160193540096
1290756698911707136
1290756841253699584
1290768480938196993
1290792438345367552
1290866967210070017
1290890954900008960
1290897300223594497
1290941001415249920
1290943393707810816
1291028939775840258
1291061427818704900
1291096873894383619
1291103807024308231
1291135063653068804
1291419333869133830
1291848963541340161
1295192834564399105