1294355146621816834
1294376216091189248
1294514578009853952
1294980685933891586
1295001565422432256
1294623163477889025
1294628347973177344
1294360069648404480
1294360968554852357
1294361124486426627
1294362466357399552
1294364605238706188
1294366169697103872
1294374941408731136
1294377762187128832
1294383509830660096
1294389075097640962
1294390635944910848
1294395613543448577
1294452593670979584
1294476002631065601
1294491739600936960
1294496595841396736
1294536970631356417
1294658085886275584
1295386720263757825
1295388229533872128
1295471424631705600
1295858966375743489