1298290646273257473
1298290877316640768
1298617277697396739
1299774567758671872
1298290992462745600
1298291384726646785
1298292095338401798
1298293276139757569
1298294841210798081
1298294131442286596
1298305480444477441
1298319251351064578
1298329959375622145
1298333465780387841
1298370635228487683
1298377914174627846
1298617222483660800
1298760672440913921
1298760718091681792
1298760748139716609
1298295201094606848
1298295882073415680
1299005661108346880
1298296334198411266
1298298653002539008
1298300494163726339
1298303048331202561
1298331931210166272
1298308400112115712
1298305855461502976
1298314469949337601
1298600664185155590
1298601318211129347
1298601464802054149
1298603729596358658
1298626299825729537
1298638861594169344
1298666216261853195
1298673468532232192
1298675133729648640
1298718863878569984
1298728120732856322