1298186293135003648
1298186755359641606
1298186859923701761
1298187303324590080
1298187408580595712
1298187587891290113
1298187760411373571
1298187765033521153
1298187999495073792
1298188149181558785
1298188313853976577
1298188433182142464
1298189096045572097
1298189517887664128
1298191159072825347
1298191320909897729
1298192398938324992
1298192487526195202
1298193167766843392
1298193531798945798
1298193771704721409
1298194324329582594
1298194567435411456
1298197742037209088
1298206466604703744
1298206692828540929
1298210162528796672
1298211643654995971
1298215794174644225
1298216089021640704
1298222835958259712
1298223214766694400
1298224845474471937
1298229144036098053
1298230588424491008
1298231141799952387
1298232548091244545
1298243095570587648
1298249592543174659
1298253429610094592
1298262820610433024
1298270904170897411
1298272769407238145
1298293405751992320
1298296984290369536
1298309500261339136
1298338159537709056
1298360343270502400
1298368827605110786
1298442015236132866
1298470224925253632
1298503696163061761
1298881120549781504
1298186553727094784
1298186721322885120
1298187202674020352
1298187350602854400
1298190278688411649
1298190790871535616
1298190655655563264
1298193499901370368
1298205976768606208
1298191677270691840
1298192325961629697
1298193027303796736
1298194964883488770
1298196429962280960
1298206203206463488
1298193595644747777
1298194475748069383
1298196039942299648
1298196185967034368
1298200493198422016
1298203865771368448