1297587542666047489
1297593263852072961
1297598045446602755
1297599151958568961
1297599882903994368
1297611568268496896
1297612343874957312
1297612879466844163
1297618991238742017
1297622824853442560
1297634607010123778
1297649307370233856
1297649580318887937
1297652887003099136
1297706157939855360
1297755424133914625
1297758918194724866
1297775275791400963
1297775962675871744
1297800071719915520
1297830497528111104
1297831571710513155
1297858607950823425
1297860263983685632
1297866392109277185
1297869940977000448
1297888701528276994
1297894966186987521
1297910835520647168
1297919093454991360
1297931586332053513
1297940543113236480
1297981840008138753
1297993328189771777
1297998337497473026
1298029931700588550
1298049461336322048
1298561637410988037
1298612827494551552
1298984939522686978
1299083994424729600
1299384210575233034
1299732861902356480
1297590498941706243
1297703166016978946