1295275143472623616
1295275358103584768
1295275932303994880
1295276279684456449
1295278855964332035
1295279746364907520
1295280070542741504
1295284891811184642
1295285198448361472
1295285445396332544
1295287775197945856
1295289810140180482
1295296390625722368
1295300321871265793
1295302122527809536
1295302567187095553
1295304771176288256
1295305413701722112
1295308634709204998
1295324753981517824
1295352321904455685
1295373128546189312
1295378388417261570
1295378492054355969
1295378693028638721
1295381160789499904
1295382844722708481
1295384952041684992
1295386003587268608
1295387965540057088
1295392653169680389
1295396356886949891
1295397141490233345
1295401379092037632
1295403913194156032
1295405094544932864
1295413842126635008
1295423543153311744
1295426784700190721
1295427673045389312
1295429858105810944
1295432785532874754
1295443416155742208
1295444024707276801
1295444115681755136
1295456617627082753
1295466616814211074
1295485193990615041
1295488945283899393
1295489477465346048
1295506605996421120
1295510371856338945
1295519482480406529
1295523328367575041
1295551408347811840
1295554496135716864
1295562552873607168
1295564666383425541
1295583993920806912
1295595697908064256
1295600830008004608
1295604525496070148
1295608414509232128
1295612143799283713
1295624881435025409
1295630440657608704
1295631592681922561
1295634492124565504
1295646439159160834
1298999214542712832
1299001202789687297