1300464349807403008
1300466059632402435
1300466467234742276
1300467095960862720
1300471531055673358
1300472037236862986
1300472062293635073
1300473618170740736
1300474670949359621
1300475848043053056
1300477223573442560
1300477557847003138
1300478186866708480
1300480312154099712
1300485143585460227
1300492346971140096
1300493291192946688
1300493482067255296
1300495612605919232
1300495659036864512
1300495852121718785
1300496249469112320
1300496437206114304
1300497355498762241
1300502876892966912
1300506696641425408
1300508980502867968
1300511388855533570
1300515589169885184
1300521302197854208
1300525896781058048
1300528256442015744
1300549399035092992
1300551791558275072
1300557791585734656
1300561966054875136
1300568252108603392
1300626362386972673
1300636395619319808
1300989949097861120
1300463937130049536
1300464361077497857
1300465954619613197
1300491834322489344
1300885774934487040
1300568161733939200
1300568081840783362
1301136372061798400
1300474794589159429
1300477187661926405
1300495042058924034
1300626521527185408
1300639227139354624
1300677112735637504
1300469545161945096
1300471059569881089
1300467880472051716
1300468852879360002
1300468462154928128
1300564491529146374
1300468717890031616
1300488764788224004
1300468959666372609
1300469348063088640
1300469279968632834
1300469611088039937
1300778295903035392
1300470155177349120
1300470737027899395
1300471038841626624
1300471168890142730
1300473013582721025
1300473693282344960
1300472855042363393
1300472992653127682
1300473011800162304
1300473068893036544
1300473113973383168
1300499048118382592
1300499832444862464
1300473973109657601
1300475328750649348
1300494496770093056
1300495377653694464
1300474804131082240
1300480056205225985
1300493956090863616
1300621303196585984
1300726546563563520
1300734836605415426
1300738630760255488
1300745793683492864