1298615221817421825
1298666926001008640
1298367846586576896
1298369517505130497
1298373551356088323
1298376813664591873
1298395198532157440
1298372699635568645
1298390109482516486
1298522002991521792
1298587137307217920
1298593616609382405
1298614311955439623
1298619424480661504
1298665411966382082
1298680314101772289
1298687514694180864
1298691961667432449
1298974875848192000
1298377262258106369
1298377641137975298
1298377875675066369
1298377920935796736
1298378572034441224
1298378579755954177
1298379546920652801
1298380345247752194
1298380891337654275
1298381171911323649
1298381239645159424
1298383525234839553
1298384741796925441
1298386117671170050
1298386477882257411
1298387625028591616
1298396014982897664
1298404740733317122
1298407100742164480
1298423324259897345
1298436269463285760
1298445168371281920
1298500754840395777
1298508405921820673
1298581219802849280
1298599968106831872
1298612320122408960
1298622230423797761
1298635389385801728
1301236737688043522
1301836432420597761
1302514077084905472
1303058323588014081
1299427604462809090
1299458189944139777
1299719342767124480
1300036828087672832
1300075671222456320