1293925671903920129
1293550994391830534
1293552093136138242
1293553545111887872
1293560970426671104
1293574910413959168
1293586375401443329
1293589221060620288
1293591769779712013
1294334482623991808
1293560914730463232
1293565175342170118
1293581126209089538
1293646453697441792
1293647085720547330
1293648265515171840
1293653515357818889
1293661015457116161
1293672108589846529
1293699481687535616
1293744972127252489
1293803820133363713
1293984450909540355
1293569429184425996
1293571285105205248
1293573030627737600
1293580551987879937
1293589188286328832
1293663028253204482
1293561878375890944
1293562255703932931
1293562760014503942
1293563453815377920
1293566097732427782
1293567084199178246
1293587343614541830
1293589124922978313
1293592266028855297
1293599040198676480
1293605261719019526
1293645936405733376
1293651385888788484
1293654988011589635
1293655138599686161
1293655945525055490
1293656029436219402
1293660729480970242
1293665908737466369
1293703021197762566
1293776980253585416
1293785666250104838
1293799994131206145
1293843036439535618
1293847493663481856
1293891806061527041
1293891949234094080
1293896874345160704
1293898234302144514
1293898387759169538
1293901734583009281
1293902883616825345
1293926007217336321
1293926658576064512
1293931019075117056