1299091841741135872
1299096549025169408
1299095359537455105
1299095423894790144
1299103968694427650
1299105192634277889
1299105896950312962
1299107602069098501
1299107948644446210
1299109267346280450
1299142304884645888
1299144777967910913
1299173066832883714
1299184052688154625
1299194968485974017
1299215259576614913
1299269786442981377
1299274241431478272
1299291885668724737
1299307800674349057
1299313201897644033
1299314908496977922
1299318259355914240
1299394926871015428
1300309370048110593
1300342079705419777
1300390642275811328
1300693354221580289
1300708600894181378
1300709954752479232
1301539103977222144
1299095877278027777
1299096210490273793
1299096312575451136
1299097919472250881
1299103990345596931
1299298602590797824
1300511376239190019
1299098959500267521
1300396895043375105