1298746676203720705
1298840000935735296
1298885667699806209
1298899139670028288
1299246231252881408
1303560113609990144
1298737758983290893
1298752250047860737
1298755417338777606
1298757354683539456
1298766188055613445
1298770500542271488
1298803605428998145
1298924540098039809
1299428057573457920
1298729110173343745
1298729421013233671
1298729532824989701
1298729906361303045
1298730129896738816
1298730694034829315
1298731026701840388
1298731074282033158
1298731118922027012
1298731186466914304
1298731664781316096
1298732071322619904
1298732461799555072
1298732771205029888
1298732821041893377
1298732885189562370
1298733069780824072
1298733142409383936
1298735632257298432
1298736789964959747
1298737054793248770
1298737330619023365
1298737490036228098
1298737629391806464
1298737717791006722
1298737909919633408
1298737993465901057
1298739164846882816
1298740835803115521
1298745475890257921
1298747280862973952
1298748651129303040
1298751668251656197
1298752923980177408
1298753337198882816
1298754343005548550
1298754512631599104
1298755580732084224
1298755681852502023
1298758974271979520
1298759037400612865
1298760184983162880
1298761569304625152
1298762446514118656
1298763335589126144
1298766440011575297
1298766556961230849
1298767823041249281
1298768419181998081
1298772294790197250
1298777596310761472
1298786995804635136
1298799013609668610
1298813671670312962
1298821867793461250
1298846499984543745
1298853287102382081
1298857125922435072
1298877639751602177
1298937278321090560
1298946606419587074
1298952851037868033
1298979904881451011
1298981743484002323
1298990306969313282
1298991804247769092
1299004281278746626
1299005963404488705
1299025080861818885
1299025114659524608
1299029742251700224
1299031041785688067
1299032512958783488
1299037437864415233
1299043198464135168
1299056547625086977
1299063161413222400
1299077111299350541
1299080710561632256
1299095684042424321
1299110276420325376
1299111254049472512
1299119615310790656
1299137638327296001
1299143600987660288
1299148930438115335
1299184133336428545
1299226307595698176
1299307471027294208
1299329131080024064
1299369458578984960
1299478146262024192
1299526666788777984
1299528372998082560
1299531615308218370
1299534496841084928
1299551479116828672
1299580038459711488
1299680924548825089
1299860411119005696
1299860850510098433
1299862978226016262
1299919688487415808
1299953940310654977
1300084059260026880
1300090979488325639
1300104960005283841
1300125779800600577
1300164758235119617
1300191306489180165
1300234978551386112
1300239496282284032
1300279741354856450
1300280112873484289
1300302662735245314
1300393837576302594
1300400600060919810
1300410246393991168
1300440214909972481
1300450146883432450
1300479997241487360
1300537090220781568
1300546184021520387
1300611574516908032
1300728647544791040
1300745546890649600
1300745684849754115
1300754631929327619
1300799914105024516
1300800630634827776
1300844717031280640
1300912980196864001
1300923830437851137
1300981849800544258
1301093440319614978
1301095695881912320