1291832202217611265
1291842760107012096
1291833775953977355
1291957700973060096
1291968819850670080
1291837085385728000
1291973830613794817
1291839148073025537
1291839286111805441
1291839329103253504
1291839765290065921
1291840247148421120
1291840620466786305
1291841052245217282
1291841221116166147
1291842004020654080
1291842389892575232
1291846042925895681
1291847058568040448
1291848778622939136
1291881945584898048
1291883104672428032
1292000281715191808
1292069344738852864
1292235308226863104
1292488132227604481