1293477720337391617
1293478983280009217
1293484133348384769
1293487724004081670
1293489795541467140
1293492392734138368
1293502684411166720
1293517432989061121
1293518847262302208
1293522319013543936
1293523173871419395
1293523875582672897
1293526210702708738
1293531079488372737
1293533720519925761
1293536830651072514
1293539477839904768
1293540361621647368
1293540493360541696
1293551094359040005
1293554468697473027
1293567845427744768
1293585660524273665
1293598104965599232
1293604065474015232
1293608553035571201
1293636293717635074
1293655863270440960
1293663011434045440
1293664891694440449
1293669197160099840
1293671064346570752
1293677217751478272
1293691676217679872
1293726631429672960
1293739805520478208
1293774127094996992
1293859971910836224
1294182391267950592
1295162323930251264
1295758759000711171
1307633565794996224