1300452253669756928
1300602090084093953
1300603781395218434
1300766025504509952
1300785656768139267
1300812689216864258
1300861017061236736
1300897418251296770
1300457574228140032
1300457678326562821
1300587658419286016
1300459211780956163
1300469293621145602
1301697033846300672
1302288786206928906
1300461477409808385
1300462951627927552
1300463183736582144
1300464041802960897
1300464079933501442
1300465000461541376
1300466097003532288
1300473017470918656
1300473320081678336
1300474268686319616
1300480999491592192
1300485634193125378
1300493368884105219
1300542291308879873
1300564181389770752
1300573891006328832
1300580304885878784
1300715805554941953
1300739042728910849
1300751172156809217
1300757502208798720
1300767076404011009
1300862584283787264
1300930226650779648
1300972588802486272
1301095587438186496
1300461561438502912
1300469762988945412
1300471724564242432
1300489330474070018
1300461773489713152
1300461819572768769
1300461839332126723
1300973050884755456
1300462104034435072
1300462586849357835
1300466148530466817
1300466931296731146
1300471578833104897
1300482590252515328
1300483717790461952
1300483981285240833
1300603720695070722
1300699543562977280
1300701984735989760
1300705417555828736
1300462036544114688
1300919832729341953
1300462300533587968
1300462802507714560
1300464571623243780
1300464696550514688
1300482203256643585
1300482554533785600
1300527464490229761
1300462506503176197
1300463734691823616
1300467145394978826
1300482247993090051
1300493221760397312
1300524742286295040
1300527867919433728
1300480563929739264
1300508789787914240
1300526349459705856