1300123372404187137
1300133014823985156
1300139180761198592
1300208324630196224
1300330247846535168
1300333137906397185
1300112886367354880
1300113180958568449
1300113381131780096
1300122436869001220
1300127893188734980
1300127956996628483
1300141974389952520
1300147246906912769
1300152913558343680
1300170873928912896
1300188456338030596
1300198849886081025
1300208643963457536
1300218701053136897
1300219758030225410
1300220706236628993
1300234408658694146
1300238602379710465
1300260510332461057
1300287172243681280
1300381554204647424
1300384125073920003
1300394132666560512
1300409832667844608
1300437743739305984
1300587361311621121
1301194844447158272
1301356279114457090
1305237810648145925