1291427259534815233
1291431702070538241
1291434708576825345
1291478251060301826
1291478945267843080
1291511035619237888
1291511770675400705
1291511841789816833
1291511863793070082
1291512211572064257
1291512387045076996
1291512758857609218
1291513331006812160
1291513565543899136
1291513883664871426
1291514505080569858
1291516012945432577
1291517126365212672
1291522055112781824
1291527896796889088
1291533944983298048
1291541088008896514
1291551981329358849
1291557577520709634
1291562546546311170
1291603675991781379
1291624338114912257
1291715672079310848
1291918345118326785
1296215296890396672
1296219968275505152
1296360395251363841
1298940604890722304
1292988869554647041
1291423840627757056
1291430002274324480
1291496079314345984
1291597731669012480
1291628778897018882
1291639574792253440
1291629824252039168
1291492579297636355
1291429947765129218
1291430146709356544
1291447446099419139
1291448444570099712
1291505992400683008
1291560450480656386
1291579264408723456
1291580376876490753
1291590686555303936
1291615106657161216
1291697076389072896
1291707860938874880
1292342472547266560
1306721549769224193