1299362592763203585
1299381437699776513
1299396037954527232
1299694455046504450
1299696153441730560
1299706320581525504
1299912701259456512
1299925270791553024
1300123813074604035
1300979739524390913
1302310362084192256
1304181223447724037
1299367518231027712
1299367805553442816
1299381130974711809
1299395014548754437
1299390723675099138
1299554507064573952
1299373791542345728
1299374776977420291
1299375854988951552
1299672514315137024
1299896825198018566
1300218818564825088
1299378061402464258
1299383492393009154
1299384915163852801
1299394188342165504
1299400688812716032
1299419702234677250
1299421815152967683
1299438618344337408
1300158587273011200
1299375717361135616
1299378732331925505
1299383080340172800
1299427662797197312
1299447205049270277
1299448035458588672
1299450127833116672
1299452728217874434
1299453952719642624
1299462140001161216
1299475993678278659
1299525319179882501
1299528544729653252
1299556675532345346
1299610405212270592
1299611245574791168
1299762214048600066
1300521610881855489