1296426740533862400
1296428051602055171
1296428152768659456
1296429435110006791
1296433762385965057
1296434482074058752
1296435233550675969
1296457748071297026
1296459530868580352
1296461992300105728
1296473428883537922
1296577923995107330
1296582582692466693
1296599092475437060
1296632172481146880
1296647256922234881
1296688988565069824
1296692037929099265
1296706372994830336
1296724052116213761
1296431336136282112
1296431722452717569
1296432739378515978
1296432792100904970
1296456871566626824
1296474236316528641
1296541055152795648
1296552426372292611
1296587469182427136
1296589562374807552
1296622915299966983
1296814814052982785
1296891477767921664
1296989941755293696
1298780390149304320