1293659308647833602
1293659760345198594
1293660524715147267
1293895618771980290
1293951593042255873
1293974312333053955
1293976996549025792
1294041195727880193
1294047097092747264
1294066459719741442
1294067662696448000
1293788741279113216
1293665335623614465
1293665401612599297
1293677343588982791
1293689381715423233
1293740521102483456
1293835297948602368
1293875092288675842
1293903446396018688
1294046980138610689
1294048346777063424
1294066328114888704
1294066864272715782
1294114227041386496
1294196367506759680
1294321496110673920
1294343051008073728
1294358591118479361
1294361883068239875
1294408432678838272
1294420575239180297
1294462730947170304
1294483562239004673
1294743477687930886
1294912939548385282
1295076312655298561
1295118951089938432
1295341979652497415
1295342613483134978
1295346018960257025
1295383167524696065
1295429938649223169
1295714408224690177
1295736650895691777
1295753834204192769
1295835095266283520
1296008267035025410