1296912515977351169
1296912942806347776
1296913601773465601
1296916021744467974
1296946069314691076
1296959012802502656
1296962822585192448
1296966898547032065
1296967768110030855
1296984154446475266
1297011525572366336
1297014017555173378
1297016384476581895
1297077272147398656
1297095190478336000
1297157315787927552
1297157886242705408
1297158281765335047
1297161687074775040
1297171399677747200
1297178467390324736
1297184948240121857
1297207983882067971
1297216401556606977
1297216653252595713
1297219978479800322
1297220973381517313
1297261486595805185
1297276341826416640
1297293978857963520
1297483284738445312
1297512799288131585
1298590969680592898