1297497470583345153
1297497603924533249
1297499132639223809
1297499604867407872
1297499902042411008
1297500393144975360
1297500553027543040
1297502469690458114
1297502484689121280
1297504247777394688
1297505153621331970
1297508156612866048
1297508204700676098
1297519259111882752
1297524774357422082
1297525500189896704
1297536196898222082
1297543850416717826
1297572341862617090
1297595630127284224
1297596870999470080
1297611346163445760
1297616197954031616
1297623655111892996
1297646686790193153
1297649235719065601
1297651373094449152
1297651954722549761
1297653467985727491
1297657796977205253
1297676040249073664
1297678127582318593
1297678424832606211
1297681898441932802
1297681989697511425
1297685890806906880
1297696725336023042
1297725108199526401
1297729653554073601
1297824655831687170
1298004854468747264
1298801093506412546
1299064222849134594