1292770431355817984
1292770722507612171
1292770985687617541
1292771147159748610
1292771361178427393
1292771420578160640
1292771799394967552
1292771890705174528
1292771967787884544
1292772040819331073
1292772288065089544
1292772868363878402
1292773408263024642
1292773497266212864
1292774108426432513
1292774598887448577
1292774863782912000
1292775305132687360
1292776277829591043
1292776419672633350
1292776596584239105
1292777309917851648
1292777322001596416
1292778009225723905
1292778068038291457
1292779693184180229
1292780711775264768
1292783227472674816
1292783333085270017
1292783876998299648
1292786419849723906
1292786420063535104
1292803089330843648
1292809613616660480
1292824151233826819
1292847026347089922
1292862029427085313
1292888026054627329
1292888978241269764
1292900654831349775
1293026975729233930
1293032797708394498
1293082335194370048
1293134110035066882
1293431449110994944
1292770810718031872
1292771042956439552
1292771048421642241
1292771723742519298
1292782926346821632
1292798753947226112
1292799567826751488
1292879086378000384
1292894217459642368
1292770892792160257
1292770984022417408
1292946759400984589
1292771346909405185
1292774520978395137
1292884138098397184
1292771716767404032
1292772053880381440
1292772317999685633
1292786486434291713
1292772266019885057
1292772465601662977
1292772549592580097
1292772529971568640
1292772626289635328
1292772691397742592
1292781747663511552
1292772809484251137
1292773245301583874
1293014996792889344
1292772930158559237
1292773283666984962
1292773284967325703
1292773663587143680
1292774297090625536
1292777548947099648
1292780911126360065
1292783688909041665
1292830664153108480
1292943982905917440
1292774526237978631
1292774792622477318
1292775316105109504
1292774821898653698
1292774876739035136
1292774823723229187
1292775171019939840
1292804480241668097
1292775960274767872
1292776349422231553
1292800117381226498
1292777141151686656
1292777178392702977
1292777179923783682
1292778253674061824
1292860507121164288
1293082311811112960
1292777183090552834
1292778193989120000
1292777888563884034
1292777963667128320
1292778118504157185
1292785098841088001
1292796493292687361
1292802291058253827
1292846523567476736
1293225172594561026
1293339677705949184