1298607492197384194
1298610000399499264
1298611177774288897
1298617227739041797
1298626207286788098
1298630514400780295
1298686664131448834
1298986108433252352
1298295402995875841
1300502346250813440
1298283201429942278
1298382589904875521
1298644154503888897
1298303400740827136
1298291780258017282
1298286216912216066
1298286427235479553
1298287281376296963
1298287835666092032
1298288041610665986
1298288704172236803
1298289525655994376
1298290663860187138
1298291317408174086
1298291615367335936
1298291950173339650
1298292013893169152
1298292303229005824
1298292412146647040
1298292554509647873
1298292831128186880
1298292940511608832
1298293779632275457
1298294071862218757
1298294160919793665
1298294949482553345
1298295100141735936
1298295267058384896
1298295443240214528
1298296329685340160
1298296643306115073
1298297461165916160
1298297562949181441
1298298180468191232
1298298426216472576
1298299093026918400
1298299329455759363
1298299665821995008
1298300162448797696
1298301586108829702
1298302498709671938
1298303565132259328
1298303640361476104
1298304436889149440
1298304889634856960
1298304923910565889
1298305854014464011
1298306999197696000
1298308937385615360
1298309063810461698
1298309750703173633
1298310390917541890
1298310577618595843
1298310812680028160
1298312007171469312
1298312047051116548
1298312104143880194
1298312474303897601
1298312538095050755
1298313375756300289
1298314931536826373
1298316084710461440
1298319406523494400
1298319704306704384
1298319888516370432
1298321855858835456
1298322678357598213
1298323229711400962
1298323282224128000
1298323935222734853
1298326201833070592
1298326486328446981
1298326712724463616
1298328013239713795
1298329086943809536
1298331166668402688
1298331707838541826
1298332142783537152
1298332609341263873
1298332983091290112
1298333789064757256
1298334061186953217
1298334107622146049
1298335520397889537
1298336519179165696
1298337056410734592
1298338499171680257
1298339162085560321
1298340014439497728
1298341858511331330
1298342268491898880
1298342588802650121
1298342628354928645
1298342798274580480
1298343487818129414
1298343547846840320
1298344265731448832
1298344567838838784
1298344614290694145
1298345208480960512
1298345717875060736
1298346779331698691
1298347965984264192
1298348014227070977
1298350893142814727
1298350981139378177
1298351002316406784
1298352055392894979
1298352068504309761
1298352483098595330
1298352871117791232
1298354256240504832
1298354282643836930
1298355364111486981
1298356622960537602
1298357081674850307
1298357701114597377
1298359448130465795
1298359870773764096
1298361265895743488
1298362641375727617
1298364020991369220
1298364142877913088
1298364516414173192
1298365878988410882
1298366966743183365
1298367366342905856
1298367988291297285
1298369604255916038
1298370485084925960
1298370732297076738
1298371223068397570
1298372522971365377
1298375031261736960
1298375815936323589
1298377068304977920
1298377677892714500
1298378885546102784
1298379914979291138
1298380325341597696
1298380571740168192
1298381490938621957
1298381800713203718
1298382673384112128
1298384311083847680
1298384448573104128
1298385976390295553
1298386540649799681
1298386565299871751
1298386708606726144
1298387241937637378
1298387392399777793
1298388366090629120
1298389204116832256
1298396778312736770
1298398804442578948
1298400239020204032
1298400960281272321
1298401957045043201
1298402940403822593
1298404066612121602
1298404764930248704
1298405982318469120
1298410426494078977
1298411257381433345
1298411287098134532
1298412227100377090
1298412579308679168
1298413580811939844
1298415061439000577
1298415480915537920
1298418263081312258
1298418312351756288
1298418711255306240
1298424960407478277
1298430274662014982
1298431893155676166
1298432347725893640
1298433102583402496
1298434649136365570
1298437357595631617
1298447181679144963
1298453678764957696
1298457633834196993
1298462710171140097
1298465876363091968
1298470582724579329
1298475044083920897
1298475593613402113
1298476558248706048
1298479696691302400
1298479746477469696
1298480178293743616
1298482271104544846
1298483241184157696
1298483385116090368
1298483923815510016
1298485974985408512
1298493378041176064
1298494729705988103
1298498490763546625
1298499292513144833
1298504039500525568
1298504144907575296
1298506627243532288
1298507961007058944
1298511748463353856
1298514756555485184
1298516350634037253
1298516718143250435
1298516878944608256
1298519547763404801
1298519865758748672
1298520421663309826
1298521828504113153
1298522327626391552
1298523078503276545
1298524529321365506
1298525715898470401
1298527867286978560
1298528001374720000
1298528257147641861
1298529150848958464
1298532626261856257
1298533223887261697
1298535387531546624
1298536629011976193
1298540103531286529
1298541058792415232
1298543096888725504
1298543496484327425
1298544043991990272
1298545748376780800
1298546289437679617
1298549732852154368
1298550941407416321
1298552056719060992
1298556569702080512
1298558905539321856
1298567387902509061
1298567726882054144
1298568501905350656
1298571806673195009
1298572062827532288
1298572824441954310
1298585502078115840
1298589213328318464
1298589675293114369
1298597220770631680
1298603323151585281
1298606832567701505
1298607483502702592
1298612777335099392
1298612981450891270
1298617722293690376
1298623044672528385
1298628010984144896
1298630661671202816
1298633303004712960
1298639902012309504
1298640126415781889
1298640488308842498
1298643663871004677
1298648659706306560
1298654594415964160
1298661548853006338
1298683874541699078
1298684646251790338
1298685627806830592
1298688228887801858
1298689483181760512
1298696918533472257
1298701629747875850
1298702098121535491
1298714388061331460
1298727210363301889
1298732520293502983
1298738291370590209
1298756251782909953
1298760077340377088
1298776304251219974
1298792104840306689
1298794163408961537
1298799352769589249
1298815089798270981
1298824329610686466
1298828927960526848
1298830352119549953
1298839361908342790
1298840968712470528
1298844466464219136
1298861852789743621
1298885445254709249
1298901073382510592
1298918684300369920
1298922187181572099
1298928965118078976
1298936662236561408
1298939483283501057
1298939870409359360
1298943822274146306
1298949319836536832
1298965062456086529
1298972270996709376
1298982139669524483
1299033478298730497
1299631424228614144
1300324497485000704
1300356224416849920
1300804115413508099
1305405612667396098
1298288297177804801
1298307758920552448
1298289022113067008
1298293380494045190
1298296064735424512
1298761654075904002
1298289367790899201
1298640195634360320
1298655210395635712
1298719429480480774
1298787532834869248
1299272142492631040