1293490102518386688
1293490185372684291
1293490605436178433
1293490617629122562
1293490658209144832
1293491461007085571
1293491649184698370
1293491867821027328
1293492782498119681
1293492973964079105
1293493216323436544
1293494405572304896
1293496595170852864
1293499581423026176
1293499942322024448
1293521648684085248
1293522801320697858
1293525451307126784
1293541981654667264
1293546309681586179
1293567969503653894
1293579998838882316
1293761597366706177
1293876520876875777
1294182678389043200
1294496656201637888
1294497223091290112
1294497577769951232
1294510504556105733
1294511533792219138
1294531128406114304
1294534851241140225
1294579920748732416
1295406800657772544
1295413456166744064
1296069561314312192
1298034784480800768
1293498507165401088
1293498801676787712
1293502705101467649
1293504793898434561
1293504851561742336
1293504955840491520
1293505030109052928
1293510532327071745
1293522342467866626
1293526256697450496
1293526554853560323
1293530963482296322
1293531142532939776
1293531865001766918
1293551175778938882
1293587651984064513
1293855798976602112
1294309987510939649
1293498508666900480
1293498642448502784
1293498783238631424
1293498878617178112
1293499018367119360
1293499515421556736
1293518060683313153
1293499578512297986
1293531436767535104
1293499690902786048
1293499760402456577
1293500761217826817
1293500762585214978
1293500763755491330
1293500765009518593
1293508041900462080
1293515679262339073
1293516543347716098
1293531285181198336