1291800329336557573
1291820737406402561
1291866047599882240
1291876768694120448
1293013564018524161
1291786011446476801
1291786207567974402
1291786586212851713
1291787419260346368
1291794117857439744
1291808275604832257
1291817001866993664
1291927170328047617
1292015817849266178
1292033016785702912
1292059499449196545
1292076316712480770
1292136759099187200
1292143192687747072
1292144358809100291
1292156137186500609
1292217558804783104
1292231298526990338
1292313104907460609
1292359971460517893
1292420894242099200
1292703841880768514
1292742814649004032
1294305189504135169
1291792629374636037
1291811200888692737
1291812349549187075
1291875295411101696
1291898711639908353
1292000591086985216
1292608718929043462
1291864527399657472
1292028536904179712
1291803219400720385
1291826054626193410
1292194746631368706
1291797079438897153
1291798073790914562
1291802522353577986
1291802585884696578
1291803240330403841
1292309619537096704
1292528209125416971
1292598225413660672