1293591695993589761
1295423403604742147
1295736787470618626
1291770617461645313
1291770969137319937
1291773730067103745
1291775970567954432
1291780239215992832
1291784387646894082
1291786096804655104
1291786890765651969
1291792476508848128
1291794889227804672
1291795617908482048
1291799638513725440
1291807003304759296
1291811352244150277
1291813586533150720
1291813972467945473
1291814118534635520
1291818310951145477
1291819908641239045
1291826582642860032
1291827626718269441
1291827806570250244
1291829060205772800
1291835242450313216
1291837151852691456
1291839765029908480
1291842105195692032
1291847193410834440
1291849206122995714
1291867023400505345
1291869418432102401
1291881318465363968
1291884832939823104
1291891810596421633
1291894521849098241
1291896756523991041
1291898326443581442
1291900456260665344
1291904587306356736
1291914830551580672
1291917767197765632
1291921436601249792
1291931633633964032
1291935097726341121
1291940372755750912
1291998061699444736
1292096049222496271
1292096342391570432
1292107775997181955
1292109050633584640
1292117482636009472
1292159148218613762
1292282719678783489
1292344809986748417
1292390254901710848
1292406687459168257
1292491820388298752
1292528650064203783
1292557610890272768
1292718420702777344
1292808468370423810
1292920086538354688
1292925497379299333
1292932483479207936
1293825593054765056