1296465050077671424
1296462076085440517
1296566028290457604
1296811520500756481
1296892492105670656
1296566661177319427
1296568612283654147
1296594343369814018
1296754188601499648
1298779177701830656
1296460721686020096
1296472771078369287
1296473176495579136
1296462356831252482
1296471174151647234
1296471639320862720
1296473929041825794
1296479172425060353
1296461438307971077
1296461783385944064
1296471363931246595
1296473967927197696
1296479893593751555
1296488659613605889
1296494569899597824
1296504237682298881
1296506384381616135
1296524961360891910
1298402558143270912