1265676166012207105
1265677297975201793
1265680107907121152
1265680120825569280
1265680145131732995
1265682450606243840
1265683401832620036
1265683501942296576
1265683857879138304
1265711948739608577
1265712710852980736
1265717312625225729
1265719299672547338
1265724802981138433
1265729428794925056
1265731069338365955
1265733359243857922
1265739479102435329
1265740771325628419
1265745941811863552
1265748702058217474
1265750291724619776
1265802561010888705
1265807620377645057
1265816880150835200
1265822643661332485
1265842017906700293
1265862540610830336
1265875656174379010
1265881872451715075
1265894207908048896
1265899414159269889
1265913852748804097
1265917716688330752
1265924225233272832
1265942448313978880
1265959307406970881
1265959961043054593
1265964524911292417
1265965924869431296
1265974221215326208
1265985375169806337
1265993582609129474
1265994438314283014
1265995881205170176
1265996773513986053
1266009362000011264
1266033365494517761
1266058220658810880
1266067112856076289
1266120855630884869
1266124679573618694
1266139577678467076
1266168649120915457
1266178209340633088
1266183954022821890
1266202374844055552
1266291038664011776
1266308390361247745
1266310869107068929
1266316640133799936
1266318113433440257
1266343615913050112
1266363442631372802
1266465065898737670
1266480503055626240
1266552187791880192
1266737559683698688
1266951708317343746
1267086009981902848
1267086932607209472
1267093878349406208
1267105647444852736
1267665763332231175
1268247333206216704
1268511557958459392
1268801035700707328
1268858451452735490
1277372427811643393
1277930925058338817
1285524255442997248
1285963849003339776
1286743827479330816
1300664455752163328
1265680532085579777
1265680737920925697
1265702493721432064
1265719715693035522
1265727888264802306
1265737226895396864
1265880914686607360
1266271577546473472
1266628638419628034
1265956434153558016
1265720547482140685
1265733942222753793
1265914138603204608
1265951334349656065
1265995809683918849
1266008665401810950
1266025131706638343
1266039925658447872
1266118631210881025
1266149632188583936
1266185086497689604
1266334432698544129
1266353255103283202
1266355886529884160
1265810598408880129
1265844311599562753
1265859160203079681
1265979711995310081
1265692234076155909
1265786312491032576