1258898254147788801
1259120078446104581
1259158036976934912
1258900628346073088
1258901781922435072
1258902817911255041
1258903845482065921
1258906999510745094
1258916881211293696
1258920732513521665
1258951908468781056
1258952037749985281
1258955498264465411
1259000089776926720
1259014231619276801
1259061883912454144
1259090055605424128
1259092454671822851
1259154392285974528
1259176831921590274
1259250491818639362
1259351696851062784
1259489865353265154
1259627509848485888
1259790899757768704
1259925493782130688
1260238782609215489