1258052938553012227
1258052984786817024
1258053093461237760
1258053195789733889
1258053375104516096
1258053700746203137
1258054180175921154
1258054259943202817
1258054741973708800
1258054907938189312
1258055325149736965
1258055856018436096
1258055887584989184
1258056164224520192
1258057426848239616
1258059372757843968
1258062732437454849
1258064224766418945
1258070039107796999
1258070122570252296
1258081200008298497
1258092342831128581
1258095754251587589
1258101705671168002
1258119720844353537
1258120266607198216
1258125098415878146
1258163639321796610
1258169234074419202
1258195053874278400
1258198241876815872
1258218420497076231
1258223915077419009
1258241108183617537
1258249648264941571
1258261399484035072
1258271470817546242
1258274919671971842
1258286704605134850
1258287065499791361
1258297714493673472
1258298075161878529
1258341140945932288
1258353200350052353
1258394128188137473
1258495559515557888
1258776259057909762
1258779900888018944
1258052821934579715
1258053710623760385
1258054504760643587
1258054671119384577
1258056080308883457
1258056093080543232
1258056717079896065
1258057254374424579
1258061554034987009
1258062560756035585
1258065336617717765
1258065677363134464
1258067144358625287
1258068247506817024
1258073113591513090
1258085452676059136
1258094588394221568
1258096009869053952
1258096038780432384
1258096038918811649
1258101252954763264
1258121584419770368
1258123508015661057
1258135747300737026
1258153681045897217
1258205669196476416
1258255607297122306
1258340840151240704
1258364780945031168
1258374076982312961
1258631161380823040
1258640501789478912
1258053212516626433
1258080691490824192
1258053290841047042
1258053388039852032
1258053769633263616
1258055626984427520
1258066234375114753
1258221374188986368
1258053490686951424
1258054232915226624
1258053565681197056
1258053744694001665
1258054021077774338
1258054060365811713
1258054930843066369
1258055396268351489
1258055449389043713
1258062519979200512
1258072810892779528
1258073249004417024
1258081212146438145
1258089978837577728
1258097343297134593
1258099335885205504
1258054207841677317
1258069009238339585
1258668936008065024
1258054331472977923
1258352186163150850
1258054462402367493
1258054682209071106
1258055111361859586
1258055195726163968
1258055753384026118
1258060731708133376
1258055996326412290
1258057362918699008
1258058356289396736
1258105178827436040
1258110157151666176
1258110643904839680
1258111796667441153
1258115874655023111
1258115874680115200
1258116209788071936
1258116285352706048
1258118579444158464
1258120319010734084
1258120428717060096
1258121456891936768
1258122208137768961
1258122660770451456
1258123553884573696
1258124485519179776
1258125102211874816
1258125446128062466
1258125882020986882
1258127152991666177
1258128411043729415
1258129292409651200
1258129925585776640
1258130902959472642
1258131883948376064
1258132542680715269
1258132751703629824
1258133364160237574
1258133691840311296
1258134081444995073
1258134674523725827
1258134694748663814
1258134861677813762
1258134962194329600
1258135271863980032
1258137589283991561
1258138124791709696
1258139148944367619
1258140981905494021
1258142390856056832
1258143204307865600
1258143296708214785
1258149854532026375
1258152842558308352
1258154289920237568
1258154483160199168
1258154524679663616
1258155606927708160
1258155996477829127
1258156147665776641
1258157259286286338
1258159100283715585
1258160134280351750
1258161067890405377
1258161726773657603
1258162465357082624
1258166292877643776
1258166520838066183
1258168406332801024
1258170693079969793
1258171524701229057
1258172367064489985
1258174175908413441
1258174875438657536
1258178377585848323
1258178448989831169
1258178775826784256
1258179162268934144
1258180089264533504
1258184054182035456
1258185604619214848
1258187135061856256
1258187651762409472
1258187957418160129
1258188297110609920
1258189113699692544
1258189337180680199
1258189626172456960
1258190315103629313
1258192882130980864
1258195041673031680
1258196064814891009
1258197570448510976
1258198020669296641
1258203384991096839
1258246028626669568
1258266854797303813
1258268078456090624
1258277288275304448
1258303969287458817
1258317083118575622
1259247393263939585
1259254666115809280
1259255027190939649
1258056244117585920
1258169897366020098
1258056308873261059
1258056461411913728
1258057614216368128
1258135591268556807
1258187228318175232
1258261103362166784
1258298179604406272
1258385643782184960
1259797718697783296
1258056565703217152
1258056669210214400
1258058031893446658
1258056778786508800
1258057062661206017
1258057157792202753
1258125799540043777
1258180856360796161
1258571519002902534
1258057319532892160
1258058625865658369
1258184938194599937
1258057821398106112
1258280575724593153
1258057904155959296
1258058811358797825
1258074174859481089
1258164054134345728
1258169603462742018
1258177547348606976
1258342950062436352
1258376890026508290
1258060307546673157
1258061671525871616
1258062006529282048
1258069933478436865
1258097192910249984
1258264848342925312
1258280057379917825
1258288923228372993
1258419185421398024
1258168093034991616
1258086225161814018
1258114422960201728
1258153799874732043
1258183751059697664
1258196464339169280
1258208757949046787