1260703470472105990
1260756146396303361
1260692330044063751
1260696973172072448
1260699381084405761
1260705937016475648
1260745929520488449
1260746989815255041
1260748966485991432
1260847649760124931
1260995764475617291
1260999097248555012
1261036758592114690
1261072398796931073
1261087056400453633
1261135962374995968
1261160612123430912
1261172873110175744
1261200273105727489
1261270012641280001
1261282443954438144
1261315545506316289
1261322235039678465
1261322445211852800
1261367290689290240
1261431979494400000
1261466913558978560
1261467412043411456
1261497192633647104
1261543666151305216
1261647854768205825
1261713023145783297
1261742890772037632
1261800487185072128
1261823546939957248
1261934284371136512
1261957198663598080
1261957621923414018
1261986705529282563
1262049984586842118
1262060395335991296
1262098093476020231
1262234404056793089
1262248589197111296
1262480509533335554
1262486095943606273
1262526864553381892
1262545233343987712
1262612181117353984
1262627951868346369
1262717533737701377
1262828883847544832
1262934898626539529
1262962346395222016
1262967945837207553
1262976937909084160
1263031574511173632
1263093519230611456
1263128231382855681
1263138871681748992
1263147680122929155
1263192604943908864