1257612348635963393
1257612489518223362
1257613279989547009
1257613301070147584
1257613387988529153
1257615153719398400
1257619252414230528
1257621222369746945
1257621824298528769
1257623601563357186
1257628957270302721
1257641020256329729
1257641083334463489
1257641297256550400
1257641381268525058
1257678257337577476
1257928658062389254
1257948489503387648
1257614348911968256
1257614958050721792
1257615167514464257
1257616447364358145
1257617285209919489
1257619458111266816
1257624541091643393
1257694875031498753
1257711924869042176
1257903789178155008