1257429996454412288
1257431517602680833
1257432719291809792
1257442634144022528
1257477711242522629
1257627334397644802
1257652651069771776
1257436845362872321
1257437646340718597
1257441528470999045
1257442042004856833
1257443775523291140
1257445658128244736
1257446424616329216
1257447411699548161
1257448253307736067
1257449331092832267
1257450405157638145
1257451570901520385
1257455642467581954
1257458630674321414
1257458636131119104
1257459963942797312
1257461127010795523
1257465605734752259
1257466969302929410
1257467234051645441
1257474638566825984
1257474901939757056
1257475466006495233
1257479317216538624
1257483563970093056
1257490539366297602
1257495915104841728
1257501626643800064
1257502695553785856
1257513676048723969
1257516235148976128
1257534435366514688
1257577191719800832
1257589062032134144
1257700528806658050
1257711382079782912
1257718688989327360
1257727418233761793
1257732983500480527
1257744728805629957
1257770269835321345
1257959917383757824
1258012819762696192
1257513039806574593
1257591019916234757
1257644069406347265
1257806474656411648
1257443250643841024