1264704240548810752
1264704308664324104
1264704345477656580
1264709004971741184
1264727351419699206
1264745302172581888
1264745617512902656
1264745814984806401
1264745856382705664
1264746033357217793
1264746037299691521
1264746184616415234
1264746435880206337
1264746569963839488
1264746593703641094
1264746784687108097
1264746863296688136
1264746956800364545
1264747018766909440
1264747398787629056
1264747758101004288
1264748055204696064
1264748294552485888
1264748633712287746
1264748679497465860
1264748713194512384
1264748734363156488
1264748793662042113
1264749367388524545
1264749677955764226
1264749683114676224
1264750948280385536
1264751729049956352
1264752895301476357
1264754480815370242
1264755851962642433
1264755923496529920
1264756099112148993
1264756883581218817
1264757085822054400
1264757671921692673
1264758301285396481
1264758678290235393
1264758691611332609
1264759555432435713
1264761111506755584
1264762152558223361
1264763125510868992
1264763141960810498
1264763859123859457
1264764056914800640
1264766148756701185
1264767251502129153
1264767570776928259
1264768250061225985
1264768799967830016
1264769408230014976
1264769509224742921
1264770474304835585
1264770540402868225
1264770695235547141
1264773963797934089
1264775825796157444
1264778342563229697
1264779527659548674
1264779714788388864
1264779920900669440
1264780431196672001
1264781176788733953
1264782696284381186
1264782843047219201
1264783367104389120
1264787364028616705
1264791318615617541
1264792311432699904
1264792695937077250
1264797644037079040
1264801674142584832
1264801930989023232
1264805765103128577
1264806569109155840
1264810483493883904
1264810931059593216
1264811497982746624
1264811972631150594
1264812772736499712
1264817847596875776
1264818347981418496
1264821191291949062
1264822578939490305
1264830754921558017
1264832235359870978
1264839570098655232
1264849277387497472
1264854778426908674
1264858318406852608
1264860751656816641
1264861191274295299
1264865083823394821
1264871140457156608
1264872013803503617
1264873015512141824
1264875428474351616
1264877294826512384
1264879735387152384
1264882054849839105
1264885791722999808
1264887151126360070
1264887884559106048
1264892998384594944
1264895631019200513
1264896063514857472
1264898809978654721
1264901105043099648
1264903147102916610
1264903189289107457
1264903655960035331
1264904158668300299
1264904775600156674
1264905802600546304
1264908022008160259
1264911167119675393
1264915123405066240
1264916732847816704
1264918095421833216
1264930339711041536
1264937629134360577
1264951503221075969
1264952724027609088
1264954117073575938
1264954212871356422
1264961012207194116
1264965021525737474
1264972885682200581
1264977714169044997
1264979637689626624
1265007145352912897
1265012736083349505
1265061851559321600
1265077579456712704
1265133876294238208
1265165019676676096
1265173449481297920
1265179400938668032
1265242232438882304
1265247440539717633
1265276868279906306
1265317989512908800
1265351484683804677
1265934980418592769
1265984011597463553
1266610727902752768