1262289849966399489
1262290189831077889
1262290708154609671
1262291472591859712
1262291732999409668
1262292333648732161
1262293203765596169
1262293398536556545
1262295661342408710
1262298296623591429
1262302953932636161
1262303530976763904
1262309528176975872
1262311583604068355
1262314202896699398
1262314954188783617
1262317878658895876
1262318507963940864
1262319457046867968
1262322411547983872
1262324154373562368
1262328376083308545
1262331120600838145
1262337499583713285
1262339736300998657
1262341555743977472
1262441154072715266