1261613691121938432
1261614436315529217
1261617172167577601
1261617337813233664
1261620115235377153
1261620618128211969
1261621641790001158
1261631996121489408
1261663570883985409
1261694870055510026
1261704224720781312
1261705497943527424
1261713674047295491
1261715047551651840
1261729686297686017
1261757919378448384
1261765557420019714
1261811547959001089
1261837340688805888
1261837971583533057
1261846380273786882
1261862590822494208
1261868115396190209
1261927972228997120
1261951073780105216
1262061304925175809
1262302989966073859
1262303450253189120
1262430478759583750