1256273240961449985
1256274923330375686
1256280598160846848
1256289485475794944
1256313826607132673
1257413675910037505
1256274798466019328
1256275216646406144
1256275241241907205
1256276394570477569
1256327598902145024
1256330498533543936
1256336109266538496
1256348025066225667
1256405152719757315
1256415521605640192
1256457308432814080
1256476488343457798
1256484029567766529
1256489919729598464
1256509565950201856
1256519166816915459
1256522257171656705
1256553866340024322
1256571515253989376
1256573930929823745
1256613654713286656
1256863519150129152
1258177857517469697
1256274537060196354
1256275149470552067
1256277825318817792
1256405651502198785
1256843309181435905
1256280795146268673
1256282822807031814
1256283590133837824