1262118901627969537
1262119400183926787
1262120495018848257
1262120692155375619
1262124287328088064
1262124496896614400
1262124867597418496
1262127973504888833
1262129786580844556
1262138107467628544
1262139232145063937
1262144377666908163
1262175915401900034
1262179866113425411
1262198434049798144
1262205811452858369
1262206335711612933
1262206922553356295
1262213176264814592
1262227135734915075
1262242247124402176
1262261977826488322
1262291308636303361
1262297159233187841
1262321951407833088
1262324057866997763
1262335159040425984
1262343053869830144
1262348744831520768
1262349805914861568
1262356337146634240
1262362661553045506
1262364889026347009
1262366357162807296
1262376993947103240
1262377640096182272
1262378235024871426
1262384828332290051
1262392838752477191
1262399882138189825
1262413715128963075
1262419301811859456
1262426771384700930
1262433306060062720
1262481431378288640
1262487005667250181
1262535618627805190
1262583026825023489
1262658960831717381
1262879525748330496
1263191778997481477
1264032057551998976