1257938455872536576
1257938489993289733
1257938631685267458
1257938774589427712
1257939042571870208
1257939239741853696
1257939420642078720
1257939461830176769
1257939705456480256
1257940354776498177
1257941128160018432
1257941215418494976
1257941298520170497
1257941491877584897
1257942184290025478
1257943212188037121
1257943269960560640
1257944004659986432
1257944591870775299
1257945245561438209
1257945675024793600
1257946080718647296
1257946597247168512
1257946710325604352
1257948056722575361
1257948215036514304
1257948252680445953
1257948643912343553
1257949398442455040
1257952019328888832
1257952715650617344
1257952761947107332
1257954969816231936
1257955711797116928
1257955791396638721
1257958471221288960
1257958659704983553
1257959243380129797
1257959655889760256
1257965774213386240
1257965991083913218
1257968836013248512
1257970331412688896
1257970450321342465
1257972920489594880
1257973859858419713
1257974270145310720
1257975455677730818
1257976153735823361
1257976407457591298
1257978000127201280
1257979500614356994
1257987498246049792
1257989197857730560
1257989594483617793
1257990754309373953
1257995171498807297
1257997347306508289
1258006499382550528
1258012140272783360
1258013353185882112
1258016330760028167
1258018008393371649
1258019271638052865
1258019908392235009
1258023662717829122
1258027512690548737
1258029483853877248
1258032341131411458
1258038472150888448
1258041501025742854
1258042205580800001
1258046441441898503
1258053382863900672
1258064183687512065
1258072314777874440
1258113558669221890
1258119857914118145
1258121436088033282
1258131741660680192
1258141664868282371
1258151907354464256
1258254602237095936
1258255871626395654
1258260917621600256
1258304002480955392
1258310511487258624
1258318561061122048
1258322906137997312
1258354563548999680
1258381226425139202
1258389174941556737
1258395177057648642
1258399871742205954
1258399878809559041
1258445211262488576
1258450336571768832
1258475464227602432
1258520104565760005
1258582305804652544
1258624853613129729
1258718327570128899
1258741827940712448
1258775970552721409
1258777546252005377
1258821704073134081
1259122185567981569
1259195572222738432
1259198319068413953
1259201225578483712
1259201404306182144
1259206288761856000
1259207850448035841
1259207886925737985
1259210327213912071
1259242002652237825
1259254657857269761
1259254774345555968
1259256431166935040
1259312585855217664
1259323103852687361
1259346695692959745
1259353689967390720
1259355007473893379
1259359948938645504
1259393761056100353
1259410315562926080
1259412582084964355
1259421037332058113
1259427112135639046
1259447599863435265
1259450046619234304
1259513269926141952
1259583827535593472
1259623869633216517
1259654389523980289
1259663480761675776
1259698704157675520
1259728007524048901
1259753981594734593
1259781846759608321
1259804863174672385
1259829257510903809
1259842753044910083
1259847646656761860
1259854643766624257
1259874268814417921
1260077500530601984
1260092704555499520
1260178791881748480
1260181424491069441
1260240763918725121
1260550278144823296
1260814780975263745
1260911918585430017
1260966281672626176
1260988448095289345
1261089397362970627
1261118481946169344
1261234168748482560
1261255900733595649
1261273933099290624
1261310870900166656
1261436785478873088
1261545260347527169
1261682857866661888
1261686899544121347
1261702873710129152
1261706654229331969
1261735840029347845
1261736882569969665
1261895724314193922
1261899644700774402
1261940320398278657
1261941571051679747
1261942128042639360
1262002495355867137
1262050598511349760
1262106729493467137
1262107368839696384
1262112395566002177
1262121015808798721
1262159228698980353
1262280569305673728
1262307905010884608
1262328679171907585
1262369611481255938
1262403385053057026
1262430168473382914
1262433735653429256
1262481875517366272
1262618299181019136
1262648177657892864
1262688202072227841
1262691608820154369
1262703588075134976
1262738993688403971
1262846107261992961
1263008212091047937
1263019141319049216
1263202010553344002
1269557181646622720
1276117818958729216