1262413601563951104
1262414685552308226
1262416274434506753
1262421356966182915
1262433272883273730
1262436837869735937
1262858067139530754
1262414754917859331
1262418206494515203
1262418538414866434
1262425479702814721
1262578206965710850
1262426863781269504
1262427092601278465
1262429166789509120
1262431801705807872
1262440407570550794
1262444643364376577
1262445428131401730
1262464021266980866
1262466002618441728
1262466802585530369
1262474418678149122
1262608536858591232
1262612809520680961
1262451698045353984
1262456776705937409
1262457410611863555
1262434665656225792
1262440159490039812