1259234244301381632
1259234724565913601
1259234916719452160
1259235069975240707
1259235416059904001
1259235611396968449
1259235980449648641
1259236148456468480
1259236856450826243
1259237024017510400
1259237095291355138
1259237117189926919
1259237138190737412
1259238563864031232
1259238647414640642
1259238877849673730
1259240545228111873
1259241374588649473
1259241948231000065
1259242047057395714
1259242430706200577
1259242582757892096
1259243609825607681
1259244724692545536
1259246421473140738
1259246476221231104
1259249435025879040
1259254737557434369
1259254858755919872
1259257346368303105
1259259971985829888
1259261980407291904
1259264373400326144
1259268861716815877
1259270146431963136
1259270829751193600
1259274057100353536
1259274227959517184
1259280480660160513
1259280943145254912
1259282170989948929
1259287565041111041
1259288346687188992
1259289317186420736
1259289537848565760
1259290472092069890
1259290989056815104
1259294423269007360
1259300638313394176
1259301758817320960
1259307619182800896
1259309108227956736
1259310198700642304
1259310370549727232
1259311969615691776
1259313100156592129
1259313873561083906
1259317539513012225
1259323410854764544
1259333091077902336
1259333674757173248
1259341223715844097
1259351268008636423
1259355513474744320
1259356449777479680
1259360967613394944
1259362341713477632
1259364757397573634
1259365405933465600
1259366506405773312
1259367573298335744
1259367663958188032
1259367912017727490
1259368826808008705
1259370915529293824
1259371081560883203
1259371431898411010
1259373478093955072
1259375314410455041
1259376070064734208
1259376703945666560
1259377480156295168
1259378860593803267
1259379472035438596
1259379597004599296
1259379916459540480
1259379947866554368
1259380498616500225
1259381244359577600
1259381766516879362
1259381962218901504
1259382340121436162
1259382620791717888
1259383087915569152
1259383099441451008
1259383263023566848
1259383287715450880
1259383535741235201
1259383543563608064
1259383674623201280
1259383783519776769
1259383875484233730
1259384055520325633
1259384084620509187
1259384436887638016
1259384474778779648
1259384491878973442
1259384546472218624
1259384579858857989
1259384669298032640
1259384907463360513
1259385017282813952
1259385092570353665
1259385230248620035
1259385305875968000
1259385331276632067
1259385387836796928
1259385449459712001
1259385779572350976
1259385780553859073
1259385909608415232
1259386199581614080
1259386224978145281
1259386299519287297
1259386304627912706
1259386367894794241
1259386408067837952
1259386480432218112
1259386531246010370
1259386565085687810
1259386597696589824
1259386615362998272
1259386727719895040
1259386757323214848
1259386850621325312
1259386874189115393
1259386878094012424
1259387080276348928
1259387122529849344
1259387626588524544
1259387784868982784
1259387852871200768
1259388627232141313
1259389105776951296
1259389165109575686
1259389182545285123
1259389277336555520
1259389306688290819
1259389696997810176
1259389811770535938
1259389909162274816
1259390063084859392
1259390665772789762
1259390821553434624
1259391228686110722
1259391232230461440
1259391484379480064
1259391699777843201
1259391794292367363
1259391949146030081
1259391954997121024
1259392255862771712
1259392382967189504
1259393039430189057
1259393866396024832
1259394847988948992
1259395133688229889
1259395423300616192
1259395498143776768
1259395612082147328
1259395619824656384
1259395624476143616
1259395631950426123
1259395828814426112
1259396463513272321
1259396899263610881
1259396903298629637
1259396971015569409
1259397331364896770
1259397935671971840
1259398210944106496
1259398908477931520
1259398924223131648
1259399196836151296
1259399750803001345
1259399856759672833
1259399894114041857
1259399949063602179
1259400186998259712
1259400623570800642
1259400875740717056
1259401147837808640
1259401428667215873
1259401470245400576
1259401483042381824
1259401588004868096
1259401915290484736
1259401953764933632
1259402343331725313
1259403538108735488
1259403541996695552
1259403644350468096
1259403656643969026
1259403730400804866
1259403765016227841
1259403986286915592
1259404999567781888
1259405275502608385
1259405350983340032
1259406122861178882
1259406700278190083
1259407860447887364
1259408074025996289
1259408232294031360
1259408235490160640
1259408307376336899
1259408324526833664
1259408329106796550
1259409330417348608
1259409910019903488
1259410119416320000
1259411435806953473
1259411922408968192
1259412926571491328
1259413613309243392
1259413743848611840
1259414641802911746
1259414658647195648
1259414662829015042
1259414758043910144
1259414833918869506
1259415193764929537
1259415515589758976
1259415538796843008
1259415714735276032
1259416894110662657
1259416932295610368
1259417132493713412
1259417439063900162
1259417564490366981
1259418177974398977
1259418411534254080
1259418512394780672
1259418612911071233
1259418805597622273
1259418956311363585
1259419690905944065
1259420480420950017
1259420685526601729
1259420793320038400
1259422223900635139
1259422627384430592
1259423597233418241
1259425094507483137
1259425231896117250
1259426254526328832
1259427160483180544
1259427233388589056
1259428826473529344
1259429530877538308
1259429987293245440
1259430333306621952
1259431355596840961
1259431414094839810
1259432684880662529
1259433276130783232
1259433510907056128
1259433712426590208
1259433772212269056
1259434323951988738
1259434572464472069
1259435336662495232
1259435714112098309
1259435827228225536
1259436266275274753
1259436526372610048
1259436757503733760
1259437495902707712
1259437548235116546
1259437659623219200
1259440653555003392
1259441961590820865
1259442927119601664
1259443157349122048
1259445503290494977
1259445950931595264
1259446555419041792
1259446786235740161
1259447255658115073
1259447859100844032
1259448686498713600
1259452145516060672
1259453537668521987
1259453819626360833
1259454344799420416
1259454779907948544
1259454788841861122
1259456156214259714
1259458052429959168
1259459398037954560
1259461734152261634
1259462293856890880
1259462348206735361
1259462564649435136
1259462615337766913
1259463294332493826
1259464555891023884
1259464628586688512
1259464795754881024
1259464813433913344
1259464904857333761
1259465317056688131
1259465752400158720
1259467149267152896
1259467166069350404
1259468855958781952
1259469959509442560
1259470306705584131
1259472289784926209
1259472476381167616
1259472996336533504
1259473499376300032
1259473960284061696
1259474950936686592
1259476057503096833
1259476217339826177
1259476811567837184
1259476967847530496
1259477295468871686
1259479774046457856
1259480671216472066
1259481228870250496
1259482735195889665
1259482756540772353
1259483242127736832
1259483892983054338
1259484757001416706
1259489286589689856
1259490011826786306
1259490116512481281
1259493040093364224
1259493312605585415
1259493950714310656
1259495977045692417
1259496097564803073
1259496588533170182
1259499339891617792
1259500216555671553
1259501718837981185
1259503735484616705
1259505900445995008
1259508517389688832
1259508571177472000
1259509394200461314
1259511314629775360
1259511769560727554
1259511776829411330
1259512867029540864
1259513911172231168
1259514582961467395
1259514720907857921
1259515102560018434
1259515622624333835
1259515781936820224
1259516277107953664
1259516419852496896
1259517863041339393
1259517887787593729
1259525915085848578
1259528574903758848
1259528989325922304
1259529757454032896
1259534073011286016
1259577109137068032
1259585140235386880
1259592240051245056
1259594090259374082
1259603280562397184
1259605848973881345
1259612255278247946
1259619725744750593
1259629812894715904
1259636149255057410
1259636889063227393
1259650805587566593
1259652637948997632
1259665586713329664
1259668802783989760
1259671055272214529
1259671915851124739
1259672036282114050
1259675773398511616
1259677199440977921
1259679981296287744
1259680396540809218
1259685143800958976
1259685181344165893
1259688638167674880
1259690529966694401
1259690869613002752
1259693138626543621
1259693906502938629
1259697234976763904
1259699346607673344
1259702612699549698
1259704719041150976
1259704996892831744
1259707084578455555
1259708866574589953
1259710561543024640
1259711429076086784
1259712645529079809
1259713182253318144
1259713213391912960
1259713485958713344
1259713527134158849
1259713614518390786
1259713740162977792
1259713798988083201
1259716777358929920
1259716967205941250
1259717892636987395
1259717901860376576
1259719226689859584
1259721197631057920
1259723588397137920
1259726190195048448
1259727158139858944
1259728597624827908
1259730010946101250
1259733631741751298
1259740902861361152
1259741192599883776
1259757461516349440
1259782958833115142
1259811464501657602
1259820089731280901
1259822341539999746
1259828726856060928
1259832435195490306
1259844981482819589
1259854102802190336
1259877285269831680
1259880776356765697
1259884095988891651
1259923606869626880
1259924009715712002
1260043592740900864
1260046046559789057
1260055450017386496
1260215769310380034
1260233209536827393
1260234287191855107
1260294982210125825
1260416412998422528
1260437111049785353
1260581202551099396
1260645043494203394
1260703529049546756
1260703700881821697
1260761100959670272
1260780595111620608
1261992018865160192
1262308552418324481