1263974226949742594
1263974976929050626
1263975095871188993
1263979691871997952
1263984836198436869
1264037094856548364
1264225529718362115
1264228199438974976
1264231455191977989
1264582172867993601
1264605767052582912
1264657365233733641
1263979104866578438
1263984592920420352
1264137989648719877
1263982695845109760
1263994705534222336
1263998674964631554
1264001598226722816
1264006954814304256
1264156410683838464
1264170020814204928
1264170755673202693
1264184202259509248
1264318587445161984
1264318665492742145