1267194156008509442
1267194231157690368
1267197511153975297
1267199557705912323
1267201613137051648
1267203196377657347
1267204562034872326
1267207469144715266
1267215329710739457
1267219619229642752
1267225415803899905
1267225529943576576
1267233494079541252
1267285075898630145
1267290365234745346
1267305803813437445
1267308308764987392
1267309918513704961
1267314595317850113
1267338222541189122
1267376365541773312
1267379044447776770
1267383368985063424
1267408007509336064
1267418773717385217
1267419805021278208
1267420965476151297
1267421261409538048
1267444652518621184
1267468027131334658
1267482962788057089
1267496002748989440
1267523542721019904
1267644665609650179
1267871405967892480
1281678681576927232