1263471970890498056
1263472088263909379
1263473229689229314
1263475217474752512
1263477964798406657
1263479281205862401
1263481282878533632
1263502186656534529
1263511565002854402
1263515864202121216
1263525394239512576
1263525742240870400
1263528674332205057
1263546566482161664
1263617982820909057
1263629773915533313
1263639407417937921
1263652821439664128
1263661402956447746
1263671474017038344
1263681253997375489
1263700421920489472
1263701537844387841
1263711486687318018
1263713739783749632
1263716007992078338
1263725365761134592
1263730172404142081
1263731330031874048
1263741404616015873
1263744714001526784
1263746823023443969
1263750184678326273
1263774485619986432
1265508754122067976
1267063276749443072
1271999113677193216
1263473065889071104
1264588322849996801
1263482928497074176
1263484222108348417
1263492870264291328
1263514601620221954
1264043168204328962