1257340830458826756
1257341132952002561
1257341207606419462
1257341475614007303
1257346635300048898
1257349163647410176
1257353263139246080
1257357662032887809
1257390000649486336
1257391953945247746
1257404941049749511
1257405826077261826
1257457515316600835
1257462695441416192
1257464549189525509
1257468696823463937
1257480436961275905
1257492319777050624
1257497369358118912
1257501007011098627
1257504793318223873
1257515899579510786
1257519990149910528
1257524695672463360
1257530911882534912
1257545428771368960
1257580257533558785
1257597870208884736
1257629759296675842
1257663404933693443
1257761643980865537
1257761723890761731
1257787350882627584
1257971151340527616
1258005178864680960
1259468927312302081
1257618165514801152
1257841865191235586
1257495671143231488
1257343622321770498
1257343631473741824
1257343694245703681
1257343825602887682
1257344289711022085
1257344457567096833
1257344579067617285
1257345464170622982
1257345682136010754
1257345759076397062
1257346936283320322
1257347091120226304
1257347347694194700
1257348766023258113
1257350431056986113
1257356499644448768
1257358484766625792
1257361121947811842
1257368524605083648
1257393732497833986
1257400442977505281
1257409054911193089
1257417690089750535
1257419909795123203
1257500914337738752
1275700473174122497
1257344440659738629
1257344079081476098
1257344166872469505
1257344234660691968
1257344340898336770
1257344419730206720
1257346777004552193
1257344486994255872
1257377236161826819
1257344574550409216
1257344895196573697
1257659206917853185
1257344957867798529
1257402280812445704
1257700374154108928
1257345249170644996
1257345380502638594
1261726255537250305
1257345904962568192
1257346289831944192
1257353458723799040
1257346428977975300
1257346545483165697
1257533517329661952
1257363546716897280
1257346747711528960
1257346919346692098
1257347082458927104
1257347254853271558
1257347954672914433
1257347485988720643
1257348649182511107
1257349822258057217
1257667763205746688
1257350632090013699
1257352867444391938
1257359480871956480
1257363637859164162
1257402179842908168
1257408668271861761
1257443669285765120
1257448463899508737
1257546175382601728
1257546434695409664
1257350296155623426