1262478964632813571
1262480288766210049
1262482039510650883
1262485325445808130
1262485419494703105
1262896686969622528
1262898465060913164
1263100716681498624
1263109453466996747
1263118326412259328
1263126196805668864
1264744875309875200
1264744936794095625
1264745103848955904
1264745358971801619
1264745425854226432
1264745751604797440
1264745853685772293
1264746063291916289
1264746444080234496
1264746495049437190
1264746557326405633
1264746867109138433
1264748121034313730
1264748503143723009
1264750112246427649
1264750843481542658
1264751539706572804
1264755524131794944
1264755881994059777
1264757772727603204
1264759777365639168
1264761069781868545
1264761749380751361
1264773472791728129
1264778384095293442
1264781194404728839
1264781991422988288
1264785048235991040
1264787964007088128
1264792636172505089
1264839923351388160
1264866846110556160
1264872420101537798
1264873157728653312
1264895534311133184
1264899975319871488
1264912088981520385
1264916813076467712
1264959334250876928
1264979865394176001
1264982776354410500
1264988728587505664
1265046856842784770
1265059666893160448
1265262314615431168
1268097743286759424
1275079078475792384
1275088954602262533
1262478764849672195
1262479658332889089
1262481288902123523
1262503275917529089
1262678875143909376
1262484455291314178
1262486821398667265
1262487903248232454
1262499991278563328
1262577301096509440
1262578039172534280
1262623123586691072
1262492776224227336
1262496925267329024
1262669886020517893