1266858821168902146
1266862550496489472
1266865606965497857
1266867347563769856
1266870665690275840
1266878907690541057
1266890601703911425
1266920988073054211
1266956154342703104
1266964618234167296
1266966157740797953
1266973997213921280
1266976941904736257
1266989687861923840
1267005831729442816
1267021686580404224
1267053369786609665
1267056390029393920
1267058105130549249
1267058474233536513
1267066527318257664
1267076211634831361
1267077353328566275
1267082767386513410
1267087909691129861
1267119455760519168
1267145539780399105
1267146361159299073
1267169573008289801
1267210715041091590
1267367833899372546
1267424311742214147
1267428248461479945
1267429285545082881
1267443888639401991
1287704215436107778