1260280428591812608
1260301714567000064
1260329248973303808
1260346979688669184
1260379367747792896
1260386040537387014
1260451760411459584
1260687204025688067
1260687288628998144
1260706982161457154
1260743919492648960
1261281185352822787
1260261411999166466
1260268169333223431
1260310835370622977
1260320488049516547
1260324082664562688
1260425123699572738
1260442706272301056
1262308273795055616
1266006853626068998
1266223518368198657
1266250135584923648
1266405637975674887
1260258505031729152
1260258565639614465
1260259595408179201
1260259834714132482
1260260090537365505
1260261907132411904
1260267359106932737
1260274648907837440
1260328001436356616
1260340273722216448
1260349324849893376
1260365939960414208
1260368928930324480
1260378329561149441
1260391028584038401
1260416106256191488
1260425711145361411
1260460431606517760
1260469727157157888
1260478862246494208
1260509321034678275
1260540282476662784
1260588645356101632
1260603549274308611
1260728502036230144
1260744235055267840
1261173975566213125
1261656718657892355
1264187859248046083
1260262217359847424
1260280890141429761
1260537480962543617
1260266536830267393
1260530502001397762