1263170992672825347
1263171247518691335
1263172824794976260
1263173953461186560
1263176175737884673
1263191154415239168
1263220535321911300
1263224977265852416
1263240693276950531
1263274969615618048
1263352056368283648
1263429235764535296
1263522500157325313
1263678679927992321
1263720949628764160
1263202403651710976
1263583690463969281
1263173810775351296
1263507886598209536
1263521807442882560
1263183084742205440
1263200913919037440
1263348754687627270
1263386998968135682
1263522420276826113
1263653840471175176