1264559349059461121
1264562005194813442
1264699157018816515
1264741470235394048
1264745282354454534
1264745344392445952
1264745663637708801
1264745723821723654
1264745739390836736
1264745752443514881
1264745869099896833
1264745885621039105
1264745929099358209
1264746078710136833
1264746087857958912
1264746125388587008
1264746127716347905
1264746204837093378
1264746377382420481
1264746518252326912
1264746582177492992
1264746612619804672
1264746888340873220
1264746892401016832
1264747053701304321
1264747086077022209
1264747174480482310
1264747421923291136
1264747488801509376
1264747550063702016
1264747627792531457
1264747748416532480
1264747907690840065
1264748080114610178
1264748149882736642
1264748491152056323
1264748621561503752
1264748969269264385
1264749241852780544
1264749446400806925
1264749712369954821
1264750156450160641
1264750600056602629
1264750972019961856
1264751041649795080
1264751101280018434
1264751339256471553
1264751653607010305
1264751658635980800
1264751827523735552
1264752090091417602
1264752715630022656
1264753209442275328
1264753464275582976
1264754101096787975
1264754488318914560
1264754895539838977
1264756360459235328
1264757433924292609
1264757634927751168
1264758117541257216
1264758934826606592
1264760646727499783
1264760948591456256
1264762529580036098
1264762593064910849
1264762914919104513
1264763133303951360
1264763594383806464
1264764220035305472
1264766525761871873
1264767775836430338
1264768352167194624
1264768880284745728
1264769727265677312
1264770981341523969
1264771430245335041
1264772067032891393
1264773116762435584
1264774583753691136
1264774631694585857
1264775184428535808
1264775582530760704
1264775673866063874
1264776144705880067
1264776300335476736
1264778237793783809
1264778257909428225
1264778363920621569
1264778618330320898
1264778727805931521
1264780292516204545
1264781533455347713
1264781650908590080
1264781760660942854
1264782117545873414
1264782330708791296
1264786281508167681
1264786634895028226
1264786641144565760
1264788915111768064
1264789121664339968
1264789695692705793
1264791936784834561
1264792943602200576
1264795043245838336
1264795668658311168
1264796477794254848
1264797137839239169
1264798763404726272
1264798793947635712
1264799208457908225
1264800513977208837
1264800789127716864
1264800949010198529
1264801510598127617
1264801988551692289
1264803430557609984
1264803587911061504
1264805135110115334
1264808244284919811
1264809312410497024
1264810014725685248
1264810377470238720
1264812160238211073
1264813159111589889
1264816153664163840
1264817840403746818
1264817881516249088
1264818380915138560
1264821497694228480
1264825393011359744
1264826627168636928
1264827654517264385
1264831634269855744
1264832218146299905
1264833328944947200
1264839789037211648
1264841117452734464
1264841957752410113
1264847593340727297
1264850539373879297
1264852057644621826
1264857399980105730
1264858691460792320
1264859501221609472
1264859856449699840
1264860588406169600
1264861354869100544
1264867739610615808
1264870416050511873
1264872627266621440
1264872872855683072
1264873246970843137
1264874269332443137
1264874287397244928
1264875205207433221
1264876517923971072
1264876580674945024
1264876669841653764
1264876982963232769
1264877171883085825
1264877263889346560
1264880196370550785
1264880335482912770
1264880619735207936
1264880880960638978
1264880926695149570
1264882130867412994
1264882226807869440
1264882796482441216
1264886051686014976
1264886315876782080
1264887172894724097
1264887339295391744
1264888051853115394
1264888094911840256
1264890602321215489
1264891096922050560
1264892255585927168
1264894972425363458
1264895405143347200
1264895869943496710
1264898285355044866
1264899910278828032
1264899938720284674
1264900722887401472
1264902749583368192
1264903555242233857
1264903709433225222
1264904837629689857
1264905517190787072
1264905944909127680
1264906292184911872
1264907597087412224
1264910554503708675
1264911049456844802
1264913352729350144
1264915147941765121
1264915151419039744
1264915583805657098
1264916813227405312
1264918536838959104
1264918628836806656
1264923078976516098
1264925616996057089
1264926832765267971
1264927012545650692
1264930212887879692
1264932054136995841
1264932339714535429
1264932616630751234
1264933598093770752
1264941441886781445
1264943559414865920
1264949196249092096
1264958725883867142
1264959250608066566
1264962530214109187
1264964812045463552
1264969103003070470
1264976882958811143
1264976929108701185
1264980209058623491
1264982205622820864
1264989575706861571
1264991634284044289
1264996118535888898
1264997322510999552
1264999733283581952
1265002401582452737
1265010144036794369
1265012463159750663
1265018826728579072
1265044873419333633
1265066285160955906
1265071624149139463
1265082009594073094
1265089521160458240
1265089685568868353
1265090834204168193
1265099885616885764
1265109343550218240
1265111981972811779
1265114863635849216
1265117899556925440
1265122580391800832
1265125001411223552
1265163525300748296
1265178142802472960
1265179195660840961
1265217275298119681
1265235386919464961
1265247932435087360
1265280190692950016
1265288972873469954
1265298113352347649
1265440626302164993
1265507274283520006
1265827071571320833