1261606384627523584
1261609718008762368
1261692310728912896
1262303841602744322
1263387771537952773
1261584160919076865
1261584371821109249
1261584950870097921
1261585672806076418
1261586142157103105
1261586840492158976
1261589425831555072
1261590117325529088
1261594250266865667
1261596283808157697
1261611081128181760
1261618727126212608
1261626800209195009
1261627266775183360
1261646359007985665
1261655298529525760
1261671112657666048
1261693648510636042
1261723432594690048
1262303643782524928
1261584973246709761
1261585257247068160
1261586021722001408
1261956425070379008
1261586022904795136
1261586677878972416
1261587881497260032
1261749639453323269
1261594327794413568
1261689690144587776
1261936528361742338
1261588834585923585
1261590994472099840
1261594303383494656
1261627664215035904
1261703946147713024
1261940997443014656