1258508881547812867
1258509316375449601
1258510247875866624
1258510629695963136
1258510667599888386
1258513062480367616
1258520205304590337
1258523544008355840
1258535454527217664
1258537847373479942
1258554813475770369
1258554885034905600
1258555218612101120
1258571149585215488
1258605580169723907
1258654624648740865
1258680755292712961
1258689332778430464
1258724496095264768
1258727794957258753
1258730692692803585
1258746426340724736
1258755157866754048
1258760610180771840
1258760677528928260
1258779939500961796
1258823360693362690
1258853931112960001
1258859482165260288
1258885856158507013
1259247174925328384
1259878668848918528
1258527713549148160