1262489128861605889
1262489834423226368
1262494179936145409
1262507744139137024
1262490679974006791
1262492038731141120
1262497725960118272
1262497012227899396
1262512837655576576
1262572532609085440
1262659623095541760
1262671287157170176
1262494786109485059
1262496468004372481
1262495130377875456
1262495134417117187
1262518874768957442
1262541233341132801
1262688098208661504
1262495494376435712
1262498288332398595
1262509661971939336
1262497518656598016
1262497789017239558
1262500976700690432
1262515229562253313
1262515597805404161
1262524146749079553
1262543196657156096
1262666099335688192
1262697702955061250
1262504572125433860
1262516061900902401
1262522972813897728
1262556645546250245
1262560801014988800
1262574245093105664
1262575987855724545
1262577904602447873
1262589257706729472
1262595970291904512
1262618836756582400
1262622783810527232
1262631521816461312
1262632931522199552
1262633770907308033
1262635641399128064
1262640010303504389
1262640237030842369
1262640720005017600
1262642321637560320
1262643202055700482
1262646842187227136
1262647346967519233
1262647434863235073
1262651413873610753
1262653470894481409
1262655906749308928
1262656475761201154
1262979593159364608
1266490833693478917
1262497915576004608
1262498124775354368
1262506837359972352
1262509012958011392
1262577648904990720
1262577870922276866
1262670079898071040
1263125911479648257
1262505016541102080