1259924060139642885
1259923011206971392
1259923744752955395
1259924219149893639
1259924850946301957
1259928400971653124
1259928879109718018
1259935409406185474
1259937492301754376
1259941310661668867
1259942817075466241
1259950018049519616
1259965025738948609
1259967949747761153
1259968053770665985
1259968377667321860
1259968707855605762
1259970935236579329
1259973032405237767
1259973640956903424
1259975418599428096
1259977557543444485
1259987427311190016
1260002443271696385
1260009293102804992
1260049503761117184
1260057703914721282
1260069909385613313
1260103278886440960
1260183082755330048
1260220659768061952
1260298787190341633
1260313727380971521
1260557307739504642
1260744940327493633
1261214497173168128
1261282683046506496
1261839462788509696
1259926960685211648
1259928769860710400
1259938865080684547
1259939201581232128
1259941222644428801
1260039013550833664
1260108822904889344
1260110447799386112
1260111347712315392
1260111789548883968
1260122430795845632
1260122652372500480
1260149969392197632
1260251965411307520
1260205411808002050
1261369509673230336