1261946608381558784
1261946884949708800
1261946923113566208
1261946926133465089
1261947707788271617
1261947862721744896
1261949164545552386
1261949976214634496
1261951230546522119
1261951867027886081
1261951920769564673
1261951989845393409
1261952022955331590
1261952065821171712
1261952781872758785
1261953189794000896
1261954476560338944
1261958091790262272
1261959110444056576
1261959350140252160
1261961527168466946
1261962462003253248
1261963474239844352
1261964053167177734
1261971115381006337
1261972760319983617
1261973416694824962
1261974541443760128
1261978088839286784
1261985558684893184
1261989083074555907
1261993739158982656
1261996850816733184
1262000995472674818
1262007904200200193
1262011124951724032
1262013532209475594
1262016908519342082
1262031351106207749
1262057093730713600
1262068804865208323
1262071316732981248
1262074781677039617
1262083861946814464
1262102791184625664
1262108445253263360
1262109862428901378
1262118645829734400
1262124598218416130
1262127715903320067
1262148356941332480
1262162329052934144
1262293170794246144
1262293643127328768
1262309418655416321
1261956692721520646
1261956782634618881
1261958842293850113
1261959225057718272
1261980162708705281
1262007915692646401
1262008045636407297
1262050400234082307
1262063972464775168
1261960516106432512
1261960743659978752
1261963629307387904
1261967663049342977
1261969378205204481
1261970659783180288
1261973342397050881
1262123719138455555