1265752216775856129
1265787817931812865
1265960490133585920
1265977388627660801
1268052264075304965
1268103568814473216
1265739640100749322
1265740179542814721
1265747324074106881
1266237808106061827
1265996002802257920
1265744958188896259
1265748602485460994
1265749876484104193
1265786430711832576
1265900766893613058
1265919310435725314
1265967533934415872
1265994093823475712
1266304812808720385
1266358152418689024
1270000174853586945
1265746255537455104
1265827853251350529
1265914016985165824
1266006083019079686
1266017477240270855
1265748329167826945
1265748358246789122
1265749977588011009
1265752746000560134
1265938348897640448
1265939417988050944
1266031012003434497
1267491121682427906