1257419376774516741
1257419455774195712
1257420013864210435
1257420350905860096
1257423080277921794
1257428927322165248
1257431308956991495
1257439937659572225
1257447403323523073
1257453861733896193
1257457071689289728
1257474229680984065
1257476415294849024
1257485076205625344
1257526863859077121
1257529905400725505
1257532446444154881
1257538255697973250
1257542404548096001
1257549610253418496
1257551471790473217
1257577514958032896
1257577846714892293
1257600588117757953
1257600842846416896
1257610993607348226
1257613175274512387
1257613316983328768
1257619860231618564
1257622864179671041
1257633797723418625
1257641636529668096
1257661534005866496
1257662856041922561
1257681122504454145
1257700793173659655
1257708380614832128
1257748018620624896
1257754099224723456
1257759186043260930
1257764386963415045
1257865625201856512
1257880472547282944
1258074640074719233
1257727147084578816
1257427398527680517