1265661433976676353
1265661475168886784
1265663189024411654
1265663943500075010
1265664182940102657
1265664698613194752
1265674756793090048
1265676241203417088
1265679307797561345
1265693144747667456
1265703334104780806
1265708416246394880
1265714551988895746
1265737524967886848
1265934019339759616
1266788624995094529
1265661669671387136
1265663972683939842
1265664090552152066
1265664249797308416
1265664637284081664
1265666281606389762
1265666728018624513
1265667002083016704
1265667974175895556
1265668620845305856
1265668672619794432
1265670377927315460
1265670671599894529
1265678740081819648
1265684131410620422
1265692351722373122
1265701691241795584
1265718612544892933
1267106608259248132
1267110151879897098
1267114323945627648
1267121556611837952
1265661722586742784
1265662701050748928
1265663387628900352
1265664229090172929
1265667582448656384
1265668850403721217
1265669249114222598
1265669646679781376
1265670104169304064
1265670647398707210
1265670994556891137
1265672789094207488
1265672865506045959
1265674612085600258
1265674777987035137
1265676958056185856
1265679152008421376
1265679441709195270
1265679932593778688
1265709363215380481
1265714632318226432
1265738745002721281
1266058061506101248
1265662100464185344
1265662942864830464
1265672664049496066
1265814763935805451
1265882318360719360
1265662902230491137
1265681035783700485
1267118527871356934
1265662904784818176
1265662906437427200
1265662908266135552
1265662910027751430
1265762424855990272
1265663127192043522
1267120258705391618
1265934132674256896
1265666384530493443
1265739206137167873
1265665075513352200
1265665515181223936
1265665550601949184
1265706018526371840
1265730910403596288
1265805643975233536
1265856345388924929
1265971021359824902
1265665235974848515
1265665426551451654
1265665902755733504
1265667001088950273
1265665498613678087
1265700538970234882
1265667045640863749
1267833191861280768
1265667326801776648
1265669089982181377
1265680810037751809
1265700098983559173
1266075090007064577
1266192790729326592
1265675968376647680
1265705726883835907
1265852412188819456