1258731275998937088
1258731781001408512
1258731874479939585
1258731995783467009
1258732281755308032
1258732403838853120
1258732482666680321
1258732485820760064
1258733039506591749
1258733276841287680
1258733423289647104
1258733435838853121
1258733842346590209
1258734224489750534
1258734247474593797
1258734459974754304
1258734702053208065
1258735117989806080
1258735171949350912
1258735192505810945
1258735513378455553
1258735639136292865
1258737008895234053
1258737096837050373
1258737197127274496
1258738781655449601
1258739113584242694
1258740844565155841
1258740935061573632
1258741347600805894
1258742070359056389
1258742448659984385
1258743208210624512
1258743312690884609
1258745121010565127
1258746686073180161
1258746697414565888
1258746709951287296
1258746986758647809
1258747090223673344
1258747099795066881
1258748496938782723
1258749104923893761
1258751885374222341
1258753014845882369
1258753815265906688
1258755272773902336
1258756855800705024
1258757208436813826
1258758943314194432
1258759188492292098
1258760504862015488
1258761344192516096
1258761973195436033
1258762594225213440
1258762644019953665
1258763973022961664
1258765987991650305
1258769203609268224
1258769555188580353
1258774866242621443
1258775720576397313
1258778352367931392
1258780499838935041
1258780738696228870
1258782626523090944
1258783465652264961
1258783502163738630
1258784137768509442
1258788947259535360
1258790271841681409
1258796541554245632
1258796685045661696
1258797800692703232
1258798583219982337
1258800797581746176
1258804154455093251
1258805564429053952
1258805867605929984
1258809646237786113
1258809772217790464
1258810807984558083
1258812095308627969
1258815287098404865
1258816886566985728
1258817019161567234
1258818156002500608
1258824531415830530
1258829212972130304
1258830549436837891
1258835428133740545
1258836433663655936
1258841329414533120
1258845856029118465
1258846890767953920
1258851253838393347
1258851450580598785
1258851898913939459
1258856495967432704
1258857266423439360
1258857612503810050
1258858437972197378
1258859616617631744
1258862363882795008
1258866214006374400
1258867321369739266
1258867346833203200
1258867417570250752
1258868311456186369
1258869016959090693
1258873176676761603
1258873577224495107
1258875830006173699
1258878843743543297
1258880908381130752
1258881623765979141
1258881946916196354
1258883763662135296
1258887341558693893
1258892571591561217
1258905104863965186
1258912230168342529
1258914516152221698
1258915813328736257
1258917304865370113
1258918697940336641
1258918984092696576
1258938507499716609
1258944643850481670
1258948489972600833
1258951182170468354
1258959621391134721
1258959676034568193
1258968623277735936
1258978349013012481
1258986425036537856
1258988990180532229
1259007525141254144
1259020611621392385
1259026825038172160
1259028239927988225
1259039046111764480
1259042410434301952
1259053517127528449
1259055318279106560
1259055643291529217
1259059919682244609
1259060682839883776
1259063850193715200
1259084552577794048
1259093432481361920
1259105491407433729
1259105743053025282
1259106274622373890
1259117419739492353
1259131093384560640
1259133693219663872
1259139604227162120
1259160071256322049
1259216326083653633
1259221534595522562
1259224235840503809
1259251526515568640
1259271611280171009
1259281048451444736
1259326850502778882
1259328552438132738
1259427199398096897
1259447200532193282
1259449852179763200
1259467816891117573
1259478746601578496
1259492906441768965
1259513647451250688
1259524057659310080
1259529602101379073
1259618978474930176
1259620464101474304
1259632837004836864
1259640562111610883
1259645082535329792
1259686202241761280
1259723036250591233
1259725192223309826
1259748255166013440
1259749678192775168
1259772931145523200
1259779318353473539
1261179033540157440
1261558672599195650
1261652977581985792
1261659155938578433
1261665379769819137
1262432369929146369
1308342624349089792