1264278485985636362
1264278831164084224
1264282671770828800
1264284009313579021
1264288774265004032
1264290259224850432
1264304171127275521
1264306973736161280
1264313604712607745
1264317009954627585
1264326641364471810
1264328787929563143
1264349323967582210
1264358018340225025
1264368437050122240
1264382970808487937
1264419661212459008
1264424904260063232
1264428998999801856
1264448907981062145
1264452235716632581
1264470609519501314
1264474683287769089
1264517922296410112
1264532194590109697
1264538372611149825
1264548225714880514
1264551472542420993
1264560126318587905
1264582459754115074
1264623414607671296
1264679528707866625
1264722826445062144
1264824731234000896
1264962697772371971
1265081950882185218
1265235666499239937
1265590804611039232
1265935160492654600
1266060695285743623
1266182535412736001
1264299561897598978
1264302616336531457
1264557721854136320
1265002338839785472
1264283825003065344
1264284126565326849
1264284524831096832
1264289940734541824
1264292327406727170
1264300356550496256
1264328779503226880
1264334802339102720
1264343950736982016
1264362229928833024
1264368696228749313
1264369812181901313