1263017512846921728
1263017639988822017
1263017798961430528
1263017878934052865
1263018458532458501
1263018483572305920
1263019356876730369
1263019467115597824
1263019482240466949
1263019619226390528
1263019898520944640
1263020221360635905
1263020340768321542
1263021890576232449
1263022224283439110
1263022276762456064
1263023960410558465
1263025851773444102
1263030219545423874
1263032873969319936
1263033985841668096
1263034304986112000
1263034536264417280
1263035566091886595
1263035604318773248
1263037062527287297
1263037206098333697
1263037851970744320
1263044899173269506
1263045197287522305
1263049031976210437
1263052218326024192
1263057699949944832
1263077787566407687
1263078255738843136
1263081959720390656
1263085086079102979
1263090868849958917
1263094815182503937
1263098461689458695
1263122931888029698
1263123319588442113
1263128046569025536
1263138650239512577
1263171038369714178
1263662490216550403
1264849352520077313
1264851251436478465
1263022504211369984
1263022858768453633
1263023323694403585
1263023524983103489
1263023633624182784
1263030227783032832
1263041530933080065
1263043120859660288
1263045074574888961
1263075886800175104
1263087626170621954
1263023965976645632
1263025038388756480
1263025494225825793
1263025702112296960
1263025852801048577
1263026165725442048
1263026776411963392
1263035083415588864
1263767774779842560
1263027564613906435
1263029455867580416
1263028163640082433
1263029820016832513
1263028990496911362
1263039875147800577
1263029915512901634
1263049038934339584
1263092667799539713
1263039236405522432
1263030578829504514
1263030828793290753
1263031557746421760
1263032571094597637
1263041677595308032
1263037612295548934
1263096601683169280