1259024787797655553
1259027878974337028
1259028259074740225
1259028419939119106
1259035873615773696
1259037715598733312
1259042300149129217
1259043539062870016
1259052274619473920
1259053775353856001
1259057337886584832
1259059216112734208
1259059328167878656
1259060221583884288
1259061388351205376
1259064274057658369
1259072880802840577
1259076671652552704
1259079180408557571
1259116916578213889
1259119395055566848
1259162030449266688
1259252353892405249
1259343936893513728
1259797055846801414
1266338740445655041