1260793625908326403
1260898360648704001
1260379741321695237
1260239255047110662
1260240473781932032
1260683736687001600
1260249054958825477
1260387949344182277
1260249451291164673
1260249734234681344
1260249810529062917
1260249970067886081
1260250590078263298
1260251269891047427
1260257770823188480
1260258820863012866
1260286006709846019
1260296870569619458
1260322737110876160
1260326708806377477
1260335230960971776
1260400106089504769
1260426311320862721
1260437244994863113
1260488881444663300
1260604321089159168
1260641839268282368
1260744276914421763
1261147598062157825
1260250170811351040
1260250339758034944
1260251390422573056
1260257817660846080
1260564978370785280
1260249466730352644
1260284425352491012
1260400478195597314
1260252016691089409
1260271734047084544
1260294664449486848
1260295787046551553
1260300397589204992
1260302368551419906
1260303357455056902
1260254319405862914
1260264142264389632
1260349002089807873
1260349017768239104
1260394674155589632
1260399274090803201
1260414910560952321
1260741424594599936