1266384860865794048
1266385037441851393
1266385500899868672
1266386562301992960
1266386882021089280
1266387348239126528
1266391496044892160
1266392024694943747
1266393256054702081
1266399157843103745
1266403559253381127
1266407002688774144
1266407096070832130
1266407929059528706
1266408382610632704
1266410370958155776
1266421939440103424
1266438375533416449
1266447431564242952
1266448335231021057
1266452640399077376
1266454519547785216
1266471296763867137
1266472798496583680
1266476227067551745
1266566520181686273
1266385128055541760
1266388091385905152
1266396392244854786
1266471486212145157
1266562682154438656
1266385292447137792
1266386789943717894
1266387734362501121
1266385539462311937
1266385606332035073
1266386309586857986
1266386311046365185
1266386312891858946
1266386483226841088
1266386636843233280
1266386703134097408
1266386771778113538
1266400993635262465
1266450434178326529
1266695273239269377
1266388320923287562
1266394310582439936
1266414364602630147
1266418272620199941
1266394696055689220
1266394709330518017
1266395009147961346
1266395152102436865
1266396546553257985
1266397531509936130
1266398031093497856
1266398032469405697
1266398446262587392
1266398526067572736
1266399113014202373
1266401117694423040
1266401881233948674
1266403773452296193
1266407564683603969
1266409539928277000
1266411960918253582
1266421682492801025
1266484094290014210
1266501563792662528
1266516071894470659
1266543258546642944
1266712267938242562
1266800080692150272
1266858334881222656
1266394649712889857
1266399314403831810
1266401604045078534
1266401628917243908
1266406249215733760
1266452196297633792
1266481488993775616
1266489090167447552
1266503374687649792
1266580348122480641
1266581809430757377
1266690444567744514