1262739207249780738
1262741008481058825
1262744967975301122
1262789818477613062
1262739253915598848
1262742204021239808
1262743047365746695
1262747468183203844
1262758803977539595
1262763442185748481
1262820713339199489
1262739711665160192
1262742527192358917
1262776074263502849
1262808645861093377
1262838026927067136
1262847560793886720
1262912836671422465
1262747585275547649
1262739888006295556
1262739965680562177
1262740057875611648
1262740195566219265
1262785778972753926
1262740149621846022
1262745291297415177
1262740227736494082
1262797179321753602
1262740290915299328
1262838102449676288
1262741517396934660
1262752645095145473
1262755168497528834
1262741547193262080
1262807031385333762
1262982080331264001
1262741675253760000
1262741973078695941
1262743189942722566
1262779919186173954
1262741786386022404
1262742410158698502
1262743374307573762
1262744376544911360
1262750190324158473
1262848638587416576
1262741934377844743
1262743508135239688
1262765553556393984
1262827667465703424
1262743216261984261
1262743349338845184
1262750707549011968
1262751142540267528
1262754296350703617
1262755324089360386
1262757676489953280
1262757785101463558
1262766066075422721
1262767810289287170
1262790400856727556
1262801993837543424
1262822697655955456
1262823028825575424
1262827599731949568
1262829285838065664
1262857094778191874
1262894026598088715
1262932232160845826