1263140218816933889
1263142294238134272
1263227145196879888
1263262474935173122
1263461585881903105
1263462248502169605
1263674119221964800
1263166715493482497
1263159286290677760
1263160060651462657
1263164977948561408
1263166768236945410
1263166858376515584
1263169271762505729
1263169363214991360
1263171073761214464
1263172463858515969
1263172660491673600
1263175592020774912
1263176244268597251
1263194651227537408
1263198942449278976
1263203548520726531
1263218210926706689
1263219946408067073
1263220446893412355
1263221023668948993
1263221041733734402
1263223137669451776
1263233217152184321
1263236129299599363
1263237283462950920
1263243376251621378
1263246722928537600
1263253641940496384
1263275594848112640
1263278251968954371
1263281760663744521
1263283635777568768
1263284416832471042
1263286438625501184
1263315276831039489
1263339398294315015
1263340115008598018
1263343292206342144
1263347338019471360
1263350839609036800
1263417860245860352
1263437384781201415
1263458658102493186
1263465318921506816
1263587433297244160
1263611261637533696