1258941229271642113
1258676301399044097
1258676413613453312
1258676959925751809
1258678188076683264
1258679224271024128
1258684347768541184
1258687075832008704
1258687591270027264
1258690682996305921
1258691912308977665
1258697315176636416
1258699210603421696
1258704189766549504
1258709305601253377
1258723564242550787
1258724047937929216
1258724220357545984
1258725403918729218
1258732579454201856
1258743099624501248
1258744839035912194
1258748191740051458
1258757338107981826
1258758806118547456
1258758868294746112
1258764321875615745
1258771370856427520
1258775672874577920
1258777148527185922
1258786048391426054
1258790318985674753
1258804738897960961
1258808028427464705
1258897832880140288
1259000949852471296
1259019823188594689
1259149732749783042
1259156837934362624
1259159258572128256
1259174573859393544
1259186734073511937
1259215759018020867
1259217709339783169
1259222096548450306
1262898933136797700
1258681209015672832
1258686967820292096