1261418255777968128
1261418324908367873
1261419992387588096
1261420394176581632
1261422555279380485
1261424064771633153
1261430597018193920
1261430642807582721
1261432201889165314
1261438492673892353
1261469649960665089
1261493882094850048
1261509771133431813
1261537071165923333
1261560606714445825
1261576913681817601
1261620538939760640
1261625365711269888
1261625624411680768
1261628365347438592
1261635678930120705
1261661958304075776
1261676355638493185
1261692693001928707
1262858864216756225
1261433309063766016
1262047954040352769
1261462514639843329
1261467367143505920
1261469699440881665
1261481678519906304
1261489701745131521
1261511876896317442
1261513281811951616
1261599419801239552
1261650063022940160
1261690201098739713
1261705054035288064
1261827681852829696
1262027268689281026