1263850699500240896
1263851530647736321
1263853005063012352
1263894366315257857
1263904147587436553
1263908875427893254
1263911560000520197
1263931926651551744
1263941377521582080
1263963704061657089
1263967997946986496
1263969130077736961
1263984612688064512
1264024486380093440
1264091696272486400
1264165403657469952
1264174933963411456
1264175531928551425
1264183444474679297
1264192425083326464
1264264991487725570
1264271871404650498
1264378516155461632
1264379217086763010
1264428026273677314
1264466746703921152
1264478025556602886
1263850877057748992
1263921285685526528
1263850941142511616
1263851152795451392
1263851641842872333
1263851643008962562
1263853161061720064
1263856732809428992
1263853392880906240
1263863721090322436
1263986952782700545
1265370451695542272
1263853909682126848
1263853910936244230
1263854011289153538
1266115624276819970
1263854444124557312
1263854445269602307
1263854446477533188
1263854651117633547
1265545781676818433
1264021408159617026
1264514329249890305
1263904785645940739
1263996540282011648
1264218645145833472
1265378515941294083
1264214107391168513