1257598749909626880
1257587120052621313
1257588844150562817
1257589289614888962
1257590165813559296
1257590955722629120
1257591411030908928
1257591424389910529
1257592023177146374
1257592257462456320
1257592845885739009
1257594169796825088
1257594378060795904
1257594590544224259
1257594760316870656
1257595618668797954
1257596061004242945
1257596913223958529
1257596929875345408
1257597713451028480
1257599509372309504
1257601167678492673
1257601442036084736
1257601698647998467
1257601739391467522
1257601833981313025
1257602906255024128
1257604501583757317
1257605272153083904
1257606304476037123
1257607340645216256
1257610766645149696
1257611220661735424
1257612312904642561
1257612633294987264
1257618685075677187
1257618908602929152
1257618990773309440
1257619708875911169
1257622436293390337
1257625694307147776
1257630709553999872
1257631914401333248
1257631956919083008
1257657302556999683
1257659277323448320
1257661002323288064
1257668211119722496
1257669779772575745
1257672907842555906
1257674457272979462
1257680639664545795
1257683479434629120
1257689346397876225
1257690290556674048
1257690361981472777
1257690584007000065
1257695701603168257
1257696137579868160
1257696762288132096
1257714827151245315
1257723706555551744
1257724050631245826
1257725237518614529
1257726022306365441
1257727683103879174
1257767633363120129
1257768544168636416
1257769269305257984
1257769481117601793
1257772435774099456
1257780980321939456
1257793174124343296
1257831675079405570
1257845585287106560
1257878798281977859
1257962330475954176
1258022358020788225
1258029429302923264
1258317691921870848