1261044517584736257
1261044876621250565
1261045062617587712
1261045181807128577
1261045775448113159
1261045956419690502
1261046081783099392
1261046228625874944
1261046352664055808
1261046560298762244
1261046623045652485
1261051598119284737
1261051750150094849
1261051769305673733
1261052780611018752
1261056509171109889
1261057453501923328
1261057532975443968
1261059621567029248
1261059751326044161
1261060161063583747
1261062636969644032
1261067901114687490
1261070551663116290
1261071542043230208
1261072309500157955
1261073185233084425
1261074020407095301
1261076554530148353
1261079619630854144
1261080882112114689
1261082333601566722
1261083574943375360
1261087081562071041
1261095936136273924
1261096006814334976
1261100797561053184
1261101798955368454
1261106698791587841
1261110360834072576
1261112642044923911
1261112721115951105
1261113308368769028
1261118425969065984
1261119734059167749
1261121961603633152
1261123107181465607
1261128097690198017
1261130220930764810
1261130929017253888
1261131943313174530
1261132706492096512
1261133420131840001
1261135534816030720
1261141310330728450
1261143226557304840
1261144543010971650
1261157730397478913
1261158414404726784
1261158544361086982
1261159579582369792
1261163505656479745
1261163976383135744
1261174473853566978
1261175929868439553
1261180334797926400
1261180891553914881
1261194465194188801
1261207130805170176
1261213365294247937
1261215988957282305
1261221030435094530
1261239469178486786
1261248254735458306
1261254312572796929
1261257477854769152
1261265205222354944
1261271591155097600
1261280447134339072
1261281240088485888
1261292074005155840
1261293625335590913
1261294741888495616
1261305575327047681
1261308901946875905
1261309703155572738
1261309755332726784
1261310791191605248
1261315832686075904
1261315947903758339
1261341411464470528
1261341826952228864
1261344649161183232
1261351246511955968
1261365348189777922
1261439747320434690
1261439877725458434
1261440461035548672
1261442183850270721
1261484813661413379
1261494809803608064
1261499637229379589
1261507585687072773
1261590764997541888
1261621008454254593
1261636074604040192
1261667938358243328
1261696576218677248
1261721260536418305
1261784967983529985
1261788177305677827
1261798503183003648
1261806114976350208
1261806799310557186
1261809235735781380
1262115961123078144
1262138854074548224
1262289886268346369
1262381125013581827
1263226974115368963