1264950943562575873
1264951578819207168
1264971846153273345
1265029663543324672
1265285261803565056
1264957165019598852
1264972247221051392
1264979362232668160
1264981526271361025
1264996730359238657
1264999676085927943
1265004846320672768
1265043514016124930
1265075793786478592
1265154011654582278
1265258813856329728
1265280437733281797
1264960491849383936
1264962164730630152
1264966787151560706
1264975561358786563
1264979051619418112
1265009301732515840
1265088686007484416
1265284007077515268
1265486609358770178