1262323632497442816
1262324219146383360
1262324356308443142
1262324917216788480
1262324984816504833
1262325628122136576
1262326481889497088
1262326594477207552
1262327433967042561
1262327946418753539
1262328058176057344
1262328552747347969
1262329234594230272
1262329334972452865
1262329366932975616
1262329383131512832
1262329596965511168
1262329644717690881
1262330407518904320
1262331118013034497
1262331452294942722
1262332429676797953
1262332777141358592
1262332782774300672
1262332840328323073
1262332890542678016
1262333092380831745
1262333309603975168
1262333611690258432
1262333972857511937
1262334254001852421
1262334283303260162
1262334883453636609
1262335016627036160
1262335129885782018
1262335950635634689
1262336261014073345
1262336602098950144
1262336682193371137
1262336726397222912
1262337239595528194
1262337320918806528
1262338093878738946
1262338694834458626
1262338835637248001
1262338963597074432
1262339309329317888
1262339702218096641
1262340742787158019
1262340771719643136
1262340872039006209
1262341900738064384
1262342188815380480
1262342318646005761
1262342339529281536
1262342495490519042
1262342578822885377
1262343166851719171
1262343204181065728
1262343721011609600
1262343880227373056
1262343963228418049
1262345138044416001
1262345436075102208
1262345570007617536
1262345732813516801
1262345951408041985
1262346530628841473
1262346677849030657
1262346865607090177
1262347369309503491
1262347891529732099
1262348141443022849
1262348196501696513
1262348291959853056
1262348539360710657
1262348703563726848
1262348748614782976
1262348917208801280
1262349177411063808
1262349617431265282
1262350063512236033
1262350200342970369
1262350842130124800
1262350866025234432
1262351194317557760
1262351211266822144
1262351420566630400
1262351687060258816
1262353444616187904
1262353463310192646
1262353510340997121
1262353546965630976
1262353590405996544
1262354396991705088
1262354751573889024
1262354776471285761
1262355636387491843
1262356940287434752
1262357166889095168
1262357606607343616
1262357936061517827
1262358970540359680
1262359339391647747
1262360278173442048
1262360442602770432
1262362153731846145
1262362521639452675
1262363891343994881
1262364258014281730
1262364419461431296
1262366349772427264
1262366436183478272
1262367127161507841
1262369015113998336
1262369015650938883
1262372138616528897
1262373519138136064
1262374301329575937
1262375722661941249
1262376373177499651
1262379782723055617
1262389362295275524
1262389807038300167
1262393272082759682
1262398095381409794
1262400704657965060
1262402838354898945
1262407721489436675
1262409243111587840
1262410002771243008
1262416146994733056
1262416396345962496
1262416741759672320
1262420341860601861
1262422601982500865
1262426713142820869
1262430436812177408
1262435277248663558
1262442580253564931
1262458665501589506
1262462427221852160
1262462855728762882
1262477920901054464
1262490457994440704
1262490885616308225
1262496162600402949
1262517566280536064
1262542052069216256
1262548838989979648
1262565191037751296
1262573816380887041
1262674134703591424
1263361664889561088
1262329141145157633
1262329266164756481
1262341656877072384