1267461216055652354
1277431839561445376
1263334801135865856
1263616316591636480
1263617232078331904
1263618860533592066
1263619816688160768
1263695242089373697
1263804022156378118
1263192634660659201
1263198053554683905
1263198365514268672
1263217679827185664
1263222029530079237
1263228861329731589
1263237262138945536
1263246517961404417
1263274797749932037
1263279494107926529
1263283303915884544
1263306145323573254
1263309484807671809
1263329745997094912
1263446583770841088
1263515822498164737
1263522394943246337
1263567009511440384
1263594309363699713
1263859916978229248
1264113389309005824
1264532823609937921