1260130306041896965
1260130315013668864
1260131077416419330
1260134195172605952
1260136111160152065
1260140296718909440
1260142527253893120
1260143158312271872
1260146913862488069
1260147505943187461
1260148037676077056
1260151110846885895
1260156277604278272
1260159109820633090
1260159952695558144
1260160606432354306
1260161663103307777
1260162761822294017
1260162809171755009
1260165883747540992
1260166661124100096
1260169849776549888
1260171303371374592
1260174535397081092
1260178710742929412
1260184255562346497
1260186282979930117
1260193291787788290
1260197398741168130
1260198014716502018
1260199248429232128
1260203157046661120
1260203647742476288
1260204562151071751
1260217493337133060
1260222834032480258
1260228763402612737
1260233803563323392
1260234111484153858
1260235965215281152
1260239840072863745
1260244118145507331
1260366285768032256
1260451130276003841
1260663662706069509
1278694853065338883