1262052661047758849
1262052668886802432
1262053125856296965
1262053646528724992
1262053830172315649
1262053876938813440
1262053947893661696
1262054241771950087
1262054265188765697
1262054300848717824
1262055379019665408
1262055571764711425
1262059959291912194
1262062408144543745
1262062603242811396
1262065383172792321
1262067122672459777
1262069154246471680
1262070059494588417
1262070230131580929
1262079453850595328
1262080517001801728
1262081093718532096
1262081446153420800
1262093211604062211
1262097405723455488
1262102355602034689
1262105181468024832
1262130431039856640
1262130733365080066
1262136463996551168
1262145573156782082
1262148263668400128
1262149679032262660
1262150250074120192
1262151992069275650
1262156972448718849
1262157988095094784
1262159955085479942
1262160051348930560
1262163801585127430
1262166444411772929
1262181803726647297
1262182801874485250
1262203999182348288
1262205861729988608
1262206792840491009
1262225901758173184
1262232143692005378
1262232277964095490
1262233091193659393
1262233976145448961
1262248585300635649
1262250573715443712
1262280877314170881
1262286329808924673
1262288129433583616
1262289434294341632
1262302213776515072
1262330487105662976
1262342180611465221
1262358517190660098
1262362024031465472
1262365980128276480
1262374435652112385
1262380424141180931
1262384488375558144
1262394047659991041
1262396572794568706
1262403530545074182
1262407016552648705
1262407613888823297
1262431955221483527
1262432102391459840
1262432949682573322
1262434791040749571
1262435109547896832
1262440110253113345
1262454927479042048
1262455997777563654
1262541468188708865
1262560491064434688
1262653402502307840
1263050041645764608
1263145444563091456
1263277964008894464
1263569174439194625
1262060046692868102
1262062634976915457
1262063712577282049
1262064623013867521
1262068103783079937
1262166061908062209
1262248241611051010
1262347616764825602
1262363907265445890
1262063323186528256
1262063888822153217
1262063922942750722
1262065135042146306
1262067420899889152
1262068935224168449
1262070912934797317
1262123754391568384
1262248546222460930
1262301790244163589
1262349886994944000
1262356954682400769