1266306111717675008
1266343144293126145
1266406056827080705
1266494357139533824
1266548207523414016
1266307869571346432
1266307947451293696
1266310292235051008
1266313305720791041
1266372042401562624
1266565102649532416
1266512141697384448
1266406465222463488
1266519105424654336
1266533968557400070
1266534018524180480
1266616273472909312
1266349574475702274
1266547524577329152
1266590709194412032
1266625743959683073
1266634246564777984
1266639673683828736
1266654555292434433
1266660288557756421
1266778815063379968