1266126939816935426
1266134385285378048
1266379249394434048
1266118904033787905
1266118997763919874
1266119268967612418
1266119697264771076
1266125388838768640
1266155977390227456
1266165050290601984
1266184451199062017
1266187393469562880
1266235079195385857
1266379982525411328
1266391219405545477
1266464115993776128
1266122901587202050
1266132191827779586
1266132212480651264
1266133420251332608
1266137675444088832
1266140810900393989
1266167790232170501
1266196561333153792
1266196586842865664
1266196653674905601
1266245450207657984
1266341055609348096
1266384776878911494
1266391206608678912