1262821027681316866
1262822143743623173
1262822638080135173
1262825998539730944
1262827638575390720
1262834002123264000
1262835555764764673
1262838932582158344
1262840329960656901
1262840954542850051
1262841286261948417
1262846009664823297
1262858009048264704
1262860305073348608
1262870352268492806
1262891392205852673
1262895209299488773
1262898969480396806
1262901734034333696
1262907958498918401
1262937474080354305
1262943300014583809
1262945162986127360
1262951263752372226
1262965661258694656
1262995691619696640
1263048548070940673
1263071801057464320
1263098083136733184
1263129304189349889
1263179712660193280
1263189518540251144
1263439243441065984
1263442439202918401
1263518079033782273
1264559723308867585
1263164508106678272
1262831345505632257
1262843107080646666
1262903190296629258
1263023331407736832
1262833966437920768
1262837230256697346
1262838307039465474
1262928691853737984