1257297132777885697
1257297215472762885
1257297423095005185
1257298593809002496
1257299017018400768
1257299963517833216
1257299981456867333
1257303369648975873
1257304503058980864
1257305648003342336
1257307081360592903
1257308953332994055
1257315894444744710
1257316372553461766
1257316477515870222
1257318348393549824
1257320223067107328
1257327844193001473
1257329605939101696
1257331101577752577
1257336879340453892
1257348735224418313
1257360811414171651
1257436979630952451
1257459536610365446
1257469088147935233
1257477245058367488
1257484505327169536
1257504017921372160
1257514776709619712
1257608070592696320
1257618829116493827
1257657551308505090
1257658666070704129
1257886962536591361
1257297851396341760
1257320675892555776
1257298078102683653
1257298664365555715
1257298605381160960
1257298750520864770
1257299536697008128
1257299788279820289
1257304922422251521
1257299523988119558
1257303970562924544
1257313764241596416
1257420278835089414