1264902443697135616
1264902701969784838
1264903175498235915
1264903707101192193
1264903956712402944
1264903970557792256
1264904280537997312
1264905503836041216
1264905539055529984
1264905751694389249
1264906099146272770
1264906842548965378
1264907398818521094
1264909055077888002
1264909431231467520
1264914685968764929
1264923820554629121
1264929047886196739
1264938010640109569
1264938849769160705
1264942728942583810
1264981428594450434
1264983162834255874
1264990107553148928
1264990177480658944
1264991311200845860
1265014808664961024
1265030117866250242
1265036253822582792
1265042993834319873
1265068399677378562
1265076571187974146
1265077282789396481
1265084051355926528
1265085138687451136
1265106034990997511
1265110040719110147
1265118944962195458
1265123781368053760
1265129847107526663
1265135483253899265
1265144152007651328
1265158027071696896
1265158581684506625
1265161542846124034
1265162372009738245
1265171084581548033
1265179212840873984
1265184967518310402
1265215022688604160
1265239426445250561
1265242363863195648
1265251623330250754
1265281800739287040
1265313962297606145
1265314445212909569
1265338038365966341
1280609104063614976