1262022227614216193
1262022493541449733
1262022684218703873
1262023652859510787
1262027456476839936
1262032097595854849
1262032800783511552
1262033114907283456
1262033756153696256
1262038178061602817
1262038278129270785
1262038567238406149
1262040003431055360
1262045149325955073
1262053897876705281
1262066167214202881
1262084403745951753
1262237171815051264
1262291740385402886
1262312263375093761
1262391008647688193
1262458022984589312
1262792695405088776
1263528707223764992
1264248215135805440
1262029196450201600
1262032804914872322
1262055290540896256
1262060860958052352
1262121283371831297
1262032901228638208
1262036176040591363
1262037270791503873
1262041696851894274
1262042849572519936
1262052379685421058
1262052538846572545
1262097099899973638
1262258261794775041
1262301912025661440
1262342805998968832
1262440318462578690
1262987079878762496
1263440849515544576