1259893109506428929
1259893848349634560
1259895576210137091
1259897393635614729
1259898972686041088
1259933379530809351
1260116389387472896
1259898023431278594
1259923023290724354
1259898726551715841
1259899669364248579
1259902182817771553
1259903180646776834
1259905268361629698
1259908116990382082
1259928874575695873
1259964494014492676
1260022143280050181
1260034089379262464
1260037336022179840
1260210448995155968
1262036873335185411
1264021819683737600
1259901393487499267
1259909706417504256
1261391093654003714
1259903733577715712
1259903918244577280
1259905773582376962
1259906414585081856
1259910030264016896
1259911310793412608
1259915548810510339
1259917822907559938
1259950697359040525
1260055220169486338
1260112426520834048
1260161090174009344
1260190104368418816
1260230410417500161
1260231905171181574
1260284614267944960
1260288436012892160
1260307419541975043
1260345751059693568
1260359483605147655
1260360011630415873
1260389254200467456
1260400767321755649
1260406576290152448
1260423925395308546
1260455038050336768
1261582794007986176
1259905931443204103
1259912579926749189
1259950307263631366