1257069235634921473
1256918476465287169
1256629164745977856
1256631992591900673
1256639147726561285
1256639344573665283
1256643404206923776
1256645937918873601
1256647611349639168
1256648963207421954
1256661591346601984
1256666378033078276
1256672195125956611
1256673746854821889
1256701856996143104
1256720119004164096
1256764859397488646
1256848670282014722
1256882538707992576
1256906665099591680
1256939624045445121
1256996352078180355
1257019491957059584
1257033526115028992
1257053041754324992
1257067151606910980
1257075695185883136
1257102509702819840
1257225390390738945
1258674665943433217
1256632570625822723