1264704492861190144
1264740560159551502
1264745509073215489
1264745517289836544
1264745590635692033
1264745705605787648
1264745845192372224
1264745852725350409
1264745861529178112
1264745997399478278
1264746025484460032
1264746133601103873
1264746150147612673
1264746225968046080
1264746272356884480
1264746345136631808
1264746380716683264
1264746485788205056
1264746491966631937
1264746598577221635
1264746695377616896
1264746833017860096
1264747031224029185
1264747066267443213
1264747127835627520
1264747198245490688
1264747266734243840
1264747321356582912
1264747429825576961
1264747539233996800
1264747597316546560
1264747732134215682
1264748012200431618
1264748234875891712
1264748322524286976
1264748348520701960
1264748520197808130
1264748612791209986
1264748637541797888
1264748751794499584
1264748823030558721
1264748859571548161
1264748944380264450
1264748969835532294
1264749620044992513
1264749707231997955
1264749832909934593
1264750382426849280
1264750545367154689
1264750806894628867
1264751094204227584
1264751412845707264
1264751499160109056
1264751525814923264
1264751925477675009
1264752169112256513
1264753552192389128
1264753604050604034
1264753675735572480
1264753989943545856
1264754093798633473
1264754509236047872
1264754752853704704
1264755931201458176
1264755960461045761
1264756879814791169
1264757777827799046
1264758201058287617
1264759437723488256
1264760332116869122
1264760956682305541
1264761557205958662
1264761854561325056
1264763369359319047
1264764089718325249
1264764514605641731
1264765146691444739
1264766197792337920
1264767197924253696
1264768316809326597
1264769433177899008
1264769668188786691
1264774489285382144
1264774605392146434
1264774813672857600
1264780570493673472
1264780711480836098
1264783337849307136
1264783798417440768
1264783892575326208
1264784151812562944
1264784584320913408
1264785846772760577
1264786768861302784
1264787540969693186
1264791731503017993
1264792645261549568
1264793130601254912
1264798927699628032
1264800252592193536
1264808885589667840
1264812076058447873
1264814483966328832
1264814853778108416
1264816007505424384
1264817856161746949
1264817885266038793
1264820599320428544
1264820716848984064
1264823392273719298
1264831454464430085
1264835347948568576
1264835564861341697
1264838698774016004
1264841826348879872
1264842195309334529
1264859493386649601
1264860734707519489
1264861662332497920
1264865340367998978
1264865634644566022
1264867390581551105
1264871547329818624
1264873410619944963
1264874990631030785
1264876694885806080
1264878382241775616
1264883882534604801
1264887410707460099
1264889624834584582
1264890628455817221
1264896977361342464
1264897901509128194
1264906201579630598
1264911611631992834
1264915013791133697
1264918745560109056
1264920264971825157
1264927729658413056
1264931395459256321
1264940602799554561
1264945510064050178
1264962357496856577
1264964921185505280
1264967986915479552
1264968864124657664
1264970076303904769
1264973037432115200
1264977227655020545
1264990828742742019
1264994617042354181
1265028528031985664
1265043249233907721
1265080050283503618
1265184367296602113
1265263223806128134
1265267380336222208
1265331418244222977
1265374146646679554
1265386978050224129
1265597225134100481
1264665057264308224
1265002296313700352
1264655649662590976
1264655726066237440
1264655992999968769
1264656057521131521
1264656099141009408
1264656132376846337
1264656543812730880
1264656803301916681
1264659860823531521
1264661474246606849
1264661878422343682
1264663853729808384
1264667633212940296
1264690990687956993
1264701300836614146
1264721127739240449
1264746720631705600
1264761330206216199
1264761971083112448
1264775866816528384
1264783362574737408
1264789109471694848
1264794088169185281
1264794624842846208
1264854149230759936
1264901540567027712
1264916028745801728
1264917945135714307
1264921493194014721
1264923103613931526
1264931282972291074
1264932554014105600
1264940573531820032
1264987276691595265
1265012304934055936
1265077773904695297
1265098330310410240
1265108623153344513