1259086789425364994
1259149233418010624
1259153700540624900
1259157207679148033
1258790180099706881
1263131165365501953
1258777404161642496
1258777578237841415
1258777584650854407
1258777791140630528
1258778037836972036
1258778888936841217
1258780839548198912
1258781585719136262
1258782864830795782
1258784061260091394
1258785138709794816
1258786682746408963
1258788606438670336
1258788694477111299
1258789131011973120
1258789143708143619
1258789316135772160
1258790091885088768
1258790339068022784
1258791035481870338
1258795561504911360
1258805185582960646
1258809919303757824
1258815982950158336
1258816943861071872
1259018244368658432
1259037966996926465
1259106665460314113
1259220588515770368
1259252262611943430
1259284918691074048
1259370524955815937
1258778629254909952
1258788053566578688
1258793337915691008
1259368936077836288
1258778709022126085
1262133215675904000
1258778870498631682
1258779399543013376
1258784977455636482
1259430469835411457
1258784722752282627
1258968165175918594
1258780251431358465
1258780400165498887
1258780410105888768
1258783832934944768
1258784098614759424
1258784718755180545
1258784944886886400
1258785163909033986
1258843107761836035
1258862770981871623
1258902758863843328
1258981100413571074
1259143931352109056
1259175007613157376
1259449755404570624
1260171344747966466
1261008106974298123
1258780091858984961
1258781370475839489
1258781519402995714
1258781569579245570
1259086729807646720
1258781656187654152
1258781744154755078
1259086658575781891
1258782221969784832
1258784521631260675
1258782223244972033
1258782526031761410
1259756098959085571
1258782527755517953
1258788720003756035
1258790280783945730
1259134616817942530
1259086574849077249
1258783131596984322
1258783469066428417
1258783775816929281
1258784240365436928
1258783237721206784
1258784266382569475
1258799545544249350
1259086529110163456
1259086474022211586
1258787709222453252
1258788356626014209
1258808614518579200
1258812714845118469
1259217491085201410