1261319567835611139
1261320100419944449
1261706252754784256
1261778609263513606
1262342201893359616
1262822865038184448
1260916164143783937
1261068777204015104
1261353154622316544
1261721520147226626
1260988415119708161
1260999814256476160
1261036481197551616
1261055931065958400
1261059135321317377
1261064821509849088
1261065966663766016
1261074758369763331
1261075018689232896
1261097677007151104
1261131246983233536
1261204116052815872
1261229483744473089
1261248692591493120
1261274822757060610
1261370850953113601
1262274061939474432
1262305527985569793
1283883061478916098