1264943785542324224
1264944578492334082
1264947316273958918
1264948093348278273
1264948600993386497
1264951276774797313
1264954780532666368
1264955727904292864
1264970965919895554
1264973422548750337
1264977601077981184
1265002195931414533
1265025386213187584
1265036594786045952
1265044021426126850
1265052268329488384
1265197067871412226
1265212531880202240
1265259223803400193
1265281657868701705
1264944526847811584
1264944720087846913
1264945405109973000
1264945585376894977
1264945937425805313
1264989114488680448
1265114255021477890
1264944952812937219
1264945429411696641
1264967127167045634
1264945430535770112
1264945575637725186
1264945899161235456
1264946006011060226
1264946087594508288
1264946210491817984
1264946310408519680
1264946424539680768
1264986039195766784
1265329774945284099
1265394597850644481
1264946747585019904
1264946795844702209
1264947636081172484
1264955500568776708
1264947822429945859
1264948319903723528
1265012358063230983
1264947986381058050
1264948047282425857
1264956074890719238
1264959077911855105
1264971535951020033
1265012350303842305
1265019381639270402
1265031131595804672
1265054301161914368
1265068802359820288
1265151807787073542
1265180491541630977
1265583480785850372
1265583698914750464
1269869649048428545
1264948249187811330
1264949040069804033
1264957392602705920
1264980037549334532
1265013731014127617
1265019689941565441
1265058227886215173
1265134283049414656
1265237252696834049
1265396103903666182
1264948339499503616
1264948479480209409
1264981589349539840
1264948586778972169
1264949218654863360
1264950214475026432
1264954280286404609
1264958626822848517
1264959781841887239
1264959927984029696
1264961309482733569
1264963256357138433
1264964570864668673
1264965747521929216
1264967222088175616
1264968406043746305
1264971174741774336
1264973793627267072
1264974815141781504
1264975058235088896
1264976390400675840
1264977160659501058
1264978016805040129
1264978220727832576
1264979714583691265
1264981120984154120
1264981559884632075
1264982768204668929
1264983812196294656
1264984389160546304
1264990698144595968
1264991655586906112
1264991953600512007
1264995581862137856
1264999628866564096
1265006642011295744
1265020873355997188
1265030641495703558
1265034639766425601
1265035305935081474
1265040819733446656
1265044218508165120
1265044805316378626
1265057055359954944
1265065917207150592
1265076058254082048
1265086534341910528
1265088600280051713
1265096773309067266
1265111841568686081
1265117762277511171
1265118449153355776
1265125027160027136
1265128926898196480
1265145415000666115
1265146408962752512
1265159545346617344
1265160833589534720
1265160865915035651
1265172556853555200
1265200008481181698
1265215090183278592
1265215991908360192
1265247770664792064
1265324355711574022
1265413846346366978
1265722794290995200
1265795416383033345
1266636279573250049
1264948641661431808
1264950760938205186
1264951268629311490
1264955819608571906
1264956536193003529
1264958642345832448
1264959516715765763
1264966175018102790
1264975293602656256
1264976031770988544
1264984563157213186
1264985365028503552
1264987485907623940
1264990497728352265
1264990959097405440
1264991823329554432
1265004164289040384
1265032353090539520
1265040647721017353
1265088952035393538
1265134562956374016
1265150002663501824
1265152894174666753
1265164226143891458
1265172221309472768
1265203795505676288
1265249496029519873
1265280709792378882
1264981501902495749
1265148695093354496
1265345721722642433