1256239661376299011
1256241016073584643
1256244531214901251
1256248745697710084
1256252106153037828
1256253993673797633
1256299681623179264
1256370839378726912
1256436248794632192
1256771117785796609
1257081840130838528
1257320249877135360
1256243364732628993
1256244701503635457
1256244736911794178
1256244820072226817
1256245370197327873
1256245520516829184
1256245528498585601
1256245681448091648
1256246036223463425
1256246279937515521
1256247143867785218
1256247152789139456
1256247236666617856
1256248582253969416
1256249031279415297
1256249723234799619
1256249744113844224
1256250701161926656
1256251505490849792
1256251795422076931
1256252051430035456
1256253179555196929
1256254140268904453
1256255113456316416
1256255147111354368
1256262860302356480
1256264379235880962
1256266458633580546
1256266555358236672
1256271797965729799
1256272352179941376
1256280208115552256
1256287183473979399
1256288562753835009
1256290680596357120
1256294250020405248
1256300763971641346
1256310087922135046
1256310339374899202
1256326617263030273
1256329360350441472
1256331735127580673
1256336080153964544
1256336936463224834
1256338147908055040
1256351925785763841
1256358864380923905
1256361958866956289
1256362227256430595
1256363150745665537
1256365943988592641
1256366187744768005
1256366618717847555
1256367215076663296
1256382518636445696
1256388610393280512
1256408411815710722
1256422058835283971
1256425938776014848
1256432885420249090
1256434995163467780
1256435862423961600
1256435958712582144
1256437486273716229
1256444515809988608
1256446147134136320
1256453889517334528
1256457275339730944
1256461326274224129
1256480956350955521
1256480984876408833
1256485288924209154
1256485342397427712
1256487721025110017
1256488987306450945
1256504990107004928
1256508146920628226
1256519183782854665
1256519412762292224
1256523231722266624
1256553635313414144
1256555975353524224
1256561305445634050
1256563499192520706
1256563893381541893
1256570604456513540
1256581219396927488
1256584785524191232
1256584840301776896
1256585251876290562
1256585558329081857
1256591534301929474
1256593685996683264
1256596231549325313
1256602703909789697
1256637638376935424
1256639491948847121
1256640037594202115
1256645590005448704
1256667161805774848
1256668230745231361
1256677471312916486
1256683511517515777
1256689982741327872
1256695053570977792
1256711197186945024
1256739405051633671
1256761524892372992
1256767467449225216
1256784866412093442
1256799370357256194
1256833733778386945
1256835744565547008
1256841213841412096
1256849710716862465
1256854739612061697
1256899329178009601
1256913182452572160
1256920246134255618
1256967468784005121
1256990185453125640
1257077612746207232
1257081533866872838
1257107086107967491
1257121333156048897
1257146594803298305
1257160751531212802
1257163662353207296
1257163872630386689
1257164870287601666
1257174789908656128
1257244012450320384
1257259304953864194
1257259910342905856
1257263596511387649
1257266187785756675
1257274267978420230
1257284160936345600
1256244811805360130
1256247063815151623
1256254853384298496
1256267452834549766
1256285446331445248
1256510080922652678
1256634455201988608
1256244981062344705
1256345990803517440
1256245393224015875
1256273027228037120
1256245290253910016
1256246259398127620
1256277212426375168
1256246337701662722
1256246464113762304
1256246558674292736
1256483025069789184
1256246638928113664
1256249677185515521
1256249815882702848
1256251984010772480
1256246717315497985
1256248017503629313
1256473549604347907
1256246768691445760
1256254341268205568
1256255338447171585
1256258213369966592
1256457921082224642
1256674929409310720
1256246843337515008
1256246902263250944
1256247965355778048
1256582365700382722
1256344649725349891
1256247192039444483
1256273014343286784
1256247322972913664
1256510584431849474
1256247541982781444
1256247615718658051
1256283508466577410
1256247922427146242
1256248012071895040
1256248143794114560
1256253520136810498
1256248218196770816
1256248501836660736
1256250835681542146
1256251208790167555
1256251526982569990
1256251897759051778
1256252030793977860
1256252240584736772
1256263618787774464