1265394065320882187
1265395278334562311
1265396037348257792
1265396095330340865
1265396481696993281
1265396855183048709
1265398142234656770
1265400429019529217
1265400576025735169
1265401110682112000
1265401393071878144
1265401955247165440
1265402915386261505
1265404207156396037
1265404270620356608
1265405387701800960
1265405536528449539
1265406455110393857
1265407010092318722
1265410680305315841
1265411443161268227
1265411964726992896
1265414861690777601
1265415036870094850
1265416592164151296
1265417881216483328
1265434390424883200
1265454019239120896
1265462547492278274
1265469026446147585
1265469479850356736
1265469953139978241
1265493399450386433
1265493482665390083
1265497627094908929
1265501445178130438
1265502002638999552
1265508028780085251
1265525452803903497
1265532290412789762
1265533573068722178
1265547607683801088
1265553033812992000
1265558117569437696
1265572425779097605
1265586626597539840
1265609639812628481
1265633686806056960
1265970278645055488
1266708653157031936
1266786536726528006
1265723621084782592
1265406363594784768
1265421391769137152
1265426218922332161
1265399597830004736
1265404241163833350
1265408026787315713
1265557845954760705
1266289395453190145
1265399819717079041
1265400093156560897
1265400390977228801
1265494112209268737
1265504576490426370
1265403029551034371
1266512559944990727