1265257276337786882
1265257357271019522
1265257599718449157
1265257813032525827
1265257976367022081
1265258077894463489
1265258304093249538
1265258418354388994
1265258698940825603
1265259420356939776
1265259692382547973
1265259896750010368
1265260094637342721
1265263576698118150
1265273512354181123
1265273864633933824
1265277795254468608
1265280139224629249
1265284870932176899
1265291321348108294
1265296396887957512
1265299336914583552
1265300071299592193
1265307406734680064
1265315829131939840
1265319495238737920
1265336054397239299
1265354089702932480
1265359433196015617
1265388487320068096
1265389447442567176
1265435719587303425
1265452249645322241
1265527780600668161
1265546536739655680
1265563616985710597
1265565105862950917
1265566980733632515
1265567131682439170
1265567379066621952
1265574030154911746
1265578741054365696
1265580700503334912
1265605223021776896
1265607014597582848
1265611246868586497
1265638358849593350
1265651063547400193
1265657543067656195
1265659594040389633
1266670568767721473
1266671188996128775
1266674367884386310
1266680423184306180
1266680534161412097
1266684421794664450
1266684653030817792
1266685131613323265
1266685580966068225
1266690834474254336
1266738948493250560
1266741263216361472
1266809177537536000
1266837334349185024
1266845231456149504
1266849502004236290
1266903993357385731
1267015675429687298
1267124685193523201
1267568543371071489
1278683264849334272
1284616682972078080
1265257436690161666
1265258127362011137
1265264222524649472
1265264641636270080
1265271063522365441