1256252576087117827
1256252964311838721
1256253323109437441
1257423434289754124
1257425504942071808
1258440440120061953
1262997188663283713
1265642578130669568
1256253599279177730
1256254110984286208
1256254617333256192
1256576051490312192
1256289654359416832
1256254891863019522
1256255188979068928
1257226155750350848
1256276319836557312
1256404859122790401
1256424354633576448
1256517559618203648
1258441372916281345
1256262659168755714
1256264193910755328
1256276221366800387
1256399019388989440
1256484730586963969
1256259127602483201
1256260800458735616
1256261086191517706
1256271533602816000
1256332478010191872
1256407144552976384
1256480838801375232
1256545131525738497
1256939472425381888
1257043525235023877
1256256698580373505
1256258062131908608
1256275666380754951
1256259126847369217
1256260247062056960
1256261950226477056
1256265856713207810
1256266186351955968
1256273568054292481
1256274415173722112
1256283660111605760
1256283689320886272
1256283689392070657
1256284783765684224
1256309752105070592
1256320803416584194
1256323405424455680
1256350790450470917
1256436610532507649
1256457429769809922
1256458852180144128
1256473255784955905
1256476346282213376
1256562824408715265
1256582389666635785
1256969395534016516
1256266533434769408
1256276714981859329
1256267104757649410