1263255723238207488
1263264277999296512
1263267969062309894
1263270246950924288
1263277498453893121
1263282351213359104
1263286944655642627
1263286993456422913
1263287400425545729
1263305311051448320
1263312736206893057
1263333346765148161
1263393382388453376
1263431944957804546
1263445731349803010
1263457299299020800
1263464488839282690
1263476467800907780
1263480477538750466
1263483687934611456
1263517538060840961
1263522370129666053
1263529143649464320
1263544880392998919
1263615483506499589
1263651648565624832
1264676797427441667
1275494781435682816