1260229983966027778
1260231284691021825
1260234572001730565
1260231229808365569
1260244777662119937
1260234274193596416
1260235630216282113
1260236027614113792
1260240540500721664
1260243313472520194
1260255036086661127
1260262158463635456
1260285968726126592
1260297281196064771
1260370640135163906
1260376055157788675
1260389194653995008
1260426470935191555
1260431295068463105
1260432233736912898
1260454551393615879
1260472541543571456
1260490792872927232
1260494875121893377
1260504078204846080
1260529428335034368
1260529944532148226
1260240402667495424
1260236758832287744
1260240104565673991
1260307008265375750
1260238892273467393
1260237774587932672
1260512278929170432
1260567762537197575
1260238175559188482
1260241145659088896
1260241665089929217
1260241845399019520
1260243281876746243
1260243313359118336
1260243358930178050
1260246952068947969
1260254138652336129
1260254539636187139
1260255695015993344
1260256574381031424
1260257830214553601
1260265165372751872
1260288091622957066
1260303757553790976
1260321226796314624
1260321989782167552
1260469721469792257
1260497849051230213
1260533119179948032
1260621987585634305