1262720989848371206
1262720913751060480
1262721124942540801
1262721656763617285
1262724206804041730
1262725922731499520
1262726546365853698
1262727267857371136
1262728164796698626
1262728435396460546
1262728589465849856
1262728681362984961
1262728787105546241
1262729730547220481
1262730885327196161
1262733051374829570
1262733103157534726
1262734297615732736
1262734772859797505
1262735296820441089
1262738803107729409
1262739259619975168
1262740036111355906
1262740476622368769
1262741084461051904
1262741830946263042
1262742126116274183
1262743839766278150
1262744531394428929
1262745387355353089
1262745614183362560
1262752857662427136
1262765660960182273
1262768544183463936
1262776098464522241
1262776240827752456
1262782687217176576
1262793659877130240
1262794486167396353
1262797254374481921
1262812432264843264
1262819577005854721
1262826765837271041
1262826895185457152
1262839805953613824
1262844320949743616
1262845820384145408
1262846956671512576
1262847069796077568
1262867739321892864
1262871917742047232
1262885103492927488
1262912862646919168
1262917097992093696
1262920323663572992
1262922265882230784
1262928241704218629
1262957469128679424
1262963680217460737
1262974484908212226
1263013911697162241
1263014003590168581
1263022271045595137
1263023441726197760
1263026960608837632
1263027116699860992
1263027559488294912
1263032614367031296
1263033662712373248
1263033842987872256
1263048242452824066
1263048279580803072
1263049755803873280
1263050008242216960
1263050507158876161
1263050675140784128
1263050708913287169
1263050762587787264
1263051107279892486
1263051169661775872
1263052322642391041
1263054751970635776
1263055108524277762
1263092269009129472
1263097093394219009
1263107670464245766
1263366569234780160
1263424001977618433
1265091069642969089
1262722306641707009
1262794725368541185
1262923951904378882
1262727644552060928
1262729198487158784
1262753159430025220
1262755928073318400
1262975042838843392
1262729633180639242
1262756644489793538
1262974548791656449
1262734138450178054
1262734414527807488
1262735770302861312
1263260536629796864