1257385781137727488
1257385926772363264
1257386760935485441
1257389617596313603
1257391123854692362
1257391182050660352
1257391669214920705
1257395564553146368
1257395900701433857
1257396991878934540
1257398371570122753
1257400397037293568
1257402666638020608
1257402968648740864
1257404336096731136
1257407535809773568
1257409368649277443
1257410556182626305
1257413760408526856
1257414789095137285
1257415866699956230
1257419088256737283
1257421518411350018
1257423285865906182
1257436497357287425
1257448976028139526
1257491699078701057
1257492896820850688
1257499149605494784
1257519628542046210
1257522396883386370
1257522653914636289
1257542144132370433
1257553312901038080
1257559809114673155
1257562524687482881
1257563027928481792
1257627540023279616
1257640748339662848
1257654467383738368
1257655642204012544
1257656438442405892
1257666097253318658
1257667956080889864
1257670426437791744
1257675287355183104
1257682462613831680
1257693189294764032
1257702529279971328
1257703607014772743
1257895103173218306
1258018683626151940
1258082512384950277
1258172950219538435
1258738921741201408
1258839043397185542
1259348313368940553
1257657809463914497