1265291087658262530
1263917590663004160
1263921759465676802
1263923039630241792
1264174085178867713
1263916101206970368
1263916575364730884
1263917104799133698
1263917264090341377
1263922686981476352
1263924317684973568
1263924847278731272
1263926159722545155
1263927350921551874
1263932095262593025
1263937249646972928
1263938289750495233
1263958330839621637
1263961727584043010
1263962679011692545
1263966749759877120
1263981617690939392
1263981890278580225
1263989032167579649
1264025439615377409
1264027401589145607
1264043253088882690
1264047085688688640
1264094017404338177
1264129517305630720
1264135498014097409
1264135771797233666
1264174252720357377
1264177088057217027
1264188400569143296
1264223216911872000
1264250008964120577
1264271578721812482
1264447528541450242
1264746766781513728
1271116249267712001
1273677634979819520