1260592158274236416
1260592501934575616
1260592543277789186
1260592668981317632
1260592810035744768
1260592841262280704
1260594183867437065
1260594254960717829
1260594720348213250
1260595492284760064
1260596573156900867
1260596582489055232
1260597241166925827
1260598864182235138
1260599631882248193
1260602098825285635
1260605290145185798
1260605856875335682
1260610885762064386
1260613683396345862
1260614672819970048
1260618006499123202
1260620906050670592
1260621148955357184
1260622316582641665
1260627297880678402
1260638548685881344
1260646838736007169
1260649622369783808
1260658424188071937
1260681383585951744
1260711707913191427
1260718783687098368
1260721010556522497
1260721865863032833
1260740124494696448
1260741108734152704
1260790653065269252
1260792499561541632
1260793258663276545
1260801508700033024
1260802720765632512
1260816830182027265
1260817010335846404
1260834069811793921
1260835100658405376
1260838686729678848
1260838879374041088
1260843222630350855
1260843866359336960
1260844844034879488
1261008845419147264
1261194555984134145
1261276970916163584
1262130787958259714
1260592913328807937
1260593015703457792
1260594653604253700
1262307392936710145
1262307255598317569
1260595087496675331
1260595420201246722
1262307095107579906
1262307130272632837
1260595522773139456
1262307062115164160
1260595987602649089
1260599019857944580
1260612378493718528
1260598054597488645
1260596777885020165
1262306952731922432
1260596779680178178
1260597930840526848
1260827806956732418
1262306886453473280
1262306920301502464
1260597770089611266
1260599019727921152
1260602215544176640
1260608113176195072
1260634431708004352
1260599063831068672
1260597932983824390
1260597934653157379
1262306711102259200
1260597936393719808
1260598735324790789
1260599145087119360
1262306639388061696
1260598736721457152
1260599062186921984
1260611523753492480
1260614986977751045
1261340660420022274
1260598865788534784
1262306584606187522
1260599015932071936
1260599136727953408
1262306555317432322
1260599153916329986
1260599065353555969
1260675829257900033
1260999523368910852
1260599387404865536
1262306500858597376
1260599388801564687
1260601458464034817
1260602337590157314
1260851454316855302
1262306444994543617
1260756780520321024