1261314866305998854
1261345491914121217
1261351431639982081
1261320486409195522
1261417986943905793
1261316323537121280
1261316539082584072
1261316847124832258
1261317202147332096
1261317226650570753
1261317565802000384
1261317667207577601
1261317847977885696
1261318636221992960
1261321259255836673
1261324336171909120
1261324961618239488
1261324999211638784
1261340060969918470
1261340353338064896
1261340979434422272
1261342853894148098
1261352459676631040
1261369668360564736
1261371728380309504
1261372577131515904
1261375978573402112
1261376044046716932
1261376916696600576
1261395367066730496
1261396397112168448
1261397992726237186
1261432075896291328
1261437835095105537
1261451793000730624
1261452648324177920
1261459827685036032
1261481413318078464
1261492393481650177
1261493124192296961
1261498061206851584
1261529157261017088
1261535604510208006
1261539623869624321
1261552795758583808
1261564746236678144
1261573163298639874
1261808027432357894
1262072013629222912
1261316939261136896
1261318045202513923
1261318216246231041
1261318691108433920
1261318686918365184
1261330078350409728
1261317310343712769
1261318023899688961
1261318359695720448
1261317363682729984
1261317468028575747
1261319810673192964
1262305082227527682
1261317548487987200
1261324066373296128
1261317810199973888
1261322214219157504
1261407144374439936
1261762033973964800
1261317968358707201
1261322247245086720
1262304957757296640
1261318112647032832
1262304915755536385
1261318187309817857
1261318980578525190
1261319926901551107
1261322952496144384
1261320379450130432
1261320380603654144
1261320929923280896
1262304755772207106
1262304785044320258
1261320931177357313
1261320932515291136
1261321341724250116
1261322012632506369
1261439408739401730
1261543648778432513
1261759460797747205
1261761122190925824
1261943668812009473
1262098416525598720
1262304726995079168
1261322430464827395
1261322470172180481
1262304654765023232
1261322431861600257
1261322433207898112
1261322434566934532
1262304621407678465
1261322923463323655
1262304504336257024
1261322924700639232
1262304474380603393
1261322925984100352
1261322927292788737
1261322928609689600
1261561277639536640
1261582994952904705
1262304415542886400
1262304445783736322
1261324676271398915
1261325876106612740
1261391697247780864