1260149315999170561
1260197224706957313
1260210344322052100
1260211210219212803
1260230734675132416
1260278863696986112
1260155220887289862
1260155803945885697
1260164397965520903
1260663115693334529
1261632094163202050
1260166355996872705
1260176573631590405
1261274062388695041
1260161215785041925
1260211247829655552
1260247767722668032
1260162132055818241
1260162657790971904
1260165609872142336
1260191812041441281
1260214950934560775
1260227420784783361
1260229648341860353
1260242694275600386
1260404866133917696
1260574285191577600
1260578123311132672
1260998476629807104
1261102147418103808
1261106292011044864
1261120170224873473
1261253855590797312
1261276013809541120
1261277385078591491
1261280103452930048
1261286390870007810
1261348709251440640
1261372566691872775
1261384789082415112
1261387479514361856
1261469879334551552
1261557536748122112
1261557971768705024
1261558619398496256
1261558827893342208
1261572052802170880
1261573767743991811
1261578218483613696
1261583355860201472
1261585569911635968
1261590611565707265
1261594352884858881
1261600670089719808
1261601282457886721
1261602146040020992
1261619826704801792
1261650619741474819
1261657129414352897
1261938328259026944
1261962164723609601
1261965256315699200
1262006330136522754
1262024269841805312
1262302389794676736
1262305309713981440