1263124926762008577
1263162264221351936
1263126163066683393
1263131043814674433
1263126969291603976
1263300743072608256
1263280153934934019
1263127908119244800
1263128075262464000
1263130474752479233
1263130477923368965
1263131066388279297
1263133819265331203
1263138079470043136
1263138553061572615
1263140646262419456
1263161564301058050
1263165531642724353
1263166351054704640
1263166667753848832
1263175882262396933
1263188834189279232
1263201354409021441
1263240190216286209
1263241267355488257
1263242353973899277
1263253246065418241
1263255909708582912
1263297127960047616
1263315071872237568
1263321292230492160
1263389066894217217
1263396139241549826
1263406905449492481
1263128185207734272
1263129564919693312
1263195344789266432
1263256446403313665
1263128248663379970
1263170522419990529
1263172671337975808
1263187761303093248
1263195293539057668
1263253699691864065
1263255387274280961
1263279250947411968
1263326979131994112
1263402900602183680
1263406225691197440
1263511330327343105
1263128325171621888
1263373426141650944
1263128389331963905
1263195398413455362
1263396401272274950
1263128463768195072
1263181696695967748
1263128511834963968
1263128655171117056
1263128855021342720
1263129035892293637
1263186381712453632
1263129368194428930
1263186351664455680
1263195692740345856
1263129719249215495
1263129720675328001
1263129721870655489
1263150901671399427
1263129930172416002
1263130122925686784
1263132002229858305
1263133255605288961
1263208159654617088
1263233428612251648
1263247474774413314
1263282863232950272
1263285593242468352
1263298494887915522
1263316357887561730
1263346700216938496
1263361997774573568
1263408461414494210
1263445060298964992
1263130212583292930
1263130304660877318
1263130359342026753
1263130740000251904
1263150276803989507
1263131219178422272
1263131532132220929
1263244451369099264
1263131417107664896
1263131775217414144
1263134036484120577
1263178831558369282
1263254697739268096
1263354316603047937
1263131539350736898
1263131635316396033
1263150129693016070
1263235064504205313
1263237219671654400
1263132862871556097
1263134564161146880
1263138524242440192
1263235052063858689
1263253301656764417
1263325498525941760
1263381916084035584
1263133293471465472
1263135340329656320
1263136015688007683
1263138095836217344
1263139999941193728
1263146644075433985
1263149974394675201
1263204077170683904
1263229960350810115
1263234770844225537
1263253799902175232
1263254278128328704
1263265371852689409
1263276915516817409
1263297034892668928
1263518168292753408
1263720454562484225