1260971730203525121
1260983540747042818
1260989238641745920
1260990390557011968
1260991000287293440
1260991937957359621
1260992953436139521
1260994521682178048
1260996198451703809
1260997062859972608
1260997898076073984
1260997990988181505
1260999604033601536
1260999965402378241
1261009910927589383
1261014251390500865
1261022775160066049
1261023819050954753
1261030236436729856
1261032364102127616
1261034107510894594
1261034895842914314
1261038618774327297
1261081818247368705
1261126217798832128
1261130651845029888
1261136195968544771
1261143394811703296
1261144321429913600
1261151263934341122
1261157801436602369
1261187874432696321
1261190701355872256
1261209284928368640
1261211900949532672
1261214852401356800
1261219592359329794
1261256186554470400
1261259945497985025
1261277074595160064
1261328602576162818
1261450853396824064
1261839985558183937
1261923756953554944
1262299729968410624
1262310027974639617
1262339087278714883
1262495633522536449
1262526180344938497
1262624729933975554
1260984534599741441
1261051865766047744
1261317692277096449