1260607147798335488
1260607768949657606
1260606481071669248
1260830735134412800
1260610109501083649
1260610151800639488
1260612282322739205
1260613540139995136
1260616077131706368
1260623996661272576
1260625087482429440
1260626945152176128
1260636387310628865
1260728380485275648
1260953157384822785
1263266739409674240
1260616063785619457
1260616310897205251
1260873991914352644
1260623872459767808
1260626907634126848
1260615868352016385
1260615917379244039
1260629646405763075
1260632893921136641
1260633620743507970
1260640160649183233
1260648835317026817
1260650663601561600
1260679184134868994
1260700844657385473
1260832033804255232