1257082969447108608
1257084020686536706
1257091441588748288
1257097225542328320
1257102882551234560
1257109089278210057
1257111762073260034
1257119274629345281
1257139524045615104
1257147897109495809
1257167348823322624
1257173455092383749
1257183951367680000
1257194654757339137
1257195685784350725
1257218432468213761
1257222491317186560
1257222889327267841
1257223753727172608
1257244827227435009
1257266619966869509
1257268734114369538
1257273083183890433
1257273485958709249
1257287671170297864
1257306444845551616
1257319069587435521
1257330944522039296
1257350183307919363
1257371570202456065
1257411381709533184
1257415392269611009
1257988920979193856
1257083370573619203
1257084004542668803
1257084764072415233
1257084831504248832
1257084938702262272
1257085023326527488
1257085785095974913
1257085912187637768
1257088997349658624
1257089277025976320
1257090301602267137
1257091806107439110
1257096717117390849
1257101587195060229
1257102937702137856
1257105889733087233
1257109501116846082
1257110658946142213
1257120838605631488
1257130443373240329
1257134311293108224
1257140832899076097
1257140950176010246
1257157883164147712
1257158056695066624
1257158314124808192
1257164603156336640
1257164764674834432
1257166888376778753
1257183660479877120
1257185997239902209
1257243450753368064
1257245631745347585
1257247575259983872
1257250975737405441
1257252001160798208
1257255094208335872
1257255552473849856
1257260022444068864
1257274065125081089
1257274814701752320
1257276350647488514
1257284332844187650
1257294143338024960
1257305406931529728
1257307108397080582
1257307296683552769
1257307507396972547
1257307749207076864
1257308910773350400
1257309519991848966
1257311300054429700
1257315720402067457
1257316096396255237
1257317837166661638
1257318256370581507
1257318451707703296
1257318994182168578
1257320189416235011
1257329223972401247
1257329948114780161
1257331736045858816
1257334309989560321
1257335192357949450
1257336383896719364
1257338724515487745
1257341358760701960
1257343568601063428
1257343933807542273
1257348803226714113
1257349908451000321
1257361610387095553
1257362169966051329
1257363126346973192
1257364456574779398
1257367333817004033
1257370035766595585
1257376598543785984
1257400807487606784
1257407490104463360
1257411671246753793
1257420321151385603
1257462376036806664
1257505288359272448
1257543287365222402
1257544202830770176
1257628160667107328
1257703862867308550
1257718185815691264
1257726286451146754
1257911767335866368
1257976890540916736
1258106621273804800
1258122828450156544
1258302110799667201
1258909327093411840
1260197818012241921