1257046108699873285
1257046109030977536
1257048453684879361
1257050122535473152
1257059194542460928
1257061603247357953
1257076190592065539
1257108431271575554
1257113670460551168
1257127985297096704
1257138161068711942
1257143996188590080
1257153813762449408
1257156873217810432
1257158021173542912
1257177117910958081
1257221595548049408
1257236203117543424
1257252360268759041
1257263701394145280
1257270613770633216
1257306722047148034
1257310442797428742
1257310798621229058
1257311348041453571
1257336228703358979
1257339211138596864
1257429618757435395
1257449042365353992
1257773409758560257
1261821538694766593