1264595079957753862
1264595466135769089
1264596086712414210
1264597827264507909
1264601887443169288
1264602445142872067
1264602753332101131
1264609986572890115
1264613459355787264
1264626189639057408
1264637731659022338
1264641691455283207
1264644934407204870
1264661333334605824
1264669638132027392
1264674708189896704
1264689766207041539
1264704707500490753
1264712239488970752
1264726722248835074
1264736214931963906
1264736873156493312
1264810792794206209
1264815277226823681
1264884697693327361
1264885152133648390
1264910278170476544
1265039554563772416
1265058169841020928
1265070367778967553
1265072244725649411
1265185706168643585
1265308291241930754
1265632646471786496
1265669304688742400
1265677449083465735
1265829744748007426
1265935084185628673
1266039428415356929