1258175561744162816
1258175667956580353
1258176427515666437
1258176668168007686
1258176780013309953
1258177127708536833
1258178449086259200
1258188259789811712
1258195171386159105
1258195577139007494
1258197095451951104
1258199614357794816
1258199823389515777
1258200712443559937
1258221911206760448
1258222669612355586
1258249375077273600
1258249576663965697
1258265988081913856
1258270529594802178
1258280702069469184
1258294753281683460
1258304832760418305
1258315214015037440
1258316089441714178
1258324874017333248
1258339175297945601
1258349447140061189
1258351204251271168
1258364268933775360
1258374863166767107
1258385782537981952
1258389406811029508
1258427582787268610
1258427808738574340
1258434418944782338
1258435648131719169
1258439497781518338
1258453465128251392
1258460516097417222
1258461266957361152
1258461975287382016
1258463590559948800
1258469937502457859
1258472330952609792
1258493429438439425
1258513033891962880
1258564065259130881
1258566787064569856
1258575948598968320
1258609321111322630
1258630498429145088
1258646253295988738
1258767597585215490
1258780549771956224
1258817712710541312
1258864817453928448
1258872568590843904
1258874099058782214
1258919225994797056
1258938196961853440
1258940767948554240
1258958727715205126
1259194587207405568
1259285310556401666
1259349160052109312
1259503328565788672
1259646653734301697
1259683026017169410
1259688301973270528
1259825732534050819
1259826248576106497
1259859802638950403
1259860926855032832
1259871416721330177
1259879893493592064
1260046571720376321
1260055433340948481
1260131313182482432
1260265409267277830
1260275227143090176
1260282874416291840
1260285244126748678
1260300563071356933
1260323965291180040
1260337131697790976
1260337991374888962
1260339547776434178
1260682033904398340
1260714626804854784