1266146632761999361
1266146854770814976
1266195411909382145
1266202583577710592
1268356334543687686
1269105223579996161
1270267666062643202
1270272875392634887
1271293525917749249
1271298106617970689
1271662201150078976
1272690254462451712
1272737574470254592
1273237606315286530
1273240248865169414
1274166665949954049
1275612442270158848
1275669145728815104
1276166128524550145
1276652160390959109
1277018231434121216
1277260896054599682
1277996225636167680
1278046729070411779
1278126244677201923
1278409547816853511
1278430981192646656
1278486716894965760
1279009200568438786
1279929530686287872
1280378372204515328
1280520574637355010
1280808388692267010
1280899115161923584
1280922808898531328
1280982292714778625
1281001691844935681
1281013749848190976
1281016845986942980
1281017805500907520
1281022649968340992
1281049204597669889
1281057916246560770
1281112597392064512
1281147032598482944
1281160120051908609
1281182055552946177
1281182188738883590
1281182533728776193
1281185796129796097
1281189529236447232
1281200790615572482
1281211918561222656
1281237062687920134
1281260785835130886
1281301416301256704
1281351370172497924
1281448896091189248
1281517137715015681
1281576050640576512
1281589262857768960
1281596779952312320
1281645776670777346
1281858323373944832
1281956818055561216
1282154118761586689
1282154503752552448
1282165564845232128
1282350235566641152
1282431315225108480
1282745683133566978
1282871168714911745
1282964340065345538
1282968992475299840
1283010305337946115
1283129847217303552
1283132095435546627
1283168469068984320
1283219693650743299
1283238685295751170
1283274317090914305
1283327815279153154
1283331707488395264
1283356017842167809
1283428331275399168
1283430384982724611
1283466025422385152
1283539081922859019
1283636587415441414
1283721182370582528
1283765602692280321
1283766734592397312
1283894302041444352
1283951054858715139
1283954120488095745
1283954607216107528
1284244022777831425
1284270099361341443
1284463892375179265
1284535942402002944
1285181647227412481
1285809764505616384
1285914500588347392
1285940396300865540
1285961048881856512
1286016480778297345
1286499555274641408
1286513082429140992
1286638224509632513
1286668904635551744
1286755137696882688
1286755829601857536
1286792683130953729
1286814066103783425
1286823650193285121
1286837972978073601
1286894974538321920
1287115032401252353
1287924931771224064
1288026321386385408
1288096427978231810
1288362033029799938
1288482072978509824