1256646294656782336
1256647305807216640
1256647360265912321
1256656084091187201
1256656264895094784
1256657523102281728
1256659477346029569
1256661604948729856
1256669624097140737
1256675928098340869
1256678804778635264
1256686959281520642
1256687630080708615
1256721673111441420
1256727048514666496
1256732286520877057
1256741588979650565
1256763559054389255
1256767610802319367
1256807230915010560
1256810833448972293
1256817457370669057
1256821986866626561
1256829834271109120
1256835613829062657
1256835717344485376
1256838997885636608
1256890034608840709
1256894975041851393
1256909471445647361
1256916769660448773
1256919142470467584
1256922968711708672
1256936469635055616
1256937389005721601
1256952466240929794
1256973349948805120
1256990085632884736
1257018354948136963
1257036658706440194
1257054711892639751
1257063070385528837
1257069437821358083
1257077477328867328
1257148420894199808
1257155224659210240
1257275004149956617
1257276069981360128
1257497290987565056
1257663841137115136
1256660140402434048
1256669053172830208
1256671187763113985