1260840176676454402
1260840176793731072
1260840471389184000
1260841279635759104
1260841598314782721
1260842940898869248
1260844256912011264
1260844278760132608
1260845675224449027
1260846794805739520
1260847217507786753
1260849159587991553
1260850965500100609
1260852930745446400
1260895098436382726
1261002505066029060
1261035090546692098
1261067350968860672
1261084050657366016
1261100180029485057
1261134309999730691
1261196700208807936
1261199522304229377
1261199535793209346
1261512195176722433
1261780786098974722
1262305783448043520
1262730412234870784