1261735798279294976
1261735960821280768
1261737185931415559
1261738189431222273
1261738390992683011
1261738520030384130
1261739618468163584
1261740034828283905
1261740480527622144
1261741124122746880
1261741167324147712
1261749631794343936
1261753367652638721
1261753951583645696
1261774398291431430
1261781763073798145
1261807167218352131
1261810783626727424
1261811920190857216
1261825464525451264
1261830140503502853
1261846535748419585
1261853180029100032
1261854416904294402
1261861320204455936
1261868829480611840
1261869809647550469
1261872545730424833
1261881228095098880
1261906031665266690
1261908150321442817
1261909891511398400
1261913674303672320
1261951548676071425
1261955312027926528
1261962423868637185
1261962626839519233
1261982137252818944
1261982171729887232
1261987573511057408
1262013435535032321
1262052219974606848
1262055755710152705
1262075931084152832
1262124652157120512
1262135770388688896
1262291783054049280
1262321982084796416
1262358182007058439
1262500386214117379
1262535886664806401
1262674098204946435
1263244153682419712
1264496496478687233
1261739799582355456
1261770384254349312
1261817406097367051
1262121891625496577
1261740345081110528
1261741477555830784
1261743120615702530
1261747416920813569
1261766158463598592
1261770912015298562
1261791846684033024
1261806288125730819
1261837265837457409
1261845256456241153
1261847516867411970
1261881193802477568
1261891533340422144
1261973796040384512
1261993529330610176
1262031345079005186
1262040043771887618
1262046528580902912
1262060353082531846
1262123188085030912
1262123263339098112
1262145569268682760
1262231668900933633