1265538127046868994
1265538944168595459
1265539062695370755
1265539800645472267
1265539835558866944
1265540216300937216
1265540728735883264
1265542074054717441
1265542241562644483
1265542347217080321
1265543248354914306
1265543726895697922
1265546222342942721
1265546385350438916
1265547183664881665
1265548426575560705
1265551105179766784
1265552893253427208
1265554069680242693
1265557526604644358
1265560227463802880
1265563964026621953
1265566159946031105
1265570234708230144
1265570817603186689
1265573515757051905
1265573885174571014
1265575379135270918
1265576757173932037
1265579049419710464
1265583572951478272
1265595081567977474
1265605559119732737
1265606976551055361
1265612740242010116
1265645660415520774
1265649599718526977
1265683579188711424
1265796530235039744
1265828834626199552
1265912125333045251
1265928603910504448
1265971961374572544
1266034732078333954
1266106283410800640
1266540712511901697
1269551606753898499
1276409596333211649