1265404111522013184
1265641883214262273
1266400206142279680
1265341821674311683
1265336444614250498
1265337232337956866
1265337785910587394
1265365175135285248
1265390520781733888
1265391292663713794
1265392840730959872
1265393700194131969
1265394060933705731
1265394801949790210
1265400348300247040
1265412105869680640
1265441461933412352
1265450769341349888
1265455788639821825
1265456125669003265
1265456842337144838
1265459278149824512
1265645341896060930
1265823281904410624
1265885914242441216
1265343927151927296
1265347982930710529