1263247731063046149
1263296448323448832
1263243298006851587
1263244212579061760
1263247080862158849
1263247142996643840
1263250161750478850
1263261676792619008
1263277535946657792
1263289602607124482
1263302819706101761
1263387766617829376
1263409454789296128
1263460915170758656
1263463576590827534
1263463612426797056
1263466134822629376
1263498546239733760
1263501415416164352
1263520301675098112
1263521670200987649
1263535343409655810
1263551197564280832
1263563570291208193
1263613927503659010
1263658165339594758
1263727090555330563
1263748534685200384
1263748971966562305
1263797470670307331
1263941485784752128
1263986718023155712
1263996124978982913
1264003489933463553
1264095107692793856
1264159354468605953
1264159367001243648
1264336346190974976
1264391379582509056
1264499580785344512
1264660859504095232
1264752722475130880
1264775476238827520
1265002992190644224
1265345198130896901
1265420750275719168
1265482212708954113
1265509657386397700
1265593224535568385
1266064084140806144