1262391699126587399
1262395536084209666
1262421930977701890
1262394954221002755
1262395419058978816
1262395763335847937
1262396862155444224
1262404165663424513
1262404429073879041
1262408660862599170
1262409843693871105
1262415207990779911
1262415840974004224
1262424338487054343
1262426335005126656
1262459076484751362
1262474649083850752
1262490617688535044
1263076116891234304
1263082262167355393
1263119633013510145
1263271497054842880
1263342061060669440
1262395582334808066
1262396866387378179
1262492269799563266
1262899556670300160
1262397927282094081
1262398045213376516
1262398761764093955
1262400758718230539