1262344068341923841
1262344370205921280
1262345008818126851
1262351198478315520
1262344250194366466
1262344390124732417
1262344965725749248
1262344491937280003
1262352758654619648
1262344641996902403
1262344924479045634
1262344741653544961
1262344907177500672
1262344844015476737
1262344937934372864
1262356994926751745
1262368458202853376
1262344996327501824
1262345061100109826
1262357754364256261
1262345153211248642
1262347882163769344
1262345341741019137
1262345445193461760
1262345493029498885
1262345732356530177
1262345800371392513
1262345948149284864
1262359599627329537
1262404210383106049
1262346065388490754
1262346181172178946
1262346223140450304
1262347755810250752
1262346790612791297
1262347642559803392
1262348749050990593
1262349675555741696
1262353757804744706
1262361063967854594
1262373936676786177
1262349542772494337
1262667063161733121
1262347785178804226
1262349587467038723
1262392093076529163
1262346948255809541
1262347071870373889
1262347165655076864
1262854511539830784
1262347345888452610
1262353333504729088
1262347408836616192
1262363898994294784
1262764794752323585
1262347453040386049
1262352947175972866
1262347492819156992
1262347557688180738
1262895476979843072
1262347611769581569
1262350452068245508
1262347663976136706
1262350486239248385
1262347838182342657
1262359524670730242
1262441153909198855
1262347894935425026
1262348052146380800
1262348003416866816
1262348066679644166
1262348401833803776
1262348127975153665
1262358690092519424
1262349050654765058
1262348470003929090
1262349961267535872
1262351022887800832
1262360392853938176
1262348610798321665
1262351131545440257
1262350510817898501
1262351169684254725
1262365908556603393
1262348857796694023
1262351877842362369
1262349069353127936
1262350460888813568
1262349719864565761
1262350443276976132
1262349948919648257
1262350087801278464
1262350427393146883
1262354663015190528
1262377379835543554
1262350544976449537
1262351361993138177
1262351463897939973
1262356093541310472
1262358463109304320
1262366130171150342
1262350141761224704
1262351676406521859
1262394025988050949
1262350185709162496
1262351706521628672
1262350247994556417
1262355820811104257
1262351573025505280
1262355049910427649
1262373101972738049
1262350921729814528
1262351341583847424
1262353070538625024
1262354638587613185
1262359880003842058
1262361395108237313
1262361416645832706
1262362456359415808
1262364037888663553
1262371918566641665
1262373762068070400
1262395855040131074
1262416720679120898
1262433234635198465
1262465031616299009
1262351861371121667
1262354671454175232
1262358970351652869
1262378312527159301
1262429900410990592
1262434392737058816
1262434627592917004