1262297743118045184
1262297789209300993
1262298622600704000
1262301521019940865
1262306575601057795
1262314007412834304
1262331619068620801
1262331736580435968
1262333469595709442
1262350381822160896
1262366120302071808
1262597120298639361
1262671364684754945
1262308060531437570
1262308294426685441
1262310674606305283
1262312363451191296
1262312605055692800
1262316792770293760
1262317854331777024
1262318240656752641
1262319426424233985
1262319616069636097
1262324640929640448
1262326649875464198
1262326858902835201
1262335818397388801
1262336262146572288
1262337564469391360
1262338842033561600
1262340917962276864
1262341983600705536
1262343359387009024
1262352971448250369
1262354605800927233
1262364574067707906
1262365609397940226
1262388641365663744
1262389971098439682
1262392134411452417
1262394315034243072
1262397861376991233
1262420306347556864
1262445935591780352
1262482918334750720
1262598353797492737
1262641734460334080
1262644230259908610
1262739856863768576
1262740983453593603
1262741235678183424
1262751629075341324
1262766653105942529
1262857543157768194
1262881017364439043
1263072489078288384
1263349841599451138
1263640557001179137
1286733035514269697
1294538391799963648
1294561399763619840
1294562368777629696
1294564387550724096
1294632772540207105
1295379836098285568