1262076402792378368
1262079328180932613
1262095496707026944
1262249394822426631
1262301761320124417
1262455125211316228
1262597630653128708
1303682741750374400
1262081194147135488
1262104527647289344
1262135009084768256
1262219694288695297
1262221918528253953
1262241236074692610
1262339454527774722
1262348635616030721
1262440110299250692
1262443347576119296
1263303880596570115
1262077482141978627
1262078333921169414
1262122060844859393
1262161045516320768
1262196496159526912
1262197489639337985
1262250158005325824
1262261810113044480
1262084549816782848
1262092552309813250
1262120508356587521
1262233884474789888
1262301694442045448
1267915114646327300
1267945523039870978