1263517542359764992
1263518070800343040
1263520133990973440
1263520332641689600
1263526550915383296
1263527424157011971
1263534376098430978
1263543894857396226
1263552372225212423
1263558553731764225
1263568364435238917
1263570033097060352
1263577759567228929
1263673872173330433
1263695142701223936
1263714347840307201
1263733679521763334
1263799525476634625
1263850465130958849
1263904773541179392
1264062483922219008
1264234256554848256
1265025052782837768
1266063992172273666
1266141825850650624
1266893869041553408
1263774103426813953
1263565462446751754