1262460581015097344
1262460838964867074
1262489287519436800
1262492794557304833
1264237117632204800
1263164914111262720
1262461316045864962
1262461965739458562
1262464985264984064
1262467863861800965
1262470139741495296
1262488606305742848
1262631710241329153
1262656523769020416
1262940873471426560
1262463719163834369
1262482509473988614
1262488205435170817
1262489408709722114
1262489774486675456
1262492713804541952
1262608528377692160
1262620310513180678
1262641947249958914
1262649077658980354
1262676287027589120
1262711870697410563
1262732875486683136
1262967011283525635
1262467724309155845
1262476742322728965
1262498171378372609
1262530152300503043
1264821525909291009
1285526258982375424
1262469255515209728
1262469582847184896
1262470874818424842
1262472967214284805
1262474632797597698
1262474745750134789
1262476070495727616
1262476104943587328
1262476150648877056
1262478884865552386
1262479581778513921
1262481926847225856
1262486180915904513
1262488375870849029
1262505918442303488
1262511211435847681
1262515028378320896
1262526122669023232
1262553388740259842
1262560510915997696
1262577696187375616
1262577800290217984
1262586050578247680
1262592140997091333
1262604655722291201
1262609756604239875
1262615280959832066
1262618721270607873
1262625673476100096
1262636219521007616
1262636763929075716
1262643211161399302
1262474951409446912
1262476180684288001
1262474229737455624
1262476935394926594