1266419798964989952
1266434613255208977
1266500174978985986
1266500187792404481
1266689081997692936
1267893169787678720
1266416456771788802
1266419010448420864
1266463638023536641
1266465655676719108
1266466125363085313
1266466976421085188
1266473870942507009
1266474623329202177
1266475537255542784
1266480444549345280
1266480645188071425
1266480757473755136
1266482353570025473
1266483749551853571
1266485050377302016
1266486945997189120
1266488556509421568
1266502800537608192
1266505501077934081
1266507037325660160
1266507913469792256
1266513278227881989
1266515298984890371
1266518017560756225
1266521876140101633
1266522786585096194
1266527984145633280
1266528767838687236
1266533587161165824
1266538234382659584
1266538892200640513
1266557079021649920
1266599483707703301
1266603450978021377
1266613684786388992
1266640236542668800
1266420080323297286
1266420082974089223
1266420085671018498
1266420088057532416
1266421808338788352
1266422130960412673
1266422223205797892
1266427223222841344
1266429822785421312
1266441517322756096
1266549860335005702
1266578629661790209
1266895041399681026