1262573391925710849
1262457968672587776
1262454501283450881
1262454915873505286
1262456667095961600
1262457646277419012
1262459705672314887
1262503296276799492
1262506442487214080
1262517569606557701
1262522087308234752
1262535287764406272
1262538193200656386
1262550932375527429
1262555529706123265
1262564336351969281
1262564408351502338
1262565537877377026
1262582813334933516
1262592098584289282
1262658239541501955
1262665590889734186
1262753021248761864
1262841932469932035
1263220653387329542
1264770168242274305
1264770466293714945
1262457412482711554
1262578169607000064
1262459557504339977
1262460422541594624