1266508139672866816
1266779762837598210
1266403118209740815
1266425616770924544
1266461213610909696
1267019844639211520
1266400081487552512
1266402303634006018
1266403480052383746
1266416939041202178
1266403413207760902
1266404094257790980
1266404980367425537
1266429357884506114
1266405406919872518
1266439777437585410
1266405408396230659
1266406228915302403
1266634476664360961
1266407740865253377
1266408118348419072
1266410017344946177
1266435150709055488
1266443211700088832
1266451813466804225
1266489006033735680