1256282856852271105
1257289450226319371
1260206583373537280
1256291171795599365
1256311656444911616
1256633989500026880
1256692210160095232
1256295132506329088
1256296063625039875
1256296066804264961
1256304308879933440
1256345370692595712
1256421224135172101
1256422876774903814
1256439595862016002
1256443846734548992
1256444289908760576
1256514632505794561
1256574115181260800
1256655199583772672
1256716203160219648
1256861170457247745
1256916824555499520
1256938684160585731
1257060411330957312
1257235604049444865
1257430138960125952