1451656363193556993
1451656485092532226
1451656492277436426
1451656501274333186
1451656585583943680
1451657414407639047
1451657476634406914
1451657965174411270
1451658032484597760
1451658136058667013
1451658467421442049
1451658751019126784
1451659447965683712
1451659479225929728
1451659650311475200
1451660946636742661
1451663771479519242
1451665604021264387
1451665915838222336
1451669587464962048
1451672748456022021
1451678360254312448
1451678368743649281
1451678498343489540
1451678616971010050
1451678761779335171
1451679253930651649
1451679483606540288
1451686561939181574
1451686992295628804
1451687079251886080
1451693479759917056
1451695938842497026
1451702720713437190
1451702762224463877
1451709240800854022
1451713965583749121
1451731283550351362
1451740495596621824
1451756061979860995
1451757216571162626
1451830382005981187
1451836878567600138
1451860270058381314
1451887270366175236
1451888788620390414
1451889482014339077
1451900847894503425
1451901409121734663
1451903449642188803
1451903922801713155
1451906218398728200
1451914132815597569
1451915563559579649
1451917741817044992
1451919946364043264
1451933524789972996
1451938562648182787
1451939958860787715
1451946822122057742
1451959600131948544
1451991563773566976
1452006639393984515
1452061131489615875
1452074894120783873
1452079489844981760
1452081699941064707
1452106254445391876
1452116713395392514
1452223581006479363
1452227465200508934
1452228140714037252
1452228287749570565
1452231894721081344
1452262956629114882
1452276288476131328
1452289522247610381
1452301147688079361
1452303199646400520
1452325242878169093
1452338032288337930
1452338333095538692
1452356415012622338
1452400680983883776
1452439749331927049
1452520062871605251
1452598230290771973
1452609128170467332
1452612152938934273
1452628781521321993
1452638231959330816
1452662721405726720
1452699368621019146
1452700962800406533
1452701086284931076
1452701612099743744
1452709199255851010
1452736915342454784
1452737136063438848
1452750559145046019
1452795651377479681
1452969364488179716
1453993497292414978
1454269658094350338
1455258401089458181
1455259051164569600
1480914491810451472