1454116518036393989
1454117729988841473
1454118800220119042
1454119304539037708
1454119616737861632
1454120103470063620
1454120492491841539
1454120907946012677
1454121081548144645
1454121864515756037
1454122612662145033
1454123122806898692
1454126255436177409
1454129217382363136
1454135642691153921
1454138313758101516
1454139853860442114
1454141783785578505
1454151662751342593
1454165950748635136
1454166242517004296
1454170479120437248
1454221146904272898
1454246333133438979
1454250896989192193
1454342474172936194
1454671409477791749
1455212430166872067
1455602998197948420
1454124967046569988
1454124996750557192
1454125173351780357
1454125585769324545
1454125595747573768
1454129052516761609
1454129198428164102
1454130536750927879
1454134396869566482
1454135354563469322
1454138466946670597
1454141916388470787
1454204482347159556
1454311729765265409
1454342620147236867
1454495263826010121
1454872712795639814
1454876440772726786
1455067537553739777
1457881512720830466