1447951593396219910
1447944286348136450
1447948159343284228
1447948443549274114
1447948519017488392
1447957394839904261
1447957532757037062
1447957724994494468
1447957887553318914
1447961695221997568
1447961800788504581
1447967019140214784
1448011911832948742
1448099933077315591
1448338605055758341
1448589165269028866
1449015821351600139
1449931361133875200
1450247225075015687
1450272694855946242
1450528868842999819
1450652945096196100
1450678911835201538
1450831807402942468
1451182245495119877
1451182642095955971
1451362760600735749