1449097973003001857
1449099670471548934
1449100707357986823
1449102014198304769
1449102696573771779
1449102741280862210
1449105147183833090
1449105208118849538
1449106177028067331
1449106779661611016
1449108579206762510
1449110679693107200
1449112476348526593
1449119082368802818
1449143525283704834
1449193071019708420
1449209881135882242
1449269109695393795
1449333680019685378
1449373713485422593
1449409155262033923
1449435600180940800
1449454386246213633
1449484641463934976
1449529617686175748
1449680247209742339
1449729959245717506
1449746417577168899
1449748018421448708
1449759011281244163
1449808354600054786
1449938924781162496
1449946885725298689
1450100850441994240
1450109200168857605
1450155963261009920
1450157464498941952
1450837415233478657
1451257032598867973
1451834809865625600