1450857884166799363
1450859640904945674
1450861208282742784
1450865669470400515
1450901967346323469
1450902342883217416
1450902437146079242
1450904546524504064
1450992935324037122
1450868484108214272
1450868954080022530
1450869026280943623
1450869078097338374
1450869266257899523
1450869532671705093
1450869591505129472
1450869671251546117
1450869722510135302
1450869806668918784
1450870476054704130
1450870623509565448
1450871997903241219
1450872500599107589
1450872893492142084
1450873350679527428
1450873663620718597
1450873829220306947
1450875166049898507
1450875167773655044
1450875792418824194
1450876791720185856
1450883360797204491
1450897605693685761
1450897972850479112
1450902215812648961
1450906089889976326
1450911263605891077
1450914918719315969
1450915349461827586
1450941749107429378
1450950870787559428
1450971998595715081
1450991142162550785
1450992412374052868
1450998949523902468
1451034876740874243
1451040166227763203
1451161961828339716
1451162790513754114
1451169617901203461
1451177136342061066
1452441800740909064
1453993941104271365