1450255658171895808
1450258168278183948
1450259587597094916
1450293767718715396
1450294677341708289
1450408705808207873
1450439268040511490
1450559834403835912
1450559918453530626
1450573886664413190
1450823031186722820
1450196413002891270
1450196424054882307
1450196485673472002
1450196579508531204
1450196870660243469
1450197041938845698
1450197103247077380
1450197162797649922
1450197265881210890
1450197306343661572
1450197405803040770
1450197446668087303
1450197709797806082
1450197989192912896
1450198142327173130
1450198283448692741
1450198882823061506
1450198940519862274
1450199374752067586
1450199737416798209
1450201306925252618
1450202635504603142
1450203668565876739
1450204103989252099
1450205255778586633
1450205425467478019
1450205939768909828
1450206070195036167
1450206942446686211
1450207117667749893
1450235307815804928
1450236812526592005
1450240344122142728
1450241563431346176
1450242891536797697
1450256825538924545
1450274563804184579
1450275687697469447
1450295626495889408
1450306645465042947
1450314244667236356
1450355854469963780
1450356289062768643
1450404581649829893
1450412205799735296
1450427214407864325
1450428571684573188
1450445376004272130
1450454205861347337
1450467339191869453
1450488283536916481
1450489655644803076
1450493223030321157
1450524173957312513
1450539817683587083
1450605682353336321
1450648618629750789
1450824745759424514
1450939844574732288
1451060731189866496
1451474667890528269
1452193227440893961
1453331223573671936
1457134502124396545