1452718105633988611
1452721291514060803
1452725806719963141
1452721347260452876
1452721370798907393
1452721391749541893
1452721428990726151
1452721516987092992
1452722297018650625
1452722870283603969
1452722975157805061
1452723129072054274
1452724370871181312
1452725277952512002
1452725387155365890
1452725425738862594
1452725751493636100
1452725895232327680
1452726190611910656
1452726734571417604
1452727346813980677
1452727797235871745
1452728698407374861
1452729904911556617
1452730560032481286
1452732277125832704
1452741005208391687
1452763274890645505
1452763801753894917
1452769380111052801
1452772871521112074
1452788895137996802
1452789038344065029
1452802708910395393
1452815987347185673
1452857515004383233
1452932518756421638
1452987672247504901
1453031482008735745
1455547846598479876
1453060853054558217
1453674110039506948