1452731464219508742
1452733606653136897
1452734045427744773
1452734124716875777
1452734408385908736
1452734869663096842
1452736360649871360
1452737328758329360
1452739526112202759
1452740447487643651
1452742760570793984
1452744322173083661
1452745154033594380
1452750300666867718
1452768045085208579
1452779060271194117
1452789733025779712
1452795322908958724
1452847994936520710
1452904742301093889
1452905339041558529
1452968950766178318
1453013162769408003
1453023594389262338
1453119307806818306
1453149221482385416
1453354266849124361
1453359022950780931
1453839612015747076
1453993408922624003
1454002528920633344
1454402708354617344
1455258303307685888
1456303410177839113
1457231987547201537
1469147437621080068