1454465269460574215
1454465915655884812
1454466788666667014
1454467276938285067
1454467498657689600
1454468191808262155
1454472530316742663
1454477532636622848
1454479784638042112
1454486126358638599
1454486409746726914
1454487378211614721
1454495438946516995
1454495724104667137
1454496848408895496
1454521452800233479
1454533369245564928
1454555722792964096
1454568462479732743
1454581583709679628
1454593067844096004
1454621263259971590
1454659579443359745
1454704783500185603
1454779441561755655
1454798280232251395
1454801842572038149
1454824839328550915
1454853508516048901
1454857750597537795
1454886462432837633
1455711185525952512