1448318379027308560
1448321716992753667
1448323587467841543
1448343319138930690
1448445139572121605
1448465034007379969
1448597501435596802
1448631885299658756
1448678822459625479
1448790467408064538
1449952020853526530
1460854033648861185
1448323328985362439
1448327286177112064
1448333458724560899
1448518375370641418
1448544492567601157
1448567629975855107
1448627474359885824
1450100041998389251
1451886571796455425
1448339397288542216
1448341768215437312
1448331675985924096
1448332208939413505
1448332264455094274
1448332568840085506
1448332882628468739
1448333050492985345
1448333204679761921
1448333337567789062
1448335228448161801
1448337154313232394
1448337206054162435
1448339373028675588
1448340871691182082
1448341508944506884
1448348466145542144
1448351423092170755
1448351486673448961
1448351573772410887
1448352307486212104
1448352428315734017
1448353097613414404
1448363824579420161
1448364606477328387
1448366108239556609
1448366543000248320
1448368020410310664
1448370185879048199
1448372189431009285
1448372358205509632
1448373022293995528
1448388149349027841
1448420428108632064
1448424638946504709
1448443850364706817
1448467352681648128
1448622377626226691
1448798640898707460
1449755236160061440
1450258543836344326
1450299793499111429
1450838895378194443
1450857485800247297
1451038790877855746
1451077602924433409
1451576789218861065