1446122983752232963
1446250800267866117
1446498051066109999
1446524374476103716
1445777658457980935
1445781092515016711
1445793252460752901
1445805245179777026
1445816689673703438
1445956116056313860
1446071194093031427
1446200690389438465
1446203199954767878
1446412185807331328
1452387755233796105
1446912308970655744
1445778497163575300
1445785075992260616
1445813571254845449
1446103118324797447
1446109291467796490
1446124296724566017
1446142805257109508
1446324977712648245
1449456090987573261
1445779012278652932
1445779299726815236
1445779594796146704
1445779797972439041
1445781701729259543
1445780396151476243
1445780958104281107
1446546702278791174