1453829294183092224
1453830256108920845
1453830776961765377
1453831071884353542
1453833718234337285
1453833951798255618
1453836472159809666
1453844520437755912
1453848967570239501
1453873189981937664
1453880817629990918
1453880950027345927
1453911911829893125
1453943284972195840
1453949829634084876
1453949893807009804
1453974876083998721
1453980187557711875
1454042062639226883
1454094066036183044
1454102041312256001
1454108697798615051
1454110832997056518
1454114248779468802
1454115869152489478
1454135397378891776
1454150390245564424
1454176215116357632
1454191603971760129
1454252612489027598
1454489532716486659
1455465873506914307
1455589012110991368
1462254493714706442