1446490841212723207
1446491127524306949
1446491167680606214
1446491454214447111
1446491559839600644
1446491792661225491
1446491827360702491
1446491839637430292
1446491893181857797
1446491909367734288
1446491993102819367
1446492002413993984
1446492048836595717
1446492242743599126
1446492336180002821
1446492397576331289
1446492548755644421
1446492884459397130
1446492929397116929
1446493222205755394
1446493278824767518
1446493600217387008
1446493827062185986
1446493859660197890
1446493871760941094
1446493963205021698
1446494252515708934
1446494326943485956
1446494479490420738
1446494688823812096
1446495541567934466
1446496225805488142
1446496369578024964
1446496762575921164
1446497011990208534
1446497586865709057
1446499207116955699
1446499607626727425
1446501883988877316
1446502074439634948
1446505771584327682
1446506003336421379
1446510158448836609
1446510488129622017
1446515173200703489
1446515846097027078
1446517729956073475
1446521466468638720
1446521652850741256
1446523454442938393
1446525578580951042
1446526512035889152
1446526853687255055
1446527812156985347
1446529041926955008
1446535301065854982
1446537293947449346
1446549193091211264
1446553647689699334
1446559218677469187
1446560169966637081
1446565213407490050
1446569861367283715
1446580407344848896
1446581207827984390
1446581688100958210
1446585263808028673
1446592957159727107
1446607143206019083
1446610448778887169
1446619006098501634
1446634592186818560
1446647243789021189
1446647533032312832
1446655373725868034
1446668157570191360
1446690065086771204
1446701834576404480
1446702527513337858
1446732279456350209
1446741677029216261
1446753719320813568
1446788004023095301
1446801573598879749
1446833599731453955
1446845279290867717
1446848686055641088
1446866425897885707
1446869363076833283
1446902862156640258
1446930970406539264
1446937603429871625
1446938634750513157
1446963236302118915
1447172832132313091
1447186826729455623
1447227695704809473
1447232507053740040
1447243354383716356
1447256804740698116
1447264313014693894
1447310832300347406
1447320988912336900
1447321217845846019
1447327114596864006
1447331203527348230
1447346975423143940
1447347343381041153
1447375902304780288
1447389944117272579
1447394403190980611
1447572598603358212
1447592614463623170
1447617516042391556
1447652958796136453
1447889482997538822
1447901854940139520
1448341640041545728
1449270318082756613
1449380350292021251
1449995459926261761
1451895778536996873
1452365395650822144
1446653665817899010
1446534468953677825
1446645795940409345
1447033351416782852
1446534490332012548