1451659797464498188
1451640370870333452
1451640416097345539
1451640488851873798
1451640637095235584
1451640704829206538
1451640901604986880
1451641504649330689
1451642691897470981
1451644903503638530
1451644985544224775
1451645533198508034
1451646940081496070
1451647139495362561
1451647486733570049
1451649151641559047
1451657403066290176
1451665426862071817
1451667896212471810
1451669830369677318
1451670057080303633
1451705552380342274
1451714392005885952
1451744050671931398
1451753189888434177
1451763860059222017
1451775836751806470
1451805721914494979
1451878936787537922
1451894842007638024
1451919592759115777
1451952185860841476
1451981447317934088
1452000434181316609
1452059602443452417
1452080361731620870
1452097212213866499
1452113765818945537
1452113961923629061
1452117590713720834
1452126446227365888
1452158779764715529
1452219754882678788
1452310741328015370
1452344243473760256
1452420904558923776
1452428704269885440
1452433359314071560
1452438881928949764
1452477546902196227
1452552446044262400
1452614725414621184
1452644516670869510
1452782338753110020
1452794717981261827
1452820137132843009
1452983249874128897
1452983762858426380
1453014657766203395
1453033604322258947
1453071132316344322
1453139695135649794
1453162015418114058
1453937635630612480
1456824476042252288
1457133664333189120
1451640608259559425
1451641080127049729
1451657098266230785
1451995840705347588
1452582966568398853
1452078726947250180
1451647447340666894
1451648027882622982
1451661637266542595
1451671061607616514
1451742555725516800
1451768891965857794
1451830129311715332
1451974603773906948
1452087670432280578
1452364299859632149
1452672450068635660
1452686939019165703
1451653407454887937
1451653533632131073
1451653538350866439
1451654061367779330
1451654146260615170
1451654213461848074
1451654248362659847
1451654274153279490
1451654528361811973
1451655077991755783
1451656982759411716
1451657982492692485
1451661546485080064
1451662213723222017
1451662591936372737
1451665008375447552
1451665589747871747
1451666247305908228
1451666901906624517
1451673193102528512
1451675084922527745
1451677953054543873
1451683577243095041
1451683809007575056
1451686782244990978
1451688441821925376
1451710533187559430
1451711155379085313
1451726251320807432
1451729106442199042
1451735071325630464
1451741532822937600
1451761064866107392
1451761168184340490
1451762526954393601
1451762729644171267
1451763798331695112
1451777940316950529
1451805737605337091
1451830100505231363
1451848045486764034
1451853422030778373
1451853784490127368
1451879265700622341
1451888299673456646
1451894494551490568
1451920840212328457
1451925385482960904
1451931537528823813
1451932715423469568
1451941156066103299
1451943046648635402
1451948494323740673
1451951150777966614
1451951709681508365
1451956371348467720
1451956706997592071
1451959905691258887
1451962265612156935
1451962572618543106
1451967754580398089
1451970777750949888
1451972228422189062
1451975489757884424
1451983112762576898
1451986781860245512
1451987612521140231
1451988345463218179
1451990283663589386
1451991773975355392
1451993179150979079
1451997811042570241
1452001744972570634
1452006731257626624
1452010347683106822
1452010458995638283
1452013754489651207
1452016405528805381
1452022923141672961
1452023859268530176
1452024097374834690
1452024327872843782
1452032176921346055
1452032454513025035
1452036401650970625
1452036447746330625
1452036508022722563
1452036596895789056
1452036619654123524
1452036667284541445
1452036711006019585
1452038397590183943
1452044250489708550
1452045740134617089
1452046418034761731
1452047617286819843
1452048845605462016
1452051439883333636
1452057535800827904
1452059111919693834
1452064034451243012
1452065821849579526
1452066725625663492
1452067962953871367
1452076076642062344
1452095022141095939
1452096808210030598
1452106153991737345
1452124701585772544
1452128647209369601
1452128951065665539
1452133392703647745
1452168987358515203
1452169117830721543
1452169616881451012
1452207570765193222
1452231955987279876
1452279447109914627
1452281439127539715
1452282880659533833
1452305674139054088
1452309125573095424
1452311064058662920
1452320028913774594
1452322031144509442
1452322496024399875
1452328184809132051
1452369355891777540
1452391375622770689
1452415496779927554
1452594761697796100
1452599056459440132
1452614661774401543
1452637801082544136
1452643404807118849
1452672537607946245
1452694108582125575
1452719109922295811
1452726464764317698
1452819552132218882
1452885887562366983
1452987045849206785
1452993423271731212
1453159307202207750
1453515096613953536
1454089632744972289