1448303509615652872
1448303711537745920
1448303760397246472
1448304299977678854
1448305048451231751
1448306325893615620
1448306629355659264
1448309314511417353
1448315133604683779
1448315619313700865
1448318095400046598
1448329045716848642
1448342128808108038
1448347721224658951
1448360664662257664
1448362383358013443
1448364784152465418
1448544345926275073
1448657848901124098
1448696733777596417
1450117822122758146
1448312535279706118
1448315941796958210
1448316867840512002
1448318248227909637
1448322619703537668
1448341417710006275
1448342614999175173
1448348352609849348
1448395347076734980
1448418449055694852
1448487356672086021
1448488647766908928
1448545781300879360
1448578399492984840
1448608289865048065
1448623109234384896
1448637815361785866
1448640492388839429
1448654663021068294
1448702199597522950
1448749418392530950
1449954637054832640
1448315928958193673
1448487259188064265
1448319457110134790
1448544458354708483
1448316425395912710
1448356349482471424
1448332598531461122
1448702889195671553