1447640841195966465
1447641720922021893
1447646583311437831
1447655767637626887
1447662851582308353
1447703858185113602
1447703878695333896
1447703910341398528
1447703971037130754
1447704020097945602
1447721702419427328
1447761880076935173
1447809787782172672
1447881171971584006
1447890845605171202
1447896760685375491
1447908269561896968
1447936429179408391
1447949941264068614
1447955634935062534
1447956997702311936
1447991840171601923
1448274287220101126
1449748292716449798
1450488653915070468
1450870687502159878
1447647666188529669
1447744184098689025
1447821679393218562
1447872787629187073
1447952708749594626
1447991945616297999
1447993895917395972
1448027746303627270
1448031696599887875
1448033486842089476
1448160169322483712
1448160728771399685
1448274631039799296
1448284638414184454
1448293708940685318
1448319776875597827
1448329715127885827