1450567724896194563
1450567811676483590
1450567914080378885
1450567915019845635
1450567958128848896
1450568026588385282
1450568239663226881
1450568377085440002
1450568428771844102
1450568676902592520
1450568709228138496
1450568952338280448
1450568997246840836
1450569060899512329
1450569073419563011
1450569368824205312
1450569528774176775
1450569928537485316
1450570100495433731
1450570153763037185
1450570169584082950
1450571083162210306
1450571251643211776
1450571354231689216
1450571455436140546
1450571833997250567
1450571858571513857
1450572041455915011
1450572299292319745
1450572787853238276
1450572825543258115
1450573387894460420
1450573806494310403
1450573928569532421
1450574357349036034
1450574398445002767
1450574834363158528
1450575427978809349
1450576170429394946
1450577419606413314
1450577924445384705
1450580952732905473
1450581561414356998
1450581627101454337
1450582760704315394
1450583982240944130
1450585255404969986
1450585707999727617
1450586182719528970
1450587454986235904
1450588382795550725
1450589428720701443
1450589481195745283
1450589496102240257
1450592225432268800
1450592400536186883
1450593082240638979
1450593244614639621
1450594190648303621
1450598800343580674
1450599360010596352
1450603840235921411
1450606373247623168
1450610986348695559
1450611401102270464
1450613318285242371
1450616194374029320
1450617149748387842
1450620818791223297
1450622613584334852
1450625167093379073
1450630882717356033
1450634410555027461
1450639009416241152
1450645225819496450
1450646265528737797
1450648346608218115
1450648635708903428
1450651921962971143
1450654429401829383
1450654757832597505
1450655035847675910
1450655940387164162
1450656263780675584
1450656582098833409
1450659110811312130
1450660204870127621
1450662009805152257
1450662378291412994
1450663650662907908
1450667789161693190
1450668415899815938
1450670645386231809
1450670749614841862
1450676388395106306
1450681685876613121
1450690867052916739
1450691115846287367
1450695614782742531
1450696236802117636
1450699979169808388
1450709045476790275
1450715419715719168
1450717163413778432
1450718567289212942
1450718940179664896
1450720738596384771
1450722685084848128
1450729103909343232
1450734408055537673
1450737416067817472
1450741074821992451
1450741505920942085
1450750406682873856
1450756358983270400
1450760430255751170
1450767110259585026
1450767359602475008
1450767362983088133
1450770000273412102
1450777962954076162
1450781849152892929
1450783777588908034
1450787220466671617
1450788099508768773
1450793575005016068
1450796548368084993
1450797052309512192
1450798616776413185
1450800693627981825
1450800934347493376
1450808264434896897
1450809683078385664
1450810770485354504
1450811920999583748
1450813031970230275
1450816191644176385
1450821039076691975
1450823587191869440
1450824879985475584
1450835381633617928
1450840053484298240
1450840381864689677
1450843739946106889
1450846346395664385
1450851632632279044
1450851742741143559
1450853596208189450
1450856610532769804
1450858221644701698
1450860234663243780
1450860825338548227
1450861409504534540
1450864348176519173
1450866958598131719
1450869355936243712
1450873078804893707
1450873363531018240
1450876707150303232
1450877476465303555
1450879953680011268
1450879978577412098
1450884745357836289
1450885363203936259
1450886110490423296
1450891779100848130
1450892804876644356
1450896870776184834
1450900251175444486
1450902092273655809
1450905659919245316
1450908794603679749
1450912060385103872
1450915602311307273
1450919058531028992
1450936553841299471
1450942889694007305
1450948499877601286
1450952239137185793
1450983872984911874
1450995078827286530
1451024619532599302
1451089700446474241
1451146663347818498
1451147683431911428
1451158251735818242
1451173621318275073
1451174242201083909
1451176360118927363
1451186766191349766
1451189548281597962
1451224899205406721
1451255102610755591
1451290492554014722
1451316089720385542
1451355748223512577
1451356040285540356
1451480203331620868
1451535137078976550
1451614801843703808
1451977508312604672
1452301459069050893
1452415007220801537
1455990095845240843
1456372789682876418
1456451524519997441
1457222908137246722
1450575037560459266
1450609970735685634
1450849700035190784
1451147792458653701
1450574192634695683
1450574224079392769
1450574404677668864
1450574909067780099
1450575302359355394
1450575575601537033
1450576228939878400
1450576289895641090
1450578232307159043
1450579062510919685
1450580106703933440
1450581261622210560
1450582816358502404
1450587832440037388
1450590698835640320
1450593861252751360
1450608709529313283
1450614020394954752
1450622483623723008
1450623752773898244
1450626920639614978
1450638967091597317
1450645399098830848
1450661105475461121
1450673058960879616
1450674037844168708
1450685264762839040
1450706585739829253
1450708666169110530
1450709590174277637
1450709746206474240
1450717871286460416
1450750314303328257
1450760455727685639
1450763298266308615
1450769871873138692
1450785285743079427
1450801213977530374
1450810760079216648
1450814867863126016
1450821811076272128
1450829995870461960
1450830561644191748
1450838686426443778
1450839021207293956
1450855092702355472
1450857408994054146
1450867392469422097
1450869649873068040
1450921388525555719
1450994913072537601
1451069431195578371
1450641932603076612