1450209946457550848
1450210321210224640
1450210545127333890
1450211804227981318
1450212280617013254
1450212410195947524
1450212450457079812
1450212894084268032
1450213338391134210
1450215039126937600
1450216279533568000
1450217598382133249
1450220005187104769
1450221020800036864
1450227102930784257
1450236812119658501
1450237132203864075
1450241725444788227
1450261524958699522
1450264940493803521
1450274492169654277
1450280753183461381
1450287768505049091
1450291002862981122
1450292797140054019
1450299605032263682
1450304812453711874
1450326126736420864
1450334711448932359
1450356293173186561
1450399939394252800
1450426693106159621
1450437653778812931
1450441523775029258
1450447001728978955
1450452646557470722
1450456549806194710
1450465432125726741
1450467303359926283
1450477263145820164
1450477359665012738
1450488169233666049
1450490943296184324
1450505568720982018
1450508672011022344
1450510895981998081
1450518334168915972
1450519598478987266
1450519903543324672
1450525010913685507
1450529809344385034
1450532115423141898
1450539314555785218
1450552327648149505
1450554249448939524
1450573470778204160
1450579888935620611
1450648582667882499
1450818961004810252
1450836905529118720
1450909432431403019
1450930690414030853
1450931371048898571
1450983455571865600
1451165430194884609
1451181626654924802
1451356099072901125
1451374291291975681