1454134078727409664
1454134276954406916
1454134318461177861
1454134714021908486
1454134719755403264
1454134912370585606
1454135019769896963
1454135823515926530
1454136308285120513
1454136401646268416
1454136807810125827
1454138172972040193
1454138272981176321
1454138323585286145
1454139424342609920
1454139453904150531
1454139482253324288
1454139615120666632
1454141887766532097
1454142024718983175
1454142571303866372
1454143209173618696
1454144633253076997
1454144869715353601
1454147659220996098
1454149079080980482
1454150038456832001
1454150382435844101
1454150665949884432
1454151217454661632
1454151837804900368
1454152456984829959
1454152713776861192
1454152782403883011
1454153205881868291
1454153214014676992
1454155925254705160
1454157412609503236
1454157554645278722
1454157599386050564
1454157654863986690
1454157822392995844
1454158554839928834
1454158788093751308
1454160802152341510
1454162015673483266
1454162369974734848
1454162481392373763
1454163041977839628
1454163946617950209
1454164314592534528
1454165876261933059
1454166278994792454
1454166332111425537
1454166350180466689
1454166679160819714
1454167440649240577
1454167678243905537
1454167848759160839
1454168451795374081
1454169117234241537
1454170239332192263
1454171050636451843
1454171218827902980
1454171608122331147
1454171749235388417
1454172083488018434
1454172371032629252
1454172681667026949
1454173155824648197
1454174039778410500
1454175017177174034
1454176285052256256
1454178129078009858
1454178571241594883
1454178631014666242
1454179183530283017
1454179793419714560
1454181085512937481
1454181192568393729
1454183117678338058
1454183131678916612
1454183378203430913
1454183408268161024
1454184229131141122
1454184267710402570
1454187021317124098
1454187766644891660
1454188273685786626
1454188624065404928
1454188722354901000
1454188809726398465
1454191416113082375
1454196151482261509
1454196846868537344
1454197950599426049
1454199728439238660
1454202709972688902
1454203715347525636
1454207529836322823
1454209659640946688
1454212892648149002
1454217176638914566
1454217599131213831
1454217742261833735
1454218674659749895
1454220486590795777
1454221564342267906
1454221607715680256
1454222456407875586
1454222862726975489
1454223035158958088
1454223052426944512
1454223368060874752
1454223423731867649
1454224183513210888
1454224246952153090
1454224410060197891
1454225354613198849
1454225355045179396
1454225454005583877
1454225836912021510
1454226118139990016
1454227097627643904
1454228324541210624
1454229013476429829
1454229262307782660
1454229776877514752
1454229932536647681
1454230507554754563
1454230771250737157
1454231275590533121
1454231284411215882
1454231905528860677
1454232413454884866
1454232778824994816
1454233154810781699
1454233298151124992
1454236982675054608
1454239844478029824
1454240592519630854
1454240814805049346
1454241794229784577
1454242034965954564
1454242574168772614
1454242732604600322
1454243278728085507
1454243600275947523
1454244181979828227
1454245245978386435
1454246846109569037
1454247029065064449
1454247762141319172
1454251309301780485
1454251413131825154
1454253110910672896
1454253883384074241
1454255200882069508
1454257609628917765
1454257959148605443
1454259068504133637
1454259586794352657
1454260465341587457
1454261536227164163
1454261672365879298
1454263109208715267
1454263382169825282
1454265641981075456
1454266262939443204
1454267046573846534
1454267276060942346
1454268091383304192
1454270360287842308
1454272067851804674
1454273036568383491
1454276487146717187
1454280108546482178
1454280423455051780
1454280542191554564
1454280574902882304
1454280990185115652
1454281063874891776
1454281197950021634
1454282519608795142
1454282888854196228
1454283764226412549
1454284874014134273
1454284956251959298
1454285319746965504
1454285652992962562
1454285758345404416
1454285785683963905
1454287089642651653
1454288048443830276
1454288404540051463
1454288490108264453
1454289087440035841
1454291272542347271
1454291555691515907
1454291720976351237
1454292968861409282
1454293011391733763
1454293719520272386
1454294265618747397
1454295369320472579
1454296316494888960
1454297179871383554
1454297579458494467
1454298624947544067
1454298788181467138
1454300213749944332
1454300436383535107
1454300601735602179
1454302129951100929
1454303213373513728
1454303829541986304
1454308458862452740
1454308720456781826
1454316907838967810
1454317986140016643
1454319391470866433
1454321302727061509
1454321706009444352
1454322318843387911
1454328637042270209
1454328672974954497
1454330374528671747
1454331088826941441
1454331380532400130
1454331763170361348
1454332401790771203
1454334417393045508
1454342479566737409
1454345984092172291
1454346700613509123
1454348236727095297
1454349090385547266
1454350747156553730
1454351890976755724
1454353469452787712
1454357400862003202
1454363532816912388
1454364545900638217
1454371268996829185
1454372068338900998
1454374145400221699
1454374960516898818
1454379084134457347
1454383679283752962
1454386470865838080
1454387514354061312
1454405421406597122
1454406234325594118
1454407158771109902
1454407244687290370
1454408290876727301
1454414445988487175
1454414768358449152
1454415091529654274
1454415479062282240
1454418305511460867
1454418505646972934
1454421871055736839
1454422385738887171
1454422618963128321
1454422766497697792
1454423156467412993
1454424051108171779
1454426946507624459
1454428219906707459
1454429890133045249
1454431496505278473
1454432375505555463
1454432986909270023
1454433758237663236
1454434849243213825
1454435082752626693
1454435277892722691
1454435430783496197
1454435471505993735
1454436989910978561
1454441009090375690
1454442182010605568
1454443459100778499
1454444839760711687
1454446261021691906
1454447044303720451
1454447809600577538
1454448069475508228
1454448730825019393
1454452009919262726
1454452927217668102
1454453962736906241
1454454137270190080
1454457014860587015
1454458776845635589
1454460570959241225
1454462095332974599
1454464883404251139
1454473085323710477
1454473183562661888
1454473302047604737
1454474526188883978
1454475478367195141
1454476892388663300
1454477102552551425
1454482689772306432
1454483091678924801
1454483332155199495
1454483406721536000
1454485050641158144
1454486549001822221
1454486711296274435
1454489891509870595
1454492061881806850
1454494790934925314
1454497191867961353
1454500315479351303
1454504418511097860
1454507906691317761
1454514917915217932
1454518439448563713
1454519505317679108
1454520534910263296
1454521412920639488
1454522138367561731
1454522153597030402
1454522504672915457
1454525963073507333
1454533447360393217
1454534157003014148
1454535196800344072
1454537607321460744
1454539344161685504
1454539830730362887
1454539854348423168
1454540074331238401
1454543635211448320
1454544957381959680
1454545179654987781
1454545653644898304
1454546932173459458
1454549877531156487
1454553536885403650
1454554059579564039
1454556550052212739
1454558438986588160
1454574051842789381
1454575283252592642
1454575359496704005
1454579515934449664
1454579759703228416
1454581695852814352
1454583403467010048
1454598868239327236
1454602935430631427
1454614833119170560
1454619130913599490
1454630635218210818
1454639464718942209
1454646776116432900
1454647547864170496
1454654795755761671
1454655659463503876
1454665902591520772
1454679869317599238
1454687895789387776
1454704115657809920
1454706255008833538
1454706435607179265
1454773057382400001
1454779482280275974
1454780620211507206
1454785625459093508
1454789812943298561
1454795408656400398
1454795511328874496
1454797558660935680
1454797729150996481
1454811479937593346
1454820257802117125
1454821584917737475
1454835365118840840
1454836278193754112
1454846082538774531
1454849773018783748
1454888570783666181
1454906581288640514
1454907643751960578
1454908067137601536
1454912160077737994
1454913504662724612
1454991121554153473
1455001931789840384
1455006066497015811
1455020254720143363
1455171123746852867
1455174162524291082
1455246312631373830
1455303900748189704
1455331340681891843
1455475348922114060
1455483013807149060
1455490677417074689
1455542865346633732
1455543372463153169
1455558304265015300
1455628085802405888
1455680690268344322
1455868222369112067
1455968738792984577
1456011698909769728
1456011944796692482
1456135227915444228
1456307646965948422
1457132360898695171
1458170043682938886
1458583198179508225
1459518580853293060
1459554324242210818
1484906197828386818
1484912240981590016
1484913868417556482
1484943774685941760
1485029012770459648
1485034360336232450
1485079766290116609
1485120238286946308
1485134209027088384
1485261258844786695
1485385078226268166
1485968193449611265
1454134569465221124
1454134877633327107
1454134998513201157
1454135143061458952
1454136683176157185
1454137711921700875
1454140441486499840
1454141376271200265
1454143102600421382
1454143932225392648
1454342622177288193
1454553675599388676
1454873007411941379
1455067539839594498
1457881484442804228
1454135355255496707
1454135518006964230
1454135646298288129
1454136482910949381
1454136563869310977
1454138747876937734
1454138994934128645
1454139160713912323
1454145536731254786
1454149580837343239
1454156620183883778
1454161976599486468
1454164877421985793
1454171234627948544
1454186427026186241
1454212165980786689
1454217756581273605
1454222731004846083
1454226029585829889
1454227834894004225
1454228114008166401
1454230035326504961
1454231559830179841
1454236500187615234
1454236645058916357
1454250159903232009
1454254712585400322
1454259740238827522
1454278954152570880
1454280748916035586
1454290625810030594
1454293749132111877
1454295424391475201
1454303152941977607
1454307552867405826
1454311191451475970
1454340667493126152
1454342485640089605
1454347075177439233
1454349458062254080
1454356446959718405
1454373059910119424
1454417018699059202
1454422394651746311
1454427084542169089
1454438817218314244
1454447304962936833
1454454424814903299
1454473511922278408
1454487275069390848
1454489283260297221
1454492129628233729
1454493651271364616
1454497229071437827
1454508715881611270
1454545241818767361
1454550361805631488
1454607751464771588
1454614781357268994
1454617915026673667
1454696352030478339
1454696676380188673
1454746819993509888
1454779668217810954
1454803655241175041
1454805895771213828
1454854460040269830
1454855556431335424
1454855810635415557
1455006547273261064
1455010217607921671
1455174127413776384
1455336174453673988
1455400261871153154
1456322672594493441
1454143185089806337
1454150400207171594
1454212588678512648
1454300857189769217
1454342625625001988
1454496425283305482
1454830259270873089
1454880018455093255
1455067543090180099
1457881451278438402
1454144876870729733
1454150479248822272
1454151379568693251
1454154848237019144
1454183744315838478
1454221043950891013
1454300591321198592
1457552858774048774