1449278223548878850
1449278227709632513
1449278249893253120
1449278442306932738
1449278680157638660
1449278743193735168
1449279566959177734
1449279572801851399
1449280457753964551
1449280894431236097
1449280903528816640
1449281052795494406
1449281109653540867
1449281204155342851
1449281297680007169
1449281553977290754
1449282843511857155
1449285876652167171
1449286604435165186
1449286827047743492
1449287206208745472
1449289244493504513
1449291386361159682
1449293098073346050
1449296675244101633
1449296912335597573
1449298257054683139
1449299211845988352
1449302049133195282
1449304102958141445
1449308180215832578
1449320769222283266
1449321979870420992
1449324469151993862
1449325789460189184
1449329768642617344
1449330673131528193
1449368514540630021
1449372656881451010
1449373520530714627
1449374865539026948
1449387755222536197
1449391232237518848
1449401575198310400
1449406402762457091
1449417607115726854
1449422026268188681
1449435155152527360
1449949100338819072