1453081605128531968
1453081805553287169
1453082047614959622
1453082087913771009
1453082413668700176
1453082542731563011
1453082570397130752
1453083040809431043
1453083773759746049
1453083795637161985
1453083928756064256
1453084070771105795
1453085066238717955
1453090033175568386
1453090989715992577
1453092404463083528
1453092554061271040
1453094764623147009
1453095097545920520
1453097562156765188
1453098945429876739
1453099443171905536
1453100435477352451
1453107725555191809
1453108988619333635
1453114707695620098
1453115421658390538
1453129441715105795
1453129882850893828
1453138349947031562
1453138780110475271
1453139983661998082
1453149927219994635
1453150080819621893
1453150173010579462
1453152446482579457
1453153344323608581
1453163055265759237
1453169281676365824
1453182904490733581
1453183309597511680
1453184799351398404
1453204630226317314
1453219712985227264
1453232107065692171
1453255310454448129
1453281280573988873
1453282232341307393
1453326170024464395
1453329361927561218
1453338604865040389
1453338776806305798
1453345405241024514
1453346168621174788
1453346742351499266
1453346757375524873
1453348240510832643
1453351525133193221
1453354265116819456
1453363846480027653
1453373522827530250
1453377935080099841
1453380084266582018
1453390050838917129
1453398652530143235
1453403682716979208
1453409369463349252
1453410460494147584
1453446522096414722
1453574770738540544
1453675084586131460
1453681758319349765
1453700325760802818
1453734595833196545
1453770711361900551
1453824927392534528
1453827861492559878
1453910251497869318
1455675475397955584
1456476709147000835
1453088682747912192
1453090022681350146
1453090261941243906
1453090476073050118
1453093119730323465
1453093619187990530
1453095739790397451
1453097691148341251
1453098220482031617
1453098432155906050
1453101770234859529
1453103630345768963
1453104900892729344
1453106042741694467
1453134307271266304
1453135980702040072
1453136703741313026
1453162494910894080
1453188381744185346
1453211207859585025
1453224317022507010
1453226037974900740
1453237058546421778
1453240195353124869
1453254373233025038
1453255639808024577
1453271294561165320
1453272713271861262
1453306315749707794
1453336061426479108
1457883627581173765