1450509651364261891
1450510065857748996
1450510163236962305
1450510336239411206
1450510523334754308
1450510905825902599
1450510979104534529
1450511852669218819
1450512174389018624
1450515233760587787
1450515414333730823
1450515691631636482
1450516109346574340
1450516206969049089
1450517066662940674
1450518068380196874
1450518909422116867
1450519576576413703
1450520727489114113
1450521183024123906
1450521659182653440
1450522595871244289
1450533359034281988
1450533430060466177
1450534251611529217
1450536134912708610
1450566186236891142
1450566296009994241
1450576311513239558
1450585854817169409
1450601728764698631
1450612119557214215
1450670419623636992
1450679195974049793
1450681274000191489
1450717314052026374
1450718539657138176
1450797017467338752
1450811574420189185
1450812112863911942
1450816827362271238
1450828360477724672
1450834743721922568
1450835195133939726
1450886585864523779
1450909072795086848
1450933084795330578
1450934266884354049
1450934571361570826
1450956550735114246
1450959498290417668
1450960770158714885
1450961900624306180
1450966028947652614
1450968618947207179
1451164062562361349
1451373097957969921
1451507711313592320
1463357328015515651
1450510191540129792
1450513088780853250
1450517069192073216
1450585887322955778
1450643160149880836
1450718544820412420
1450909280643784710
1450526792800899072
1450565382322917380
1451724799772971009
1451735991438426113
1450518093181161479
1450520098691747844
1450521128917606401
1450522515705454596
1450522581069557760
1450522843410796544
1450522927385006087
1450524657564758024
1450528860546678786
1450531680406626313
1450535513149091843
1450543354962382853
1450550297219141633
1450551434466889728
1450552237814583302
1450552274611212292
1450558973803786240
1450559796822913027
1450563178501394438
1450585826383982596
1450612651902525442
1450718547924111367
1451166522328633350
1451228169382596610
1451339222200160260
1451356069956104195