1451523602734632963
1451523651350765604
1451523731382222855
1451523945094647811
1451524321604739105
1451525530449289251
1451525795206340640
1451526328386158593
1451528138010284035
1451528217878093830
1451528873569619972
1451529570696503314
1451531630494031910
1451532892337807379
1451533291517923330
1451535512720785410
1451536643811274758
1451536748962516997
1451545901118410755
1451548980249247764
1451574106114113539
1451600677956816901
1451617942257344514
1451623320193994754
1451627576376668164
1451637746171273216
1451700378853068806
1451717496747302919
1451746800612753411
1451758143818461185
1451788379897597956
1451839209090609161
1451851026965860356
1451529644134608904
1451531343079350296
1451531821339090944
1451532062914068485
1451659077663145985
1451533205199331349