1447639647585062914
1447571650640232457
1447947340900454406
1446107881212760071
1446108095998922752
1446292018938982400
1446310429807030272
1446765424167636995
1446108242535272461
1446138193242255360
1446368639297466375
1446108387951800330
1446108517677420551
1446110911903584274
1446108803607400460
1446109282181607432
1446110901749239824
1446111544866009099
1446396529078456321
1446110407869956105
1446110554762797063
1446117162884632581
1446110766784921613
1446667573836361731
1446110956140969987
1446111066467934212
1446111402423316480
1446656261391622146
1446111530374733836
1446112901681455116
1446112903761850373
1446112905804476432
1446112907998031889
1446112909940039687
1446112911831670795
1446112913962385483
1446113678776889344