1448668281792081924
1448669337766690820
1448670740870582273
1448673901362487305
1448681544969822208
1448682066388963331
1448684341853401090
1448688195273641987
1448688448185974789
1448692441687597056
1448699882328367105
1448795728688652288
1448842551235014658
1448906691496628237
1449088522334261250
1449160018222256128
1449492108482682882
1450080932967374858
1451566833342066691
1448673558469750793
1448674598527045637
1448683977917796356
1448680380387639299
1448732033241554946
1448758772080394246
1449013491457744910
1449379138775621635
1450931958351941634