1449118287812562946
1449118319966138369
1449118939535929349
1449119066359271425
1449119124504776704
1449119348216451077
1449120036971429893
1449120302068207618
1449120687751417862
1449120990584184833
1449121342956060673
1449121396785823744
1449121573210714113
1449122769220812800
1449122925223706627
1449123077170814981
1449123461490745353
1449123482357338114
1449123802852446214
1449124398259228672
1449124787532402694
1449125502468321281
1449125917373222912
1449127663843504130
1449127770697707520
1449128173564739588
1449128307287592960
1449128744325689346
1449128860885262337
1449129335743451139
1449129525221208065
1449130081364836359
1449130744094216192
1449130798368661505
1449131310463668225
1449131441103810561
1449132216244658177
1449132473691037699
1449133457230151680
1449135188005556232
1449136046290227201
1449136740887932937
1449138916410359809
1449139627055620099
1449142790722523138
1449144050410528768
1449145763934707714
1449147981970780160
1449148404282523648
1449149472357842944
1449149493367250948
1449152494408507393
1449152960349442048
1449155083397177344
1449162005487579139
1449166424602259459
1449170936226275332
1449172167242010628
1449173678013493250
1449174229392494596
1449174549703036928
1449182075341443073
1449183736231202816
1449185083487703040
1449187831230963716
1449189290328657921
1449190569343848449
1449191979351363586
1449193211340238848
1449193593927835650
1449197949410553856
1449200432778301442
1449206747885834241
1449208617027076110
1449209948693487617
1449214357502500864
1449234826582757389
1449236406505811972
1449248469697269763
1449267183658340354
1449268176970256386
1449269123746308102
1449279535627870212
1449282115275722752
1449283216632958979
1449289101727834114
1449291052863590400
1449292353190105088
1449303331281641475
1449304178917089280
1449304934109777924
1449306094229151744
1449307604413558793
1449309848852582407
1449325801212628995
1449330333128794115
1449332169877434372
1449336585208614915
1449338149843488774
1449344757906423819
1449351669922340874
1449355146048286725
1449355736358719488
1449362709691002886
1449370711122796546
1449371391808131072
1449371972748541954
1449376942768144393
1449380819789918213
1449388979598528517
1449389952433860611
1449390290012233729
1449390399253106690
1449395690577149955
1449407746973966341
1449409697094647810
1449414822949425166
1449415081226297347
1449419082860830725
1449422573180047360
1449425762545590272
1449426062975307776
1449432040131239942
1449434602624409605
1449438358594228230
1449447342814359555
1449448433509568517
1449448967801016321
1449454103952830470
1449459371537276934
1449465136599556103
1449467021536595969
1449468550867873794
1449487545717256192
1449501573428785156
1449508517304573952
1449508793725988867
1449509485177868289
1449509973520748548
1449511112391593987
1449511255329452034
1449511312988463106
1449529012385112067
1449541864458174469
1449542248329326594
1449548575797661699
1449557313040359425
1449560196871860233
1449566897792499718
1449573817144135680
1449605785537982470
1449619134325526529
1449621050602389509
1449684892166598657
1449687118767341576
1449699767387308035
1449715310559387650
1449734924597141512
1449738163904200704
1449745461384974339
1449748058212798466
1449752779170500610
1449765802467643395
1449768608767352839
1449770082482147330
1449778910997225473
1449787829756833801
1449792655521722371
1449792722467004420
1449792787453517831
1449792855501836295
1449792983885303814
1449793083093274628
1449793155474231299
1449814964437352448
1449820067026382851
1449845662451965959
1449845946406289411
1449847406917468167
1449864124817567744
1449877575472406536
1449881954086645765
1449905922646679552
1449924773644021761
1449927040971546626
1449938304737153032
1449946670880415752
1449947999929516033
1449978001098043393
1450045562233950209
1450051760714928133
1450074567267979266
1450089912737353728
1450100812911349770
1450103719937204229
1450105401941372933
1450123467488124933
1450133002957180929
1450133731205959685
1450138141629853698
1450161616419373056
1450210484792213507
1450304185975533572
1450452341363286018
1450480569985511427
1450964937073782786
1451063275450511360
1451098343921303552
1451130307646722048
1451310687762800640
1453098185983987724
1453098420143525890
1453098563211341827
1453098693595443201
1453098789133340672
1453098898046791685
1453099147637239820
1453099323810484227
1453099594166964229
1453099826762104832
1453100128991068163
1453100244619517952
1453100475813748740
1453100839095111688
1453101247951736839
1453101524960301056
1453101540101828617
1453101748785090560
1453101906390306837
1453102566154412046
1453103821312438272
1453103823514390535
1453104265380069379
1453104288054513676
1453104413225242636
1453104762556141569
1453104957054455815
1453105397418676230
1453105630441525248
1453105792039768068
1453106478001401858
1453106524105158666
1453106552232157186
1453107069788250119
1453108387126910988
1453108571546210308
1453108731085041667
1453108774642794499
1453108851952214016
1453109018730196992
1453109809218146306
1453110180498087939
1453110535998873600
1453111495915720704
1453111611007254529
1453112507690672129
1453112861312442372
1453114291410935809
1453115009177833474
1453117001988255748
1453118093459431427
1453118438445101056
1453122678194327566
1453123767190818816
1453125202880118785
1453125943229403136
1453126122674302978
1453129588494716933
1453130623325855750
1453132313668194307
1453133129405775872
1453135849302884355
1453140643367297025
1453143601043619841
1453149479008235522
1453153300363231234
1453153961935003659
1453159896795410433
1453161321994887178
1453164997534785538
1453168133049569281
1453168258362773505
1453168608775835649
1453176774355865606
1453179409008107520
1453182066602954755
1453187147490635779
1453188221207138314
1453192685213392896
1453195904882671620
1453198097815781379
1453201653604261888
1453201881124245505
1453206899231531011
1453213913298919424
1453217156703817728
1453219714960744450
1453268081669779456
1453295853263888389
1453307839833952265
1453334904180256770
1453346609723490306
1453362682183274502
1453402976907718660
1453404331307413507
1453405040023121923
1453405320483639299
1453410536729743368
1453417269611040775
1453520144945217536
1453558073340035072
1453576088345620481
1453697995074154501
1453698251421519879
1453925883396313092
1453926810236821508
1453947784587997190
1454177072042106889
1454183371890888707
1454311580200431618
1454362660628307970
1454491851809955842
1454919574877519875
1455233039030788098
1455259170446487552