1447955594841841670
1447955835150381059
1447955892977258508
1447955992218583048
1447956104822939649
1447956121029853184
1447956617132052484
1447956788934963203
1447958226524327942
1447958696571572238
1447958732890071046
1447958986129616900
1447959224164757507
1447960268802334723
1447964324593471495
1447965074979627010
1447966073962307584
1447966116412895233
1447967125629554689
1447967995851116544
1447969017193508871
1447972461220282368
1447973955311128577
1447974153844183041
1447976203172917258
1447976658007363599
1447980043033092100
1447981181622882306
1447984541960966147
1447985926085529600
1447986411441885193
1447989920279240708
1447990442491060228
1447992821332447234
1447993581927546891
1447996923835727877
1447999339054370816
1447999390854094851
1448003480786903051
1448013817175232516
1448013817863045120
1448026211003744259
1448027773407305732
1448031206696701961
1448032819905810440
1448032859026083840
1448034014657396746
1448041085234778120
1448065639785144329
1448070264034578435
1448083024407678980
1448083231983738893
1448097596220788741
1448117553931370502
1448118854765486081
1448120189179019269
1448123256758837252
1448139739576475653
1448149225460563971
1448171145115561984
1448172613189124096
1448172775500394496
1448226057384075269
1448293743203913738
1448306997137453058
1448523216972959745
1448697729320820747
1448714745616355343
1448729569142329361
1448791079306686484
1449397400196485125
1450097795231322112
1450623863402938369
1451348974682755072
1453050550182875141
1447963506859520005