1446523495043801124
1446530226834612250
1446532059779018752
1446533019121160197
1446536292347547651
1446539930889555986
1446542946988281856
1446577963080822785
1446524572354949123
1446524937028739086
1446525068574695425
1446525405955911684
1446525468434333697
1446526618382438408
1446526969898803201
1446527014492524547
1446527727138336768
1446527777965027329
1446528265515147285
1446530738145435681
1446533804030578689
1446533979214123018
1446536025329872897
1446541304314281991
1446541531490488353
1446545584396111877
1446553486569652224
1446561862837936132
1446619476422758401
1446637131061940228
1446724878627971073
1446732302042730496
1446844593392300032
1446856668185186306
1446874073347280897
1446877301350797312
1447020248373268482
1447064867685519363
1447186771523956739
1447193951526662145
1447212370196144131
1447275305333297152
1447678466195918851
1447694683749195778
1447973214832021514
1448130109760839684
1448335982437224448
1448522543694946305
1448620996668411908
1448665984542273536
1448718901643137028
1448766077048066057
1449467402526199809
1449508791238672388
1450112395339259904
1446530818344722472
1446544879966773251
1446582377711554569
1446637108073046018
1446725986230300675
1446822778951241736