1451565528586194955
1451565627739713541
1451566223825772547
1451566553087057920
1451566596238061574
1451566612230938625
1451566871174688776
1451566980922703882
1451567169838493700
1451567525347667974
1451567543701868544
1451567896975446018
1451568147643846659
1451568332658786308
1451568383066001413
1451568538758615056
1451568548267036676
1451568783013908489
1451569247436644359
1451569804528308224
1451569925663903748
1451569980957364226
1451572292668911626
1451573363378319361
1451574417734176773
1451575682304253957
1451576121699491842
1451579749537652748
1451583693932408833
1451583761083207687
1451585218373197851
1451585791440871426
1451591363183607812
1451593287559745543
1451594741569646592
1451595821523345408
1451596767133376524
1451599497440776194
1451601054123151360
1451601686011678720
1451601764101222406
1451602262191714304
1451602331854856196
1451602383436492804
1451602669076844548
1451605617030807555
1451609088509595648
1451609299856265218
1451610073902501893
1451610087211126786
1451610197797924867
1451610252697341978
1451614005131415568
1451616596485722112
1451619673418653703
1451619894643019784
1451620317877657609
1451620408155836422
1451621861725442051
1451624328873840641
1451625752286351364
1451628607953010688
1451629589055246338
1451630546250084353
1451630549550968835
1451634181088362500
1451634846292340737
1451638063117996033
1451639565886779392
1451640150379798529
1451640691994492929
1451646733746782223
1451647474372911106
1451647643176763400
1451653608462770188
1451654402700414982
1451656106338660367
1451660533132759042
1451664360967921665
1451667746563899395
1451667881167572994
1451669787440943105
1451669928449347587
1451670846154715142
1451690352625086466
1451696859718770694
1451705932807761927
1451713720653017090
1451723958907248641
1451736207600271360
1451750635636879363
1451764324872036352
1451765338945867778
1451787047551840257
1451805688079036423
1451855263586086914
1451867123492532224
1451879357375520770
1451890774518415367
1451897479906140163
1451905338324701190
1451910996646416389
1451915877138501634
1451946210219151361
1451959649264013313
1451975785380679680
1451988838675468293
1451988979935420417
1451996654584823809
1452012923367346178
1452027611794792449
1452095441940762625
1452110205337100288
1452214711706177541
1452249199995723784
1452250888664408073
1452259949871042564
1452314193512775687
1452314588599529476
1452353592476717063
1452354225443426305
1452358332660867072
1452375525343776770
1452402715582074886
1452406613579649025
1452433802387722243
1452434922048741385
1452446516661129216
1452474864464449539
1452478821572169734
1452486860563955720
1452494924688072707
1452588087092158469
1452607820243914757
1452651507720019969
1452668204879265796
1452672252307288070
1452676438566440960
1452676596918153216
1452697115751235593
1452728422250074114
1452735872047140874
1452778744968622080
1452786342375657472
1452832282264305664
1452835704862613507
1452856296793776128
1452969443714375680
1452983974201073665
1452988496046592006
1452993255013068811
1453003359510843397
1453011591327326218
1453021636974759942
1453071226130374663
1453073162112020481
1453086888487706641
1453093435250905091
1453095364194541571
1453100574761685004
1453110652508143618
1453128041228472322
1453138738360455169
1453167637048008706
1453169008166023174
1453248704434081795
1453309213334196230
1453318052200779783
1453354621074825222
1453394543404015622
1453402265843388417
1453414710238457865
1453416959509295106
1453444074493464579
1453454528490229769
1453564564973424641
1453683242939437058
1453695636709142530
1453696044810870793
1453709103126261765
1453715674929541127
1453729645208039433
1453729949072838674
1453766249691828224
1453770175522611230
1453770794065092611
1453774188939038730
1453786106126798865
1453805080134684676
1453827553957801989
1455927367055118337
1456620382027456513
1460663945140662278
1451758875875725317
1452168984581840903