1453437745444032514
1453437875966648320
1453442088234885120
1453722871809777689
1453443356353183747
1453450466088603653
1453470095750086659
1453473921919905796
1453478146183942150
1453490645763514374
1453493161037160458
1453602413311635456
1453617662060281858
1453701976299118593
1453751331336957967
1453751368695570433
1454057040054079493
1454291973259636740
1457132628142919684
1453450638625476610
1453450803176476674
1453450823795712000
1453451665617551361
1453451703181660160
1453452843847802885
1453453243762151425
1453453433336475652
1453455489593925636
1453458468858261511
1453460837621018628
1453463592242581504
1453464616927825920
1453467874052411403
1453471333505896450
1453472280558936067
1453473775673036803
1453476035203268608
1453483990585851905
1453487230467543040
1453495754736033798
1453522752946769928
1453522780935245827
1453557746821857280
1453581263189676035
1453602336899751939
1453617667068375050
1453663228341456899
1453687788159713288
1453693126166646789
1453699005632978956
1453716522757677059
1453804343388426249
1453827152449728514
1453856161002926101
1453897868268429340
1453917312340447235
1454185231246782465
1454428579194937346
1454445562091159553