1445781061108068367
1445786101688377350
1445786340310728710
1445788888757379073
1445792681519554569
1445795409683701760
1445795886508883989
1445797841939537920
1445813210238570499
1445825523679178752
1445829464353656832
1445829722580168710
1445833470580715526
1445838197896847362
1445846072924934144
1445846917288644609
1445857612176584706
1445861206443495432
1445872127052107780
1445873897216217088
1445888317711552513
1445893303879168000
1445901387678687232
1445920290182025221
1445935621718032386
1445939752109154307
1445943397404057600
1446005347844513794
1446005759851048961
1446013221257744384
1446019566103113731
1446023751955619841
1446027051618775043
1446033282177675264
1446035648209580032
1446042342172004353
1446050394510090247
1446055932648112130
1446060514996461568
1446063274789900294
1446072611579043840
1446083723464744962
1446086034781917191
1446087016760942592
1446098957059375104
1446099604144013314
1446110360302338058
1446112928176885763
1446117092118302743
1446120226546880531
1446125448723787781
1446129303939268618
1446155240588279808
1446155605509541893
1446157879157792770
1446180021844987910
1446188043342393351
1446191396810018820
1446197850027663360
1446215209312526340
1446215792677244933
1446245624035385346
1446246755889201158
1446246799807766529
1446250313799725105
1446257981683798016
1446261860878200834
1446264715324309504
1446268259284787201
1446273610486882310
1446275395477671944
1446284697106096132
1446302952684023809
1446314772002050051
1446328444388773888
1446329128404275201
1446336331915874351
1446346205663948803
1446349904826146819
1446375861209477144
1446376977590595586
1446379102026543143
1446386414485135388
1446388569594122240
1446392421982425089
1446395010925178882
1446396133568307200
1446396606954287107
1446397918462763018
1446399093123735555
1446414019494137856
1446420322656337921
1446421300956700672
1446430908442202151
1446437917669445649
1446438233580228643
1446444767261376514
1446456856130457603
1446456909859594240
1446463944906969094
1446464292044279829
1446469058065469449
1446469066336636930
1446471719162613761
1446472127775854592
1446473318261944322
1446475630917394432
1446478139790708744
1446486260063752196
1446504991368392704
1446520671434051589
1446544141844983808
1446548173325930499
1446581556659712006
1446583730672476164
1446597056638840836
1446601915756777473
1446656900230262787
1446713980525977601
1446732556603465731
1446751536227491841
1446761114004557824
1446761651588501507
1446761843645681676
1446761844291559427
1446763261672792064
1446764044870983680
1446764090865631235
1446765164657795076
1446766077585788930
1446766540339269632
1446768126440398849
1446768696312074244
1446769037955026950
1446769039238385667
1446769044691066883
1446769181505069060
1446773142400208899
1446774121011060736
1446774219694542850
1446777890570481665
1446778069272956932
1446778085005840388
1446778087392387073
1446778443421532164
1446778688180269057
1446780043858952192
1446780130202894336
1446780145000501252
1446780381496287235
1446780478430892034
1446780483996639235
1446780791556657156
1446780859831525377
1446780895004876801
1446780924272816131
1446780973396500481
1446781021979095042
1446781071006314498
1446781092921581568
1446781108327178241
1446781110420135940
1446781315416793088
1446781332223406091
1446781395251220480
1446781485856477187
1446781497101492227
1446781518882426883
1446781535655501826
1446781715381465091
1446781752312217601
1446781831693602825
1446781883862458371
1446782078624931842
1446782099319574529
1446782373698449410
1446782394179149824
1446782419110092803
1446782537628590084
1446782556721094658
1446782633447501824
1446782687155531780
1446782968559702019
1446782998414778372
1446783083202686976
1446783148159868934
1446783188366471168
1446783360202850304
1446783372584435713
1446783467065384967
1446783691582214144
1446783952723845123
1446784022710005765
1446810173503311872
1446810746814406663
1446812859896303618
1446813740012277761
1446856706500272128
1446868926659547142
1446884813403611137
1446891058906939392
1446896230844481542
1446902242611716103
1446935487755739142
1446936029596880905
1446936139546480643
1446936187181096967
1446937584886861826
1446937743884435457
1446937905851731972
1446938063884722177
1446938197401952262
1446938269959311375
1446938444068970497
1446938554274357250
1446938844708888577
1446938892410757126
1446950910559588352
1446976704732409860
1446982648585285632
1447097842615545858
1447177080114982914
1447327954531504129
1447450356921872384
1447593788252229635
1447779424737247232
1447866429471002628
1447924464407171084
1447973649542115331
1448024335701008384
1448129478773854211
1448262995797286919
1448662397007237129
1448940791154479122
1449022498067132420
1450706988082470917
1451551755758493702
1452710062514868226
1473241409494958088
1473241561815257100
1485561468074479617
1445801129170796546
1445807245996953607
1445887664687751174
1446129736887848973
1446449002724036613
1446497099336519685
1448442204201132034