1450907637864755201
1450927293589823489
1450914213287710720
1450914471673741314
1450914588682342402
1450914800830144512
1450914995521343488
1450915053490876416
1450917234977673220
1450917418830794755
1450927095828434951
1450928253657501698
1450929117168234499
1450932788438319108
1450939004782845952
1450939311260528641
1450954032256884739
1450955116392042500
1451008412335190020
1451080851115102212
1451130169587027973
1451155506878468100
1451171488216850436
1451174933044899845
1451175537855156236
1451175912934891521
1451187730906370058
1451194516237533194
1451213486328107008
1451254857114005517
1451302415085486084
1451303603730202637
1451334666829631488
1451351770228215815
1451411050411270144
1451565809965453313
1451627261401128972
1451949068888981516
1455645850865074176