1446157220102635525
1446234614142435333
1446249151235297285
1446257454082244611
1446266050073432066
1446300258435313666
1446369782463410208
1446452508000464898
1446456751729963008
1446467252455346181
1446470185733459983
1446481982872035348
1446588070820818946
1446687820303646722
1447187020883709959
1447707455698481158
1446149034603917312
1446234021294399496
1446247025813696513
1446340999010131976
1446354804666740752
1446375423470940180
1446466935282077718
1446155766541520896
1447309669932937216
1446172477130948608