1451182936745603073
1451183008006897673
1451183288182206471
1451183429718982678
1451183738142871566
1451183893231464452
1451184268135198741
1451184993556832270
1451185068026650629
1451185145856200713
1451185339586863109
1451185346314588169
1451185405152284689
1451186099372494850
1451186645135290380
1451186786886057989
1451186847577559043
1451187572269404167
1451187583413747712
1451187825236348948
1451187861294759946
1451187882379472906
1451189130365325320
1451192541718536201
1451192746874597378
1451193832402345989
1451194319306518529
1451197466112512019
1451197705875701777
1451198352289198082
1451200576633540618
1451211437741858816
1451221957026930695
1451223417064202245
1451236916439961610
1451244633741094912
1451293776392118276
1451322834056273936
1451423565111169024
1451460993326931971
1451466491900174336
1451472796631158793
1451491912549113857
1451514799783702532
1451520000804618242
1451570685784969216
1451586689973899264
1451610204387241986
1451699726211063815
1451708906959482882
1451805612891852802
1451864466455420928
1451864799969742856
1451872449042292739
1451919333853208578
1451971048522625026
1451184069765582851
1451185268581548049
1451186015897481232
1451187996028399626
1451185596144128010
1451185680743211025
1451185821084622855
1451185868115304454
1451185900658909188
1451185923098484743
1451188456667811851
1451192635939430401
1451192818022584323
1451204375175581698
1451525706496630790
1452547841801342986
1454837729464832002
1455028861649899520
1455029126604066818
1455074557036056576
1451185877460271113
1451185901858549761
1451186498217283588
1451186700605018114
1451186937100845058
1451187031510446085
1451187483706748942
1451188144393519110
1451193479774699532
1451193844381356043
1451225142625976328
1451234002875162638
1451504719478788096
1451918284450848772
1453740419985121282
1455884617148416010
1458479956116348928
1451186009056579585
1451186420190564355
1451186700693098512
1451188406969503752
1451189342962008070
1451191749309722624
1451192817615659009
1451193174232219652
1451193994759704588
1451194262511439893
1451198714932985862
1451206793426706436
1451207558811762688
1451216694463143938
1451242904739926023
1451246723825913856
1451249044584423430
1451289210309144620
1451409656514027520
1451456058552201220
1451487724159045633
1451488065168478210
1451514261260357635
1452545085552345092
1454353593541087240