1448379951481241600
1448382132209004544
1448382165029462030
1448384488124387330
1448390135108673537
1448397277102546944
1448422364941742081
1448425502725705729
1448442460775059457
1448544391614849024
1448557148187807744
1448563717122183169
1448618620171526145
1448654832785510407
1448381989824999424
1448382056564678664
1448384066240274441
1448384481010884623
1448420367228231680
1448420626360848384
1448422334340079622
1448424571535691776
1448425470022676482
1448474290849034240
1448732275898675210
1448763504970776582
1448387111925600256
1448401133853106182
1448408219827671040
1448422212709470208
1448425320009191427
1448448835253161991
1448456943698419717
1448586491224117248
1448743109177733124
1448811535657324547
1449845044718882818
1448386608399532035
1448386779690774536
1448386962935648258
1448402345302319106
1448405241175621644
1448422244175138817
1448425369661427715
1448471907217690626
1448618204100800513
1448641069785092097
1448724993139949583
1450273092870316035
1448390240394153988
1448390560708902912
1448405340639334404
1448422272826425345
1448425392809787393
1448646337046593536
1448386189883445250
1448386639634518018
1448405379092819970
1448422305395195905
1448425437672050689
1448386592033460227