1454090837793648640
1454091207555129347
1454092799125737478
1454096183027240966
1454095353238540307
1454095656335859716
1454096306666885128
1454096524133081097
1454096892162359306
1454097058684604420
1454097071523434498
1454097178591436809
1454097193246334981
1454097212628160517
1454098101665472520
1454098262462509056
1454098569686888450
1454099504790229000
1454101026223575040
1454104344677150722
1454105845042749449
1454108090631016449
1454117593657270283
1454136510840721415
1454139020984860674
1454152921462018048
1454164609611468810
1454221446859919362
1454342466056949768
1454097706285142021
1454097842717421574
1454097875122761737
1454098305428885504
1454098387507113988
1454098486106869764
1454098863988543490
1454098980573433861
1454099277051953158
1454099974929661957
1454100305956769798
1454100839971311619
1454100878642880521
1454101196822642693
1454101551736369157
1454101681734656003
1454102963509731332
1454105155708796928
1454106494975234055
1454107840122003460
1454107864167899137
1454109610139394065
1454110261409943559
1454111256433111041
1454111820688539652
1454116089617584128
1454116185088344065
1454121522591936516
1454121546021171208
1454123040128651271
1454123901101899776
1454124699043213316
1454125884529680398
1454128199781298183
1454135656297476102
1454137332219666436
1454137738857353219
1454137796919242756
1454138098015735815
1454139145039790083
1454140517264986117
1454140862900826113
1454142272350695435
1454142372967849988
1454145199882571777
1454145650107555842
1454146850949419011
1454149281305161729
1454149596922499077
1454149921549033478
1454153309510639621
1454156946467131405
1454165712155648005
1454169653077499910
1454182576063721486
1454189369674272768
1454193014520238080
1454196070720806912
1454198058762264576
1454206295381266436
1454207700334567425
1454222909841547269
1454268432161988617
1454286270016811011
1454296249952313351
1454300893063487497
1454301424549048321
1454304418447380483
1454304885692895235
1454305339923255299
1454306747779223558
1454307773634650116
1454317498887598082
1454320800132046849
1454323377653665793
1454329450607349762
1454342611309846528
1454344787503448070
1454345018861178885
1454355535243857925
1454364613085118464
1454366268115537922
1454366700502241289
1454369113434836997
1454369258725683204
1454369942632116228
1454386456923934725
1454400110268403714
1454401764711706627
1454403560356163586
1454405529737076743
1454406480237576192
1454411029140713473
1454419813900640257
1454433995601563660
1454444547988201481
1454454612698742793
1454455552738799616
1454469043235217408
1454496913483575297
1454566797953409026
1454579997650391040
1454580876436705298
1454653470137589761
1454657666677030912
1454686416529625098
1454703064389193728
1454704656211496963
1454705162723938308
1454706725865639938
1454726385386377217
1454727917024395270
1454804832720670720
1454827501088243718
1454839347409145862
1454842306436075527
1454866746448355335
1454868669725659137
1455260492897865737
1457882372427292675
1464672692162936834
1476209776581398528