1452985336662052868
1452989046343487493
1452992353875095552
1452994615234158600
1452995584357437457
1453007334234632193
1453036665748918274
1453087797976436740
1453088544508022792
1453094850954465290
1453095261656559620
1453096840451264514
1453097570193088523
1453098168921456643
1453098785064853516
1453105384865083396
1453124953713246208
1453126642507911183
1453130207053889538
1453137495126773765
1453138160389525504
1453149756285411329
1453151603754737666
1453183466497970176
1453185372037386241
1453202022363066372
1453248655226544135
1453263246606077965
1453332064128864259
1453333303034060801
1453334189676318720
1457883566407184390
1452989262341812226
1452994347620872199
1453731292990742543