1451556160339955718
1451556202652000259
1451556429870030852
1451556892329877505
1451558209836052487
1451558384579145731
1451559635316625409
1451559837645553720
1451560231142526978
1451561349444681741
1451561548904816645
1451561777729257505
1451563746221043713
1451564677310320641
1451565884208779269
1451566743546122251
1451576417611771908
1451579592519688206
1451579701638701058
1451583269078585350
1451596373883768837
1451601629619359757
1451624857515429888
1451629840776548356
1451629929435521025
1451645130105098251
1451652587032305673
1451678840212926466
1451697794574520322
1451700170563915779
1451714794453704709
1451716892654116867
1451716899226718209
1451718046452617218
1451718536716500999
1451724213044215813
1451742477002502148
1451751085337501697
1451770301218365442
1451771738358902784
1451771821078896642
1451787734826242048
1451813980436054016
1451836043339214852
1451914508809773065
1451931060296720388
1451981171714191363
1452148805114138626
1452268235970289675
1452696032186339333
1453438530512883712