1449003959167827975
1449005836823633924
1449005898576322564
1449005954184347651
1449008156395270147
1449019902799405056
1449021758778929159
1449008080100995075
1449008083640983558
1449008138875670531
1449008209122021381
1449008294224437253
1449008393759383552
1449008485690134531
1449009143088566276
1449009739774377986
1449010114770481160
1449011315666608140
1449013182035550215
1449014268398084103
1449014483146379270
1449014515232825350
1449015533500878849
1449018913149358103
1449023460815089668
1449029574369505281
1449033790878330882
1449037314169131011
1449040524149596171
1449061040893796357
1449073953700515848