1451383037673967620
1451386032453300233
1451541725361672196
1451550585795264535
1451571291664814080
1451627669083148288
1451628434346496000
1451689159655976963
1451724165669527553
1451742147200303106
1451744808989442056
1451786147470905346
1451809308585381889
1451931983962116097
1451963860395642895
1452008278192496641
1452060945988026368
1452097383370825734
1452140613005201408
1452290352463945729
1452306246074253324
1452306656528850946
1452386380571557888
1452388296592605199
1452535518663614466
1452563470520623105
1452622084551725064
1452652816997224450
1452726838279684106
1452761084788625416
1452766143509405697
1452794968557371396
1452934149749288962
1452953184994004996
1452985740019732483
1453051084163977218
1453145895604826112
1453389316705722378
1453400740978962432
1453436411332349954
1453498371486986241
1453543495440949253
1453713521171222528
1453713597360652289
1453713856111448064
1453713965645766656
1453725612841963521
1453808186323050500
1453860020412551169
1453941195617419265
1453975597525340166
1454004939156561920
1454084497692053515
1454210815117103107
1454451349190582279
1454464133370425351
1454481003989327873
1454502625135759363
1454609666118389764
1454629446112079876
1454633621269073937
1454638599853547521
1454701113970728961
1454714142288343043
1454762067421016067
1454803004796936196
1454826983431475200
1454878930893213700
1454923051766886401
1454938588655783936
1455203774503473154
1455205360369864718
1455208520463396868
1455309874372517891
1455365039762849796
1455580060706951173
1456011987872325638
1456056079788482567
1456075008971657226
1456243691182514178
1456270193869524998
1456321307621003278
1456357580716920832
1456358002064191496
1456362940093935617
1456403148688412674
1456423384573698051
1456439615984836613
1456617259397431297
1456619081726152710
1456721042773139458
1456771364635828226
1456772004980277250
1456776837015773191
1456778940337491977
1456779193329520641
1456780446398750720
1456789510977691648
1456797144589950979
1456845024306425858
1456863747134402560
1456970898548875266
1456971079314903046
1457059775812882438
1457068521503039490
1457069841811136519
1457089779733049345
1457117483966599170
1457119149545693184
1457175511378141185
1457189946683441153
1457212214717435904
1457212332111810561
1462855520889487360
1462898249707175944
1462854135259279369
1462855619975815178
1462870573852340232
1450590371042533381
1450593244295962631
1450602415850467328
1450718931111464963
1450722495372267525
1450795694575407105
1450938570848587779