1450830013847142407
1450843935539023872
1450905523134603266
1450908743420583939
1450831648564654084
1450831704663281667
1450832421721575424
1450832779751477256
1450833427851358224
1450833600082026502
1450834900811227137
1450837295716724736
1450837794801213442
1450838271248912387
1450839056095617027
1450839515266838531
1450839676227555328
1450840604200472586
1450840797180465152
1450840801345515522
1450841297145634819
1450841738927607808
1450841942326059016
1450842604527144962
1450842775792979971
1450842912976166920
1450843906552123394
1450844583814840323
1450844626231963652
1450845290240495619
1450845660488425480
1450845955104837636
1450847173050966019
1450848813472620549
1450849097477341184
1450852332774641679
1450853525668380679
1450853777188270084
1450854179610714113
1450855399511543816
1450855869042855936
1450858327525761031
1450859102003990537
1450860894397865986
1450867035609702409
1450868832000675845
1450869689333129218
1450869822695383052
1450872092216348677
1450889891496202245
1450907174838829058
1450911892038422532
1450911931368345602
1450912964551364612
1450923945134149634
1450926872079052805
1450927057848856576
1450928195944001543
1450934593306169347
1450938751933370368
1450939845354958855
1450975485870096385
1451003330663047170
1451009681044824066
1451037873508126720
1451045722300715010
1451050904216539139
1451070482455965697
1451071346461577217
1451083947769835520
1451089459852849155
1451107700872413187
1451109570160570372
1451161164981751808