1446177252207742983
1446243975963324417
1446245546881175555
1446269583657250819
1446308124395286546
1446346247619571714
1446418362381357071
1446435543567552523
1446479885539500033
1446493549474816025
1446506552232456199
1446506596343951364
1446553669223260161
1446585115489062916
1446667264854528000
1446887386319921157
1446888468878090242
1446888926942318600
1446904017490153475
1447016125498380289
1447171240997777410
1447200318807322631
1447238065781501956
1447238608893612036
1447626153313845252
1447638327830646787
1447748203491758082
1447778759323488256
1447781736520290304
1447788371225497604
1447789299219509251
1447938873691082760
1451962125887459332
1446245819489923073