1448276596817866762
1448277500015128582
1448277653853769732
1448277888222912520
1448278159217004546
1448278176761884679
1448278421000364040
1448278654778290177
1448278782155149322
1448278900086243333
1448279018839560193
1448280583235416069
1448280705419526146
1448280875318321154
1448281626119708685
1448281761520107521
1448281896832667654
1448282182657658881
1448282723790082051
1448282809278271492
1448284173727318020
1448285255899619330
1448285954960097280
1448286407865389057
1448286580112826369
1448287226266152967
1448287367631028225
1448288730389831688
1448290681919729666
1448290872655708164
1448291411112206336
1448291601332178951
1448292790136307714
1448293227518439428
1448294837468516353
1448295582162948098
1448303172913483784
1448361891278036994
1448499110814748678
1449954809818140685
1448276709753688068
1448279025789460481
1448280746607714305
1448281796030787588
1448276871695716360
1448277773768871936
1448277985811968007
1448279056793804806
1448281827811102722
1448277098808885254
1448277777418006528
1448279080634253316
1448280828614746112
1448281854004449281
1448277198859870213
1448277780135911431
1448279122967339009
1448282051413614597
1448292376921968656
1448277339473948672
1448277381278437378
1448277711063957512
1448277782753124355
1448279158946029575
1448282090747817992
1448306573718089728
1448277785919868928
1448279200566165508
1448282121726951426
1448459241518342144
1448277622299889664
1448279348851593219
1448282250693386242
1448277641862258698
1448279402974826497
1448282291587850241
1448277794472054795
1448279461841960968
1448282410659975169
1448603516973486086
1448279509824720902
1448282451210498048
1448279562572349444
1448279632793329665
1448279750540025860
1448282496227942406
1448279790146883596
1448282545712349188
1448292817269297159
1448332856699326465
1448279878382415875
1448282562342764545
1449953657869377541
1448279947215138822
1448279965330395140
1448282664524398598
1448282769323225091
1448461389861896193
1448546145437982723
1449953713594925058
1448280042144878594
1448282837728202755
1448280095081189383
1448282922021056512
1448291077950033925
1448280152199237640
1448282979558510597
1448361882100903943
1448283002530775045
1448280343258173440
1448283060793839621
1448289936021630977
1448279513725644806
1448280282386161670
1448283130654167047
1448280182930903040
1448280233392545793
1448280358257049610
1448280600419393544
1448283210794749952
1448291820924985352
1448293308053299206
1448294473297973258
1448294650972880901
1448297196986769413
1448316325693112320
1448280206901329924
1448283280244051969
1448285033584791558
1448292538356584449
1448294538930528270
1448330888564158474
1448421915836633090
1448286430128754689
1448291585381355522
1448292152107220998
1448323030799851525
1448341919751409674
1448349390301585419