1449057786088808452
1449057912781946891
1449058311735857156
1449059255013814275
1449060071950934024
1449060759183499267
1449061146166759431
1449062435219025924
1449064784666800136
1449066397443579905
1449067202678870020
1449066679183437826
1449066971496992771
1449067206084419585
1449067989869813761
1449068205255929859
1449068381013954563
1449069501480374282
1449070119582253056
1449070368887500802
1449070887328698370
1449072057615110145
1449072527641251840
1449073056542982145
1449073233278296065
1449073592214310914
1449073825606291456
1449073853049749505
1449074106742181891
1449074137029283844
1449074199323107333
1449074601263206401
1449075126348120068
1449075279205388291
1449083265198006273
1449083914044284933
1449086158747615237
1449086422141575176
1449088845367201794
1449091217359310853
1449096768453480458
1449105600646950915
1449110530828947462
1449118618478944256
1449122120785608708
1449127315800313863
1449129970975006721
1449156967805734914
1449191327111909376
1449214228523413504
1449264457734135814