1454192112178655233
1454194553221681152
1454195516397531138
1454197669631610886
1454197731279388672
1454199582422970375
1454203442818437126
1454210193378660356
1454211136530878466
1454216199676567554
1454217668022521858
1454219419299745793
1454219985035964423
1454219988697452545
1454259818273787908
1454285568137785344
1454342532561870851
1454350799773986817
1454370426625265665
1454414762855452674
1454436951424126981
1454461321362255883
1454473316396253188
1454495487797592064
1454496753315721217
1454576897761812485
1455183738401222662
1454197329926500359
1454197390366449668
1454197524521160705
1454197586106195971
1454197961567637509
1454198209966915584
1454200435947016198
1454201515997024262
1454201881606049792
1454202056244400131
1454203231698030597
1454203283195629569
1454209932367118339
1454210251658563584
1454211608343887876
1454215040253448202
1454229911615455234
1454234770297266180
1454254852989591552
1454286925716545537
1454301419704619010
1454303017335984131
1454387259218739204
1454391637837295616
1454402308293464064
1454436723975360518
1454447187119722503
1454450531775221763
1454453791823126530
1454468596743086086
1454470647162163202
1454472196898766848
1454475378756567047
1454475786753388555
1454476105394577410
1454479782696079364
1454480618616758279
1454480940625973252
1454487669795328003
1454489032927420428
1454493530366300170
1454493783811297283
1454497153104101381
1454497204475887619
1454504194304618500
1454524413907546120
1454526747706159104
1454527379179667463
1454531528973770753
1454532812334407683
1454536640253333511
1454536989407997955
1454541537233170432
1454543303161024520
1454550820125659158
1454550840799268866
1454551082621825024
1454552406008610819
1454554698531356674
1454554830698127367
1454555223360430082
1454555417355423749
1454556316341391360
1454556382506721280
1454556697217798151
1454557906716692482
1454560315836968966
1454564304263520259
1454564604894351361
1454566243596439557
1454566355349430273
1454567340096557057
1454567531889496066
1454571082678251529
1454572687880249346
1454573018253078540
1454573541358190593
1454575139249692676
1454576371896827907
1454577142793125890
1454577159364825090
1454578284398788608
1454578976584699904
1454587918589300745
1454594578967896065
1454598231736741895
1454598375442206721
1454598608825643008
1454614717809393672
1454615745502007301
1454617591285092352
1454618734388289541
1454620226516099079
1454622763017199624
1454623909555417088
1454624190087172101
1454627504778477569
1454638655943884801
1454644351129300992
1454653826724777986
1454657918477996034
1454671126743949312
1454683675430379521
1454704838139383808
1454716960869023748
1454762015025684482
1454763719100092421
1454764516584132609
1454764665058349058
1454764954729525249
1454765626040459270
1454766301621235715
1454767089152110593
1454767377476984832
1454768185392119808
1454768908762853506
1454769103827357697
1454769740912734209
1454770227896586248
1454772465889017864
1454772590157914112
1454773001837293572
1454773051057451012
1454773205433004032
1454773464447930380
1454773724041945088
1454773745395003404
1454773823937687554
1454773830455644162
1454774847431643137
1454775139342733316
1454775195651256321
1454776237495357443
1454777465981882369
1454777745221771265
1454777829741277184
1454778052630745088
1454778609474936840
1454778888035373062
1454778997062213633
1454780313121562624
1454780359372156928
1454780587789611013
1454780962458456067
1454781447349448707
1454781650072657921
1454781811599548419
1454781861843058695
1454781943200026624
1454783231136571394
1454783995552493573
1454784247621881858
1454785551517683717
1454786161025617923
1454786239811436544
1454786441528102920
1454786452244545540
1454787499608494083
1454788342286008320
1454788749615898624
1454788820537335808
1454788947037626372
1454789029254385664
1454789224692133891
1454789468607635457
1454789770471686150
1454791583782477828
1454792573604794368
1454793536096784391
1454794856308658179
1454795482342072320
1454795656980221954
1454797223628316674
1454797367773827087
1454798350230958081
1454799243210788873
1454800603264258049
1454801370922381322
1454802110726303759
1454802902820679689
1454802952263192578
1454803499091472388
1454803558336016392
1454803998523936769
1454804209279422471
1454804739376439302
1454804766152876036
1454805219011928067
1454806224504037376
1454806373011689476
1454807291228721154
1454807664094031872
1454808438324797445
1454808489084260363
1454809684515377153
1454811303952932868
1454811970692071426
1454811983170187266
1454812130386092033
1454812479821959173
1454812713490714627
1454812743282814980
1454812787302096901
1454813180002283520
1454813364815814657
1454814034839080966
1454814068817252352
1454815543693824005
1454815858694533125
1454816555485863941
1454819128166977536
1454819293695250432
1454820559095746562
1454820887514030084
1454822669875036165
1454825761186123788
1454827173911531525
1454827600359174153
1454827923794546691
1454828488310071301
1454829899881926661
1454830548749258761
1454832068710461444
1454833178313625613
1454833346366877698
1454833389786251265
1454833540152143877
1454833848806674435
1454834073914920962
1454835031143108620
1454835468915273738
1454835525664317442
1454835979622125568
1454836173743001603
1454836838414307331
1454836885138771972
1454837892107309057
1454837942141300736
1454839053585719298
1454839319005261836
1454841544448647168
1454841610676490252
1454842275251597315
1454844282594947081
1454844418763198467
1454844597901856769
1454845646603653123
1454845747887853575
1454846775638970377
1454847581922545670
1454848275186597897
1454848427171454977
1454848659967954944
1454849482751975430
1454849511931666433
1454849606420996099
1454849908452757508
1454850386301538309
1454851086909595649
1454852273373319171
1454854777251131400
1454855350302162946
1454856444474449924
1454856528427618309
1454856953050636291
1454859613124317192
1454862072580386817
1454863056857600000
1454865941926404102
1454867970090491905
1454868889951686657
1454870553605648387
1454870615786131456
1454871967056732161
1454872977074528259
1454875452942716935
1454875456939991045
1454876870726537218
1454878359993786373
1454881158194503682
1454883389048246274
1454884999400935427
1454885101020581888
1454886210543882246
1454891162138038274
1454891706592239617
1454895091156410372
1454895163315298308
1454895841311866881
1454895972681617411
1454896040792969219
1454896116445630469
1454896150474076162
1454896452543582209
1454898498592141322
1454899305580482560
1454899896369229826
1454900040355430403
1454901135744008192
1454901871815049217
1454905156076703745
1454910486923862017
1454911346231943171
1454912247273295874
1454912511241818128
1454912937844363266
1454913017678909451
1454914249537511428
1454915370041622530
1454915827472420869
1454917195633356802
1454917448566673408
1454923294973603840
1454926099394224135
1454931470875873286
1454937714449584130
1454938129606103041
1454943401611235329
1454947440331735041
1454951423666540544
1454965854509092869
1454968089158852608
1454969895402315779
1454971010202099723
1454977711139602434
1454977805293342720
1454978226510438400
1454980281119744004
1454981996715859968
1454982406193156109
1454982723093860357
1454982727267143681
1454984097592381443
1454984741137133569
1454985806934798338
1454989362555408384
1454989571956031498
1454989850118078471
1454989858586382341
1454990045501329408
1454990474725441541
1454994745504067587
1454996935107039234
1454999105931972610
1454999473353015304
1454999965055422469
1455004325705617412
1455008076306780162
1455009077881237508
1455009248874795008
1455009989014269953
1455010736841838593
1455013812327927811
1455014357725757441
1455015135735582729
1455015159920009217
1455019843128741894
1455023338116419584
1455028113612607496
1455034197199003655
1455035159061962752
1455035468488249350
1455035736084844545
1455039850407727105
1455051365118586885
1455055046719283202
1455075617267859456
1455094376183607304
1455107112024018953
1455113773266657281
1455114763269283848
1455125487311798272
1455134900638597120
1455138624396218372
1455153893852303362
1455220674876817413
1455224150134595586
1455228815261773829
1455247392438116357
1455250928907456512
1455256574981718027
1455259192567205895
1455274738423631881
1455286256443789314
1455329549189849094
1455330533412466692
1455335726334111752
1455350082170232837
1455433027337732100
1455489405179895813
1455525135021129736
1455526234624909313
1455586894629179395
1455589957536464903
1455590836360646656
1455644832081141760
1455701393373859844
1455701768046792712
1455701946862559235
1455702436333641728
1455863060145475587
1455879440530092038
1455890890736734209
1455903191577632772
1456008814088503297
1456065509611524104
1456118693750919172
1456447187295031296
1456755086949027845
1456971282759696384
1457364646638333956
1458241542288773120
1458242070288683012
1458567506243817474
1458637118734016513
1460371469452599306
1460933235861458949
1465032548501712906