1451926927204311042
1451927527178579974
1451927810398949378
1451927844184104960
1451927927889833986
1451927950299914249
1451928030465638407
1451929590583029765
1451932029650718725
1451953435532677125
1451959711624957954
1452000296373301250
1452028715664171011
1452044279816327183
1452045763723382789
1452048608992268290
1452059094706229253
1452062255093276674
1452062782468366340
1452062988555505665
1452067593016291329
1452072580127592448
1452123120232394753
1452168043849732099
1452210423172829187
1452339259562729472
1452362044418793478
1452372070445244424
1452379432757432323
1452380682274095111
1452381390511738881
1452400709580640260
1452436951265648640
1452452658111860736
1452471729033469960
1452519215068450817
1452546614653030401
1452614574360903684
1452614709530796036
1452620091066101765
1452636575955890177
1452726405503098896
1454619555381321733
1452031897522016259
1452443509932367880