1453695392617467912
1453695501807849478
1453695806788276238
1453696080202190850
1453696264219017220
1453696503910895621
1453696779346657284
1453697148189614084
1453697177092509697
1453697958231355400
1453697986601574404
1453698676069736448
1453700563842052103
1453700901894377479
1453700991065341956
1453701387322380288
1453707106104713228
1453710562236436480
1453711094946557957
1453717007677865986
1453717492195475469
1453727014385377281
1453729464962015246
1453838553687932932
1453924420913872898
1453961464314679303
1454011050764947458
1457883049912201221
1453700536277118978
1453701496458158082
1453703821721587720
1453723379396071425
1454070024805621762
1453703890386436097