1453414816115216393
1453423144467828744
1453452397359996928
1453472486297899010
1453735298135781384
1454280404039618563
1455176294912638976
1453420165463429124
1453420658289897477
1453421803918053378
1453422658251472896
1453424234357661705
1453426288165855242
1453429200430321664
1453433336957865985
1453435665421586433
1453444897919225857
1453455212849491970
1453467662613299203
1453617990990192645
1453725861669003275
1457883314539225089
1453422364524531720
1453423512660684808
1453429064308461569
1453430251137110017
1453454268908937217
1453669084101500928
1457883144317640706