1451228760150323201
1451230110120652800
1451230638196023299
1451232039533891614
1451224553879969799
1451227605877805065
1451230659163348998
1451230744760799233
1451232161298792449
1451234970089951236
1451236726312103936
1451236819497111561
1451237845801193492
1451239424898043912
1451248081618579456
1451854667151982596
1452066810451300354
1451231526495170561
1451232000388603915
1451232774720049156
1451233667095875589
1451235002050560000
1451236259775463426
1451237011684151359
1451237208938082305
1451239844059955207
1451242477332176897
1451250405678075904
1451252136227004418
1451264796305723392
1451270401682776069
1451278233811435524
1451410761604026372
1451443316273393687
1451490603800285185
1451620827892535307
1451908483868241930