1453738879354216453
1453739170887700486
1453745577909493769
1453755002770579463
1453766882469744650
1453777490132934671
1453779811894181898
1453781874740973576
1453788477397643268
1453803477805633538
1453816289676386308
1453819704489898001
1453824828876759051
1453832123698319366
1453842221963386884
1453850912640966656
1453879594369515525
1453884296947666947
1453980154330419201
1454056865650905100
1454060275997585412
1454094531062763523
1454116236820897795
1454131000846569478
1454136037517709316
1454144198169427968
1454147476672421892
1454151964699369485
1454153310093471747
1454165065389776897
1454179010146099211
1454185319864078341
1454196353895120899
1454196510552379397
1454196759509536771
1454196847988326403
1454200422059712522
1454210837246185477
1454262821269639176
1454284296340922368
1454286690537783299
1454433513210515459
1454438516029640709
1454444511116070913
1454479422619209733
1454491392206688260
1454495244494409730
1454498741432602627
1454524508199653376
1454569349465862144
1454600451320684550
1454603990507868168
1454614394097258501
1454620820316188676
1454621172377821185
1454653655425208326
1454775666474459137
1454782677886844931
1454843532938711042
1454844912130797577
1454971259687772163
1454971724156575746
1454987307904389127
1455168960731566084
1455191657817780229
1455203286823362563
1455214522604605447
1455228667823599625
1455291343618465794
1455298471058100225
1455310816811438081
1455344264439808002
1455350611965267971
1455361848103084033
1455486041360461825
1455494809716772869
1455549677684858886
1455556619685744645
1455601085511577607
1455650898839887874
1455653918919192577
1455658643408498688
1455658946530775044
1453738686579757070
1454186953302286345
1453742813812772864
1453764131236945922