1448017601355923456
1448018161576652805
1448018813002436608
1448019122189656066
1448020121897865219
1448020762091159554
1448022339531247623
1448023432654835713
1448024008612532227
1448027301724270598
1448032601118322692
1448032907642220551
1448034706390503427
1448040161120591872
1448056225757732864
1448059950303940610
1448060947872894979
1448069754728681475
1448071627225321474
1448083861443805186
1448086009648910336
1448126635086073864
1448169975399653381
1448181994878349317
1448219320547528705
1448225346474717188
1448245841504919562
1448269460964577280
1448273304016592900
1448280362002657282
1448295825843658753
1448298794320158721
1448323998253715457
1448331092348608515
1448341324805984257
1448347304428285955
1448354338133315584
1448402553885057028
1448404681047293956
1448404727813877760
1448638213787209729
1449957530935836676