1448760108150833153
1448764272264323072
1448767714630127616
1448771872967958548
1448775885071470594
1448778481056116740
1448779591506485250
1448787651113455622
1448808800732028932
1448809502829121536
1448811303594860555
1448819802060042242
1448827750412865540
1448848609143894028
1448861527717654558
1448864070942167042
1448868809180282882
1448892499607576594
1448906717354463234
1448908592334131200
1448951005224357892
1448953039583330308
1448966706253139971
1448966866442068006
1448967387282296841
1448994409559769088
1448997845613252617
1448997861379747840
1449000020309590029
1449002280900972547
1449014541292130305
1449015850208485379
1449018992174239754
1449024854884118531
1449031887670767618
1449032133444517888
1449045510837260293
1449066528394170373
1449068011185393669
1449070708064141315
1449094149752475656
1449115558927028235
1449155518144995332
1449159145484062725
1449172558687846405
1449211711869837313
1449356350715088901
1449423682007277570
1449488329611874308
1449567818958229517
1449592043177717767
1449802695238422536
1449817316921942025
1449965156595912708
1450094749491343362
1451547330851844098
1448766500182110209
1451292735810387983