1449778715135725571
1449786234616877060
1449871755984740353
1449888946754834435
1450011110363435008
1450011268736176129
1450011316509233156
1450011434440560643
1450011566267514882
1450011614388776960
1450011678075015169
1450011784119652353
1450011843041247232
1450011890021588994
1450011944484622336
1450012002378608640
1450012058062254082
1450012102576402432
1450012159539179524
1450012211619852290
1450012349344018432
1450012415303716867
1450012593456779264
1450012643775823876
1450012863150452737
1450013072425304071
1450013126062051329
1450017567410515971
1450017629201059848
1450017689934577667
1450017870943981568
1450017937851514886
1450116172066738182