1446200559447404545
1446369788234772482
1446630475888533506
1446192930495008778
1446278716871651331
1446340854088560646
1446385598487539731
1446386499532984327
1446386807688552505
1446387068062556189
1446388702540881924
1446395278320279554
1446395835755925504
1446399015499620356
1446400118056423426
1446402057141903360
1446402203258871829
1446402815715328004
1446405571536642054
1446407910284840961
1446412452225245219
1446413698046779436
1446419314735783939
1446421409157169155
1446425097997373458
1446426965225791488
1446446619881246732
1446450480180301830
1446450499562115083
1446452805091299333
1446455999943094272
1446456048529838106
1446460697278255111
1446474547885133831
1446485084446601220
1446488176885960705
1446492581886582790
1446575115701993472
1446639008168173574
1446669938194894848
1446683624439439361
1446710215160774658
1446720470032785411
1446735787723137028
1446752052227366915
1446752250093662211
1446774669076480000
1446986869351141378
1447136103274672132
1447423105819979776
1447467914534301697