1452742480219283457
1452743357654962178
1452744359737282562
1452744467987972098
1452745221645680652
1452746687751995392
1452746940513505282
1452747326951288832
1452748876134354944
1452749962266218506
1452755863761039362
1452756083177492483
1452765218442989572
1452771964863631365
1452773266913906689
1452774125978673155
1452775030899752960
1452793634588397571
1452799806829744133
1452805396125552642
1452806297598844933
1452837739863236609
1452850929217191942
1452851812424462341
1452852947042324488
1452873509693181956
1452884025568337927
1452885585442394118
1452892901537615873
1452947298938494976
1452980899008499718
1452981916139851782
1452983102217805834
1452993290492653583
1453005011634491394
1453005644794060805
1453015459406786565
1453016885713412102
1453021774317293573
1453045098456010764
1453150500497420292
1453165359830294532
1453204942127341568
1453328010216673283
1453346521009692674
1453421646350589956
1453701534345216000
1452743985051676679
1452744140534468609
1452744210797395969
1452744250035220484
1452744608971120647
1452745449446776840
1452746208934432768
1452747253651738624
1452747690350104579
1452747748160180225
1452750748845060114
1452751917776445445
1452752206009094146
1452756354465107968
1452771256114286599
1452774325577158659
1452776859607965701
1452777197945643008
1452777466863489032
1452777749957988357
1452789114798059524
1452791323229102084
1452794033391251459
1452808573843476482
1452818418063712261
1452847340318904320
1452849917651783682
1452876877534695424
1452904190599176204
1452932167428976640
1452967874444791813
1452968848857108486
1452972064973934593
1452973799947870215
1452976732202541056
1452978303120314379
1453001426322481159
1453009577054593024
1453027233359073280
1453034389131104261
1453046912706301957
1453047153081733122
1453048955655364609
1453049392252870660
1453053280116948998
1453092695619035143
1453095290777468929
1453114976776830982
1453119016449499143
1453180823423889409
1453205428825960451
1453206602836815872
1453206834836295682
1453208616186621953
1453438752374788104
1453456327192334343
1453619905127911429
1453713707805155331
1453766261637275651
1453833884240474119
1454000420603367425
1454002066347622404
1454816354003918858
1455257497795706881