1450772812407484417
1450772855097118720
1450772885518356487
1450773339207659523
1450773996811718659
1450774943021469706
1450775068120961029
1450775116007288833
1450776138163179522
1450776170316943364
1450778941518663680
1450780013964320769
1450781441504149509
1450782706862800914
1450793338483863560
1450794085124562945
1450798416402034688
1450801683445911554
1450806721912328199
1450810719297998848
1450812961531076613
1450815537123049472
1450817701786628106
1450822729037459457
1450823415376408585
1450823727738851329
1450846310374985740
1450849169208315906
1450938974411923457
1450941162408251393
1450941196466065411
1452838275824058374