1453801430825922642
1453862571765747714
1455554328098447366
1455563797599453187
1456758457638526977
1456759028676276230
1457129943792603144
1458065310460809226
1458267018583584769
1458934068561670145
1458934644397780995
1459044909554421761
1459318623722430465
1459335061413715969
1459704307536781317
1459996275907215360
1461311396109557761
1461384892864946178
1461556859542794241
1455175034415239169
1455578385581813761
1455815287039791114
1455836754242572292
1456130860701396997
1457809876424400896
1458976463131136002
1459614733489688578
1453800159301840907
1453803737181528070
1453812471077253122
1454972258812899332
1456104016488845314
1458172941917736966
1453935754099388417