1448930320636538880
1448930332674347008
1448930640641003527
1448930649235132422
1448931494114652163
1448931832615948292
1448931884675764241
1448932108546752513
1448933252358500355
1448933361938993177
1448937888930992140
1448938087103467539
1448941509512925194
1448941693894467586
1448943249331081218
1448943722075394052
1448944560701198337
1448945170142072874
1448946468648259606
1448953019207458825
1448954326806765571
1448954417110130695
1448969431170764802
1448970764703592457
1448978434378670084
1448978540221841408
1448980751593050114
1448983373263761411
1448984456094752770
1448993765142663172
1448997095197786125
1448997848700256256
1448999870031749124
1449004024246722562
1449004362785861636
1449005871049097219
1449007629632671749
1449008688379858944
1449010716439203841
1449014217391185920
1449017212488929281
1449017444303990803
1449018574362710022
1449019372132044819
1449019475794268170
1449021990866587650
1449025444720820226
1449025727324581892
1449026070246674440
1449028553161404417
1449029555281403904
1449030408864206866
1449033795064279043
1449034896379465728
1449034905179000834
1449035188659376136
1449035374051926016
1449036389530554377
1449036866636947465
1449037323233107972
1449038602890002440
1449039151916011522
1449039332245868544
1449039975446503428
1449040262655889409
1449040380876439552
1449040456533229572
1449041281636777984
1449041516442226692
1449042763283001348
1449043917333098498
1449050322219978753
1449050390473871368
1449052352124801027
1449053398498635776
1449053749960327174
1449058480090980359
1449059149254254599
1449059595599728649
1449059760955817985
1449059871135989762
1449061980367560706
1449062425928650758
1449067890699735043
1449068902386966536
1449071188639109122
1449072764497940486
1449075320355622912
1449077717287137284
1449079828037062658
1449081486393544708
1449087411363975171
1449091393998278660
1449091511195406345
1449095363009433600
1449103763008983041
1449146181498679303
1449165213110915072
1449190996235800576
1449202337826881541
1449213226978213893
1449230545972391936
1449234932950188033
1449255569513238533
1449298218068627457
1449299473784578052
1449302771988054023
1449323922130886661
1449345532137197572
1449952068404346880
1448934958106431489