1451202356884873226
1451203494539677697
1451203936862580739
1451205115759759367
1451206318132539394
1451233048964513804
1451260129706487821
1451260282215469068
1451260341921501192
1451260406983446532
1451278767595433987
1451406969164627971
1451443308761395203
1451565555429826561
1451620520848355333
1451465718306951203
1451210039595872266
1451210533152067587
1451210665251704846
1451210723284160513
1451210927966023689
1451211369097859073
1451211670223736836
1451212015322779648
1451213517005017088
1451215503461134337
1451215838476898305
1451219256331448324
1451219318126092292
1451226252698738688
1451230467429179397
1451232785126019084
1451244590212780034
1451250177361080322
1451259984294170637
1451262353564045333
1451301373400780801
1451420304652259352
1451440779646414863
1451444011835797526
1451480192522891268
1451518889901363201
1451528800127406080
1451564465200242690
1451216557816762377
1451216564414472198
1451216567451140106
1451216590679183368
1451216929235087372
1451221926353899521
1451228759928020995
1451229094402830338
1451229360950755332
1451643110815977476