1446206303580348416
1446245755262472194
1447941770554314757
1446292771698999304
1446449664232919070
1446572081089556490
1446656281859837958
1447490099617353734
1449789015750688770
1446213085258293253
1446213841617145856
1446242903882403845
1446243267264147460
1446265192044716034
1446267126378115072
1446268887939518476
1446270804451278848
1446277711224360960
1446277824671846405
1446288926801465344
1446291166425534466
1446292570494099457
1446292830578782232
1446292835733438467
1446293411833647107
1446299166892724224
1446308880733065244
1446309181451997189
1446314334401929216
1446314543869792256
1446341394122092547
1446369803153911810
1446381243080323086
1446428021930463235
1446429217831505926
1446441390393774100
1446449752481140744
1446456243107807233
1446463204733898755
1446471279511494657
1446475181619355655
1446476741288026118
1446487390315556864
1446489415921147906
1446495614901100608
1446496343451529218
1446508804183572481
1446521323535179789
1446537435215798279
1446545288789995523
1446575153354215424
1446869430869299208
1446912148018450436
1446996269851832321
1447290406740258816
1447314209155473408
1447653092770697222
1446213553938055180
1446216656653467666
1446217299057385479
1446242937885560832
1446256490348695557
1446272495963758594
1446295117917270018
1446369806249308179
1446428088049491970
1446435367792660483
1446441601065275452
1446495643460116480
1446505750159843330
1446700917647101954
1447273377316605955
1447395832391733257
1447556536813989901
1447881954804830219
1447913761684217857
1447554474130743303
1447598475227672580
1448111955433201666
1448276503867936773
1448286653928386563
1448644182990536705
1448838388421840900
1449202450704084992
1449360478032039946
1449415706173480962
1449480356667682816
1449626001189875714
1449655237459865607
1450088463232081924
1450277559699222533
1450319786290913282
1450446149954019339
1450900427747184642
1451000333757558785
1451138030983593989
1451196830176333836
1451736598375276544
1451743588921061377
1451743758538743813
1451830382966423555
1451978672127229961
1452489959538139141