1452999370572550155
1453000107775959049
1453000354648444933
1453000387653509127
1453002023360737291
1453002834908225536
1453003025715433499
1453003102722871302
1453004483135479811
1453004960967413771
1453005133860810755
1453005334226915331
1453006508048928770
1453010822318465032
1453014653097979917
1453018436804689920
1453023423379095556
1453024992522874882
1453049323294449668
1453049369196994563
1453049470120300546
1453050088356401153
1453050131218108417
1453050192257765400
1453052543794298883
1453062536434180109
1453065188618473483
1453065596044709893
1453065691930656769
1453065796385660932
1453066467084226572
1453067137782882312
1453067679724564482
1453068003642200065
1453069376656138240
1453070171841699841
1453070840896102410
1453071087944798222
1453074621163614211
1453076143460995079
1453076421501493257
1453076566217478145
1453077010947854337
1453077175268102145
1453079591095050242
1453083769057988608
1453087429552840704
1453087980747321346
1453088251695321092
1453089017617174530
1453090534608809988
1453091067994288131
1453092585191264257
1453095149777588228
1453097620256083971
1453098271174324224
1453105602587156483
1453106291878989834
1453106346736377858
1453130127211220996
1453132110500335617
1453133102084132869
1453138295756632065
1453139017977970689
1453145506184638468
1453149429247225862
1453151864564994050
1453155760154755076
1453157702331510787
1453211168986726400
1453223224947494916
1453248563958452227
1453248889583194112
1453299150699778052
1453065942573912068
1453075433252167691
1453077219992121344
1453158946399670274
1453145611826520067
1453174541069393924
1453004138795655170
1453083899173683211
1453149511900147715
1453004732126179342
1453008702043209735
1453011852246626312
1453023965560000518
1453255617708269577
1453006690488569863
1453066098409095178
1453066129887440897
1453098992045281287