1454184193282297856
1454188690809491467
1454192111813681155
1454196627477041154
1454267517132808193
1454415505066844163
1454495586418192387
1454539864267952133
1454877670353915908
1454184116002295814
1454185024421388291
1454185239991963650
1454186169550315520
1454186263502680067
1454186450581286917
1454187158202429449
1454188028600086528
1454192728225497088
1454195930786410497
1454197749033934856
1454200317877305344
1454219671490678789
1454239601267249154
1454263269158371333
1454313051625230342
1454315855160897536
1454342525523791879
1454375694214082563
1454381388400971779
1454389739012902920
1454421474241036295
1454433476342583304
1454495555715932161
1454529907594186753
1454591273105453056
1454659144028286976
1454790134830882819
1455163311864045581
1455173968273477636
1455225923905593346
1455253909128241153
1457769291407769608