1454538235787448321
1454538299406684162
1454539289187037187
1454540535260188682
1454540693276434433
1454540807474712576
1454541026153148422
1454542988823212033
1454543150559555584
1454543878401544193
1454544195595563011
1454547439394844674
1454549105615806464
1454549308582203394
1454552203725836295
1454553032985915393
1454553324485705729
1454553453343256579
1454553834810974208
1454553963634642947
1454554047415947265
1454554129389346820
1454555691562127364
1454558945511620611
1454560255375970304
1454561085504180233
1454570530003042306
1454576592936710150
1454578734028267522
1454580133139030026
1454595138995511298
1454596477632880642
1454598584415006725
1454604016592244748
1454605999537471490
1454621209388257280
1454628358596272130
1454632036744970242
1454632602409783299
1454648517901930497
1454658654125236224
1454666593640669187
1454785649668726784
1454819007350050816
1454824740510519314
1454826663229853703
1454832451822538754
1454840802685988864
1454845845912817667
1454846342145056769
1454911641821368321
1454919992558985225
1454932558672769025
1454965035260735490
1454965196565323776
1455091752948445190
1455157621900693511
1455171302961164291
1455253690651131906
1455259163274133517
1455330233347977228
1455350547477790720
1455475108349452292
1455711125622988801
1456479691184001034
1457131989094572040
1460515758086123520
1462182383877337092
1468118956368175105