1452382853753360385
1452383069269368840
1452383249569763328
1452386789969252356
1452383447968796677
1452383574917795850
1452383843013431296
1452383928958992389
1452384282148806658
1452384688518189061
1452384822299594761
1452384874946564108
1452385199073935363
1452385649953230850
1452385843193262083
1452386032297648136
1452386645345513478
1452386669252907008
1452386747703123969
1452386862031540226
1452387018672164870
1452387483572846594
1452389310947336199
1452389529936084992
1452391790162628619
1452392381936975879
1452395748457332747
1452466461763534850
1452384395285909518
1452387585322414081
1452426297175592962
1452386629113548807
1452387877137096709
1452530750734151690
1452388094653747201
1452388952627875843
1452389213299560448
1452388717503655939
1452388902573125633
1452409086226702336
1452530774624935938
1452632062834327556
1452670007209611265
1452391062803206150
1452395299360628737
1452466815964102656
1452390803293327366
1452396676145111046
1452407799200243724
1452440310634647568
1452452183572631557
1452473825044615169
1452491948531539971
1452498846060204034
1452583051637186569
1452631980223328259
1452665265309712384
1452746599952576514
1453047689860599811