1453309133659197450
1453309791707803663
1453310165239750659
1453310193580736514
1453310265781538822
1453310560834105344
1453311213744574468
1453312251432144902
1453313440299225088
1453313560902316037
1453313691408031745
1453315246270164995
1453318673196888069
1453319950060474374
1453321434638475264
1453324401949265921
1453327843111444480
1453329186299523073
1453333868199571467
1453334451082051590
1453335488652197897
1453336958109880325
1453337108047962120
1453339422888431621
1453339440030666756
1453340240786169863
1453341439270613003
1453347080554958860
1453347753967357955
1453349161236058119
1453350588213866503
1453350767230799876
1453352325737746439
1453352685726490634
1453353562663264257
1453365047611117568
1453366269521002504
1453366526413791232
1453374982042570752
1453376010594881538
1453381032611356680
1453386999100960771
1453388074424041480
1453389480807649282
1453390249611042826
1453390254635950083
1453390767293177864
1453390871496429571
1453391194327760897
1453391999051210752
1453394307302313985
1453408962871795719
1453423377419546629
1453443141416202249
1453445541690478597
1453454932410081286
1453458373492547589
1453460526567235586
1453462328851243019
1453472354873528321
1453485638360121351
1453490416628740098
1453497645490712580
1453507676449640456
1453509404200996869
1453557795593326593
1453560317502541826
1453560525988581378
1453590108481916932
1453612932940451841
1453617938238423045
1453623038453293066
1453628507553157130
1453660115597287424
1453661171983298562
1453661643628552196
1453663109265117188
1453668876227645443
1453671063133593606
1453682523469455365
1453683401748324353
1453689279163547649
1453705590472159232
1453717794437087232
1453780766698217473
1453782148356395009
1453873668925370369
1454029541895294976
1455461894609797124
1455511436034195466
1455552188030279691
1455626599320018947
1456186648820162562
1457883458697457670