1450968953682079750
1450968974729097216
1450968996736548868
1450968998435229701
1450969015799721987
1450969026331561989
1450969065464516612
1450969082828886017
1450969121131311105
1450969151049277449
1450969223447068673
1450969277708869634
1450969329579794432
1450969340161974279
1450969427919446017
1450969515903311872
1450969565446422528
1450969671985889282
1450970242767851520
1450970307133587461
1450970361860927490
1450970420476137473
1450970427547869184
1450970428302897158
1450970537174388743
1450970604019060741
1450970682066604038
1450970837717295113
1450970904700334081
1450971138536923137
1450971146086764548
1450971156702326785
1450971294250508288
1450971521887899653
1450971658437672965
1450971833407311885
1450972280302051328
1450972383662067714
1450972498535882760
1450973071817445379
1450973439225782281
1450973851148562432
1450973933843501065
1450974355299602437
1450974757827063808
1450975466202927104
1450975608788291587
1450975773435781122
1450976768718901249
1450977672461492230
1450977867349864449
1450977989718593539
1450978785843552257
1450980607090122756
1450981193835589632
1450981237212991488
1450981358755586054
1450982073620107270
1450982149960581121
1450984365870170112
1450986743998517248
1450987885327355905
1450989843790635015
1450990388555169800
1450995604159700997
1450997467168710662
1450999178214219778
1451001442593038338
1451002299501867008
1451002323212308485
1451002576061730818
1451006460192772101
1451013737373073412
1451015232621617155
1451016430019776513
1451038042404409344
1451040186209497093
1451042503503671296
1451045485167394818
1451058492186382338
1451061857071022085
1451068172291895300
1451073061881405443
1451076249372266499
1451081345350914050
1451081574821228551
1451109718320103426
1451123158187053059
1451123633552707587
1451125135923163136
1451137680331481093
1451138071831982082
1451150113515188228
1451154416342650881
1451160590299406342
1451160781374902278
1451165482497847304
1451169304746110977
1451174608716111872
1451176275645800450
1451180052507291656
1451180151790882819
1451184041063976972
1451246183146471428
1451497612775936001
1453661398987419648
1474037857295777793