1447970741350191108
1447971980955865090
1447972555961380868
1447975192089829381
1447975970108055561
1447977777777430528
1447980483346714624
1447980914231975936
1447985442419200005
1447985519003066370
1447990659089117184
1447992443136270340
1447998467482300416
1448002628571615235
1448003881233960962
1448007926581506048
1448019663674302466
1448021927071735808
1448023051849900033
1448028838768914435
1448029907435524099
1448084097293864969
1448090991307677696
1448102919023235075
1448104219697946625
1448124952159391755
1448230023308234756
1448348113048121345
1448400746999910404
1448408207483760642
1448724009659650053
1449161263339147267
1451349522529996802
1447975017946357762
1447975425750274049
1447976217802543107
1447976555347599363
1447978276194979840
1447978547042086913
1447978601811484676
1448011337355902980
1448023770053193731
1448024339882852358
1448028077179670537
1448031689851260943
1448062848727347202
1448080875908829186
1448083056103809024
1448117958648246275
1448119577683111942
1448120120568602625
1448145270714380290
1448148453830193156
1448184944296071169
1448203904982736898
1448211100944646151
1448211661857312769
1448246484005183488
1448265995320238082
1448266037732990979
1448287611743883271
1450184317762555904
1465986404148645888
1448459307968782347
1448676201686609931