1452969007515152392
1452969867460562945
1452974281365803021
1452983643450888198
1452984389797912584
1452984746145812482
1452985672562888715
1452986385816686597
1452988380095025152
1452992220479438856
1452970766312607754
1453010354066403331
1452971702900625415
1452972933744312321
1452974572421070849
1452999805542838274
1453003280976646145
1452982112940929028
1452983041740083202
1452984223229362182
1452985570876067842
1452995303909445632
1452998838294388739
1452999891484127232
1453003170465161216
1453004649385054217
1453047321474699271
1453088858732646412
1453089448053276673
1453091267886391300
1453091733743579149
1453091808154640384
1453093384445366275
1453096449403756544
1453097218269925380
1453098098926841856
1453098592848302082
1453101416143376385
1453101720402333696
1453105872016744456
1453126320133640194
1453127635173789701
1453138135638892549
1453141584594231298
1453149804905877504
1453211373018628096
1453222296508719105
1453233986466091010
1453237891790954514
1453248604613840904
1453264244590456841
1453303532799594509
1453304666004115463
1453327715990392836
1454997544065511429
1458316768611495937