1450843873949982729
1450844558510727168
1450844652685438978
1450844729407676416
1450844779399589890
1450844929945649160
1450844978058514432
1450845102738341889
1450845247504781316
1450845254106554373
1450845451788374029
1450845453638066196
1450846141617217542
1450846262517972993
1450846394911105035
1450846615556825101
1450846730405048326
1450846900073254915
1450847854357094401
1450848597122113546
1450848715472883715
1450849031425568771
1450851247192526859
1450851696767389704
1450851738727108608
1450852019930021897
1450852214914772997
1450852536764837888
1450856029261111299
1450858086520999941
1450859728142282759
1450860231936946176
1450861759506513921
1450862713731616771
1450865720154210305
1450866565474312195
1450870436003254274
1450871210498199555
1450874685411905538
1450881141158948876
1450886952107053065
1450891800122695681
1450897268706529287
1450901943635910669
1450904973752029188
1450908671110746112
1450918288435855373
1450928267335245824
1450932348132872192
1450982806939656194
1450987814481502209
1451004413808726016
1451080835105443844
1451120548608626690
1451146920739676170
1451197237330022403
1451198560217616396
1451355020692164610
1451542120792133642
1451948517929504780
1452005808531771399
1452014337128910850
1453106652677386261
1453106984081756161
1455956553421492224
1450852531718922243
1450854009774956551
1450860778421047304
1450861634931421184
1450862814529134592
1450863153718431747
1450863688559247364
1450872173627731974
1450881852068216836
1450892067337551872
1450938220565262340
1450938532965621763
1451027605126201346
1451125230878044162