1446222277394120708
1446249885271998466
1446307256220495889
1446309922019311617
1446323068360663040
1446375118641385473
1446378704356192270
1446382150627045413
1446395734828351489
1446396245489201153
1446396374396780546
1446425256713928710
1446430099851694080
1446433280010735627
1446461688828530697
1446479537265647625
1446497673650085893
1446556937290715142
1448245379514863620
1449624568470118403
1449624669624041476
1449646443103281158
1449646623802347527
1449647233884823560
1449648157638414339
1449653238601555970
1449677175779516419
1449715004962443270
1449715065607925765
1449727798587887616
1449729164240687110
1449742648437321728
1449753331631460362
1449753595960709124
1449754337740218376
1449755353592254468
1449756143358709761
1449768309461688327
1449783334356373510
1449784666899243016
1449790119758766093
1449857271643746309
1450021222708744199
1450027176796069890
1450288272333328388