1448369063785271296
1448385804057841670
1448389115045580805
1448421845728829442
1448453566612520962
1449040382654885890
1449775215727321089
1448368155626254336
1448369905238089728
1448377542688321541
1448378934291218433
1448421757153542146
1448425031994773505
1448425324824334337
1448455245227601921
1448478789705474048
1448504392135684100
1448530213810294787
1448544378453204994
1448582103264899074
1448646488385409027
1448654924640706575
1448656191786151936
1448672991991242771
1448678746177765380
1449144701395873803
1449957067955990529
1451328807466582016
1448369953892024321
1448424487310012420
1448544380399276032
1448751528827920388
1449568905433915394
1448369899500412931
1448371573698744321
1448372743225937923
1448399447357071365
1448405856194813954
1448503946297761795
1448544510707916805
1448556322304167936
1448560637270020100
1448650553974673418
1450088524271824905
1450138603779207168