1452103935427153922
1452103939730595842
1452103980696416261
1452105526100197381
1452106501972185090
1452107377466089473
1452107922725560321
1452108203467030532
1452108973495099393
1452109443504693251
1452110453149216773
1452112198214434820
1452117659105988617
1452117806489628677
1452121916932706307
1452129059224309762
1452151647245934595
1452153334173949956
1452154543593037824
1452173458138402818
1452175154709139463
1452177297499324420
1452190096669675521
1452200949523652610
1452201276192735234
1452204648203530242
1452205536628420608
1452206005316640768
1452207227264241666
1452212427542732809
1452225703764709381
1452226662104543232
1452228713936998408
1452228983311962112
1452231866963173378
1452239655722754051
1452240473335242769
1452248055785345025
1452249883570737153
1452251713134600194
1452252333442834445
1452252625743790091
1452252914609795084
1452254616268201988
1452256931968688134
1452262067432525829
1452262532476018698
1452265474310422545
1452265747191848960
1452266027501428736
1452266279704858625
1452270518669877249
1452272458585845770
1452272782352465930
1452273148951416837
1452273417156284423
1452276534551658499
1452277029802594307
1452283759177445393
1452302755125764097
1452306065656320010
1452312736373825543
1452314493539717122
1452314854639943680
1452315078137716740
1452316532499955713
1452316835551006734
1452316977054244864
1452317154615992326
1452317259767193613
1452322147519635464
1452325101492391947
1452328746493652999
1452329321956249603
1452330485238149129
1452330737341014019
1452331916892549132
1452337025273765888
1452339955829776400
1452352597017440260
1452353037687681024
1452354959933165568
1452356167141937154
1452363267767246863
1452367209221738499
1452370073629437955
1452383555972001794
1452383822411096070
1452396998490042379
1452400391627362310
1452422539792117765
1452543688744181766
1452567802129362946
1452625246947844096
1452631244626333700
1452733960400908291
1452772446340190216
1457492583622533127
1474401544632246279