1451186935863537671
1451188087879467010
1451188604844212247
1451187961970655245
1451199786594410507
1451188094980419585
1451188133932908555
1451188150374600708
1451188170578558987
1451188701199888390
1451188850642980877
1451189059825463299
1451189141912227841
1451189528178294786
1451189914641391624
1451193999146971151
1451198617797087243
1451224367833227276
1451231213524500484
1451358178772324356
1451537767545049092
1451700196413304832
1451188344348577798
1451188766530367501
1451189761637425167
1451190113862500359
1451190118530777092
1451188444114214925
1451188650599878656
1451189846379094031
1451190009222946828
1451415431009423360
1451188544270077953
1451188596489154586
1451188981756956672
1451189351757455376
1451190533129314325
1451236061644918787
1451338600742752257
1452613914949144576
1451189632595468296
1451189656603664391
1451189761448689678
1451189993074925568
1451190066068344845
1451190139493879812
1451197842190594056
1451462353749348356
1451189800241823745
1451191659916451864
1451200128216277005
1451237047516106752
1451766725192548352
1451189943145938948
1451190025387868168
1451191071518560257
1451191124375191566
1451191183229612042
1451191264792121351
1451196483428970523
1451197353994514450
1451217155500957698
1451225741182517251
1451774336621236227
1451780291668832259
1451804063318700038
1451190105188696071
1451193718774530054
1451190595792228353
1451218046811615237
1451237792449630209
1451190512312979463
1451190905419960338
1451240830879125506
1451242696664813571
1451260227995713540
1451190382415413250
1451190428418539520
1451191438675361803
1451193731353178114
1451197882581745685
1451198386162393110
1451202624951185412
1451225452178128897
1451766002614681602
1451767038419030020
1451190522781921291
1451190676276740121
1451190814927835142
1451190837652557832
1451190908515282954
1451193497415917577
1451193614973894658
1451193749145460747
1451193861246636037
1451194217154310152
1451194452291194887
1451195544802455561
1451196327975526407
1451196426537472005
1451197767020253193
1451198044595122177
1451198707236433920
1451200192695324689
1451202147576528899
1451202404750278671
1451202446164992007
1451206656340099079
1451207399528808451
1451210233888612354
1451211792995262469
1451215007144980480
1451216758086455299
1451233918930210933
1451767006995390468
1451767493148778498
1451771484016365574
1452657500482949121