1449023961803669506
1449063088146186244
1449125645645017091
1451573785660854273
1451602123649650693
1451616624423940102
1451974941616771074
1452243222907035651
1453469536813035520
1453993692314877952
1455258579485741067
1455258980612247558
1448731463432630272
1448731509272236032
1448732345964630019
1448732364776091648
1448733071889604610
1448733204572164103
1448733694022332430
1448733787622346757
1448737139676655618
1448746255983730689
1448746863264362512
1448767944192937993
1448829758574190595
1449041079903289355
1449171334525644802
1448738747202236420
1448738773236338688
1448740149123293192
1448740306640416777
1448741763934457857
1448743683159953408
1448745352987914249
1448747850813292552
1448755024235057156
1448798320298762246
1448869076592316418
1448906710136020993
1448952772703965184
1449005120826576897
1449032499384958978
1449043158122344448
1449567925392789504
1449742402000916489