1450405931255320576
1450411719092682754
1450418242762297344
1450426104381116416
1450429403985551365
1450430120640991239
1450434023168294916
1450441783620612108
1450451855130062854
1450459540919554054
1450473763951230982
1450477708408807427
1450478586096455686
1450506147249541122
1450522280078028801
1450529169922838531
1450549653112459265
1450585451530788870
1450605658462560259
1450699707399819264
1450939514948657157
1450408075362455552
1450429215149543428
1450939546879864841
1450410304513482752
1450412984749154305
1450416859149447172
1450418613664452610
1450418934113574912
1450423238773837824
1450446044383178755
1450451579841167361
1450452037271887874
1450478631013150720
1450498857733865475
1450499444852629505
1450499874491928580
1450504025208545286
1450508520726544388
1450522325502267399
1450526229757575168
1450532282826039300
1450550903669346305
1450676614656761860
1450823124115656706
1450939240880168963