1450933643396911107
1450936495284445188
1450943541065175043
1450948722049708036
1450960108821831684
1450965125788172288
1450971025785729028
1450975270735958016
1450978532075745284
1450981454033342470
1450984014693666817
1450987257234665479
1450992566233550852
1450995922142367744
1450996403522740225
1450999542770540544
1451001387928670210
1451010845417238529
1451013966331715586
1451017197120364547
1451027384652615685
1451027515875627008
1451030504212291598
1451041442420248576
1451048734083670017
1451085254240784384
1451151119258902530
1451196368635064335
1451202550712074245
1451211349434896384
1451213982828830723
1451215259008528388
1451216256514891778
1451218326965956615
1451260251798388742
1451265018910187528
1451273145340547077
1451275249316777995
1451286130041790469
1451287935802880002
1451315091043799041
1451320249505259531
1451320405592100866
1451321361687842819
1451324059971514369
1451326412640722947
1451337202215043077
1451349598967148552
1451370007317733380
1451378291349336067
1451389344829386766
1451389515285901356
1451477505886638125
1451537965314822148
1451558919638245380
1451561986295218189
1451569949500223491
1451574227258200066
1451609094612205571
1451612604103806984
1451627099127701516
1451631984917184513
1451635944050802695
1451684310461812738
1451732292033032193
1451845373165805572
1451994118763261955
1456810709438930946