1451668487231848449
1451294599599702017
1451294604792266753
1451295293929033731
1451295609382744065
1451295620422057985
1451296381038178311
1451296780864327680
1451297144225337346
1451297593309368322
1451297753909407758
1451298599653060613
1451299590322405377
1451300079235579944
1451301375535562758
1451302459633278990
1451303024073195540
1451305884299272208
1451315107783327773
1451315657778343944
1451317915756556294
1451319336296198144
1451319780993114115
1451321187238297600
1451328792966963201
1451330202953347095
1451331324489445380
1451333432588521482
1451354480214151172
1451355975294857219
1451370978244767746
1451374506560344068
1451376941177708544
1451387326391717888
1451396896300351488
1451398631030870018
1451398793006665730
1451405501267275776
1451408645208477699
1451410682872746003
1451410880097230848
1451443333600063542
1451450594292498436
1451460972896571392
1451489780227657734
1451498188775493642
1451507972899844100
1451514695395934210
1451526426935529477
1451534111814918176
1451538266403090432
1451540366490935309
1451540931732287497
1451543404626645000
1451548790788329473
1451559411550285830
1451560875198976002
1451561900018323462
1451566513132081152
1451580513668542467
1451582111849267202
1451594551651491843
1451621675963928579
1451633291203858440
1451668540289740800
1451737214547742728
1452316947950018568
1457583771327377410
1452799242158870529