1445397135831228442
1445397406821109769
1445398470521675778
1445398960701648912
1445399444917268494
1445399532892790800
1445400190316331015
1445401170982412288
1445401278000009218
1445401945771028499
1445403203714039820
1445403433771622400
1445404773243625483
1445405120322232323
1445405575278366732
1445406108730994690
1445410176673124354
1445411582092058625
1445412405798866957
1445412562690928650
1445413899042316292
1445416570684018689
1445418003609239557
1445420073758253062
1445429746095902721
1445431099115593729
1445431292535840769
1445432247167893506
1445432398687072260
1445432720503443458
1445433252852928519
1445433300613406724
1445433542729633792
1445433778432876546
1445433880677212314
1445434756443754496
1445436537240494090
1445437874917150721
1445441382638764044
1445442572306903046
1445445596379107337
1445457834242498561
1445466629177892867
1445468626333487108
1445477692422299654
1445483515454255113
1445491069009862660
1445531270063144963
1445593029679583235
1445612816669417476
1445637181645549575
1445673653111169031
1445729099251548165
1445739523791470596
1445760160262094850
1445760515246944259
1445774713490268167
1445780217042124812
1445848067916193795
1445862899625304064
1445952587824603138
1446083525015449600
1446168143118802981
1446181091665072133
1446286201061662721
1446297232072871936
1446299312535703555
1446300859961208834
1446324204396187648
1446346608124186626
1446347062191149056
1446402696114757652
1446480864901144579
1446490289405763589
1446510954435387394
1446577864921337856
1446698837469392899
1446831422233190400
1446838193337212930
1446864318142681091
1446875999803740160
1447433056889933829
1447551659262025732
1447560621550043142
1447566876591079436
1447568524981923848
1447637737172086788
1447680418963144708
1447801839102185475
1447842299937845251
1447847257869623299
1447879140506365955
1448079479499284481
1448258944967733251
1448387778031628291
1448527862592520198
1448528888884125703
1448532151004131328
1448532640219336712
1448608904900972547
1448613789704806410
1448631163426246659
1448644392777048067
1448682205841002496
1448888775484919811
1448957085966868489
1448986085019762699
1448987205075091464
1448997424341598221
1449002580181356550
1449008892197937156
1449010672734334977
1449011209370423305
1449015685355474944
1449016110171394053
1449032698039869446
1449038121421598723
1449050926967361538
1449051348197122048
1449067349194133508
1449096749973450759
1449109444873306116
1449291021049729029
1449327175740506118
1449561223343874049
1449650692361113603
1449650971441709062
1449709752146010112
1449770081701928966
1449891994516348928
1449968782777077764
1449983935664902145
1450085208154271752
1450795660077199364
1450863343665758208
1450899198224732161
1450905271664975877
1451109733939625989
1451720750319083525
1452904962850103299
1453064814360764419
1453117419531091969
1453585274559033353
1453925688159862790
1445397565382475780
1445403152610627586
1445404391796838408
1445413574789120018
1445417622791675904
1445421149941235712
1445430197356883968
1445438078936444928
1445448097295835139
1445449707254333440
1445457889976410116
1445459204328726537
1445590870602833926
1445592129917501441
1445826596355538953
1445827609032417280
1446289644719677441
1446476689287024644
1446477075758653447
1446782714246406145
1446833338375827456
1447276704154619905
1447298082308194304
1447459955385122817
1447567010578112514
1447567431170363393
1447618621614743552
1448312214713077761
1448325890404876295
1448344907182080000
1448351720371720192
1448580093983473664
1448631611931627520
1448699035972423683
1448979223234949121
1448982281222299656
1449032267293249540
1449043940271820812
1449061978580955142
1449096492665483269
1449147497172066304
1449196966869717000
1449236885793083393
1449318374358585344
1449433442718928899
1449620884386426882
1449633831917539336
1449756927496495112
1449764714469380105
1449769352576729094
1449773279674200068
1449777062575845380
1449778661134045186
1449780906118447104
1449788036636631042
1449800810427260932
1449804219569954819
1449810514226335751
1449937151680937984
1449972293472378885
1449972843312140293
1449974830149689350
1449999437347135488
1450000031491272709
1450005162207100928
1450073358402424833
1450074454290169863
1450133995660800004
1450548165392830472
1450615270976983042
1450899488193662977
1451010518253113347
1451220872866324480
1451739422437769224
1451896424614952975
1452571046805061633
1453308304805879809
1453954734604242945
1455241927025037314
1455884603344842755
1455884947240075264
1445398862299123723
1445406785821712385
1445415686856118276
1445467309947060231
1445546700555251722
1445643553468649476
1446035953483534344
1447012761439899651
1448990054492229633
1449762218195685386