1450891190799421448
1450891458182062081
1450891645377863681
1450891844187877378
1450892989979525121
1450895356904964100
1450895705430654985
1450896895757455366
1450897467172704263
1450898280104218628
1450898766492356610
1450899024391720960
1450899399048007682
1450900462719361032
1450901423072464897
1450901848722915329
1450904405595856896
1450907396948127747
1450908915286355968
1450909598253293571
1450910588163534859
1450918996975493124
1450922057961721863
1450929943618232324
1450955169991053317
1450967208071413767
1450968213634772999
1450968265384087552
1450976312827469825
1450985149621944324
1450987954046910465
1450988488405381120
1450990996519542786
1450993737191071746
1450997697188704258
1451003115721793539
1451006172866048001
1451007748884164610
1451015101901770754
1451017562708271105
1451024118816526336
1451028294032318465
1451034547009687556
1451035055338389509
1451035424672079880
1451039999722283011
1451041328083705856
1451050215247601665
1451057311632347141
1451074631159500800
1451099349014962180
1451101677327732738
1451113191782633476
1451113924124893184
1451137614694715393
1451140320129847303
1451140399888748545
1451143766698598403
1451147591102517263
1451153919858593800
1451156562916085765
1451161438454616067
1451164525609189378
1451164799354564616
1451164914022768646
1451169577082228736
1451175299601862658
1451178309161680897
1451181757236068356
1451185614083092480
1451186606686097415
1451198721375424519
1451201111231062023
1451201115102449671
1451202801325928458
1451208678045011968
1451210600768475149
1451216125606436865
1451223673063477251
1451226986022510592
1451227279548305418
1451239561556791306
1451248326544855043
1451268138343931905
1451274988217159683
1451492935220989976
1451495542303887394
1451524045589999616
1451566487697772546
1451573143550795783
1451735388482060289
1452441286854815753
1453827657511153664
1454563075458207752
1457007886610026503
1484695532803014656