1454300674938781696
1454300900143636485
1454302500681441287
1454316772677455880
1454325684508270597
1454326693011726338
1454328721192726528
1454342655454982150
1454352058438414337
1454594911827755012
1454595264283619329
1454616336345174020
1454702988166008835
1454743380248911872
1454799959040086020
1454866204053569537
1455043340299169794
1455044298773200896
1455061663158243328
1455061744137773060
1455067583791632388
1455096535666937857
1455145674501017611
1457880282393051141
1457882397618233346
1454313748072599552
1454313872001667073
1454314460810727427
1454319633482362883
1454490686628274184
1454886388319625226
1454887012654141444
1455518186732990473
1455557372936605702
1457882424692543492