1448333212883820545
1448333646461612036
1448334041405661190
1448334099287052291
1448334379109871620
1448334581879427078
1448335616815636481
1448335776664653834
1448336627680514050
1448336864709070848
1448337054299983881
1448338134228520967
1448339111899660295
1448339149996666890
1448339563487838208
1448341507405189122
1448341981114023944
1448342081093656579
1448343947638607872
1448344421699891203
1448345535199551492
1448345669903675397
1448346495217029125
1448346742534049809
1448346813178671105
1448347206390484992
1448349495813545984
1448349795454701570
1448350306048299011
1448355512894984193
1448361555607769089
1448364821771177985
1448365285317165060
1448371201903104000
1448400167875620878
1448402405327048714
1448409464999194625
1448465205130891268
1448472579795263488
1448493425658109954
1448499270793908224
1448507114201051137
1448508623571795972
1448541068899889154
1448544367417901061
1448660287578525707
1448685966609330187
1448712315436613633
1448759158019342340
1448794848098754563
1448902364082032642
1449341316500963328
1449568997842825217
1449712448643256327
1450100931631198218
1448421887155924993
1448336325065822211
1448336464127823876
1448336601851957253
1448336610186174468
1448336834354892808
1448338553960812548
1448341342208233482
1448342270751641602
1448343258720088070
1448343346481672200
1448343384205135874
1448344491329572866
1448346561386254344
1448354724822990851
1448379289963958274
1448379653333217282
1448384980250411008
1448393485908729860
1448406328490270727
1448413481871499266
1448413861254680578
1448420398333190151
1448424603978637312
1448446954145452038
1448469135365591040
1448492144520572930
1448510357434109954
1448537017369964549
1448540388461989896
1448560010255114240
1448560966774534144
1448590170542981122
1448602872728391680
1448614476668968960
1448623838015770627
1448652661037797380
1448661066016194571
1448674203809591297
1448702943289647108
1448711930630352900
1448763659363094529
1448874390578348039
1450849276809023492
1450893518722019335