1452770837858291717
1452771250174971912
1452771323780820993
1452774192252809219
1452774635041329171
1452775409930719235
1452776657333465091
1452776972879339525
1452781943444021251
1452789738126159877
1452811842913546249
1452839007360929793
1452942867303960580
1452956244872810502
1452959948762238978
1452960602603859973
1452973509647425550
1452979242950610944
1452980569739046918
1452981400752336901
1452981661927284742
1452982104405520393
1452983040402026496
1452983438261334019
1452991743553589262
1452993208791801869
1452995988231180293
1452998709806092292
1452999934781820948
1453002031833272334
1453002444682809353
1453003429345890316
1453017925296787456
1453029911782887428
1453032398589935616
1453039241152405507
1453041343840677889
1453041833387380738
1453051876056842240
1453053536187686915
1453056850652401665
1453060874671902728
1453062411926257668
1453068653486821386
1453092190645854210
1453095883638145025
1453099200581885956
1453099615708975104
1453100757306077189
1453103509541294081
1453107656097517572
1453107985912324113
1453121234548498442
1453122834235019266
1453126965565792260
1453151053390782466
1453154494208950278
1453160834381668361
1453178125735526402
1453204376873484294
1453207823790321666
1453233268300689419
1453309501013168135
1453310358446297106
1453311337862414341
1453311627894288384
1453336534497861636
1453338421863321601
1453452016877850628
1453491343876055040
1453983811042217985
1454972779170832388