1451584155884601346
1451584228513095694
1451586131749867521
1451587287809097733
1451590332345421824
1451603822510497794
1451649868125163525
1451650068616990725
1451668438594641922
1453065704505282561
1453143210998603783
1454038712849948672
1454227634947248131
1452693176746225676
1452747271540518912
1452777045184991242
1453071863442255879
1453260736751357954
1453331426946990085
1453715372452954116
1453715869289390083
1453862364265291779
1453900873982173184
1453955656923316227
1454045894664499204
1454046325495017473
1454046376694743049
1454467035669286916
1454471566239096835
1454703106273406982
1454893052825276423
1451591967394119682
1451592320776761353
1451601430851297285
1451644505623511040
1451668400061620224
1451900217540939784
1451593277732315138
1451595164355645448
1451596310956711942
1451596428464119814
1451596581669638154
1451596661461897222
1451597910987055106
1451597930473816065
1451598185747472385
1451607113508208646
1451610048778604546
1451621249772294151
1451625619599597574
1451628657030537231
1451628822420406274
1451635362175012869
1451638576404316162
1451667613428244486
1451879088621330433
1452002668642250752
1452287000942465036
1452636140217909251
1452641638623313921
1452662438013255682
1452666498430877700
1452969723080085509
1454002790510985217
1455258527166046214
1463889718588985350
1451599064332587012
1451603748669825024
1451606652810002433
1451667587247476737
1451688746592657413
1452701358327541761
1453993628435685381
1455258477241241610