1448680365518954497
1448680418543345665
1448680468673667074
1448680758655082502
1448680773012307969
1448680905220902914
1448680997529157633
1448681053208682500
1448681976903442437
1448682013720920064
1448682124337418245
1448682379090952195
1448682420795027461
1448682493197099015
1448682509647163393
1448682676366430213
1448682838841249799
1448683155611848721
1448683394104168455
1448683432754696193
1448683638980218887
1448683858828816386
1448684078966853635
1448685358124834818
1448687234291486724
1448688005393301508
1448689500306214923
1448689845715537927
1448691131806535689
1448692896408866820
1448695795583225856
1448697126939242501
1448697777001832454
1448698004790185985
1448698757286035459
1448699152972406784
1448700298042613779
1448701855341715457
1448706118809702403
1448708029487230980
1448709370284429330
1448712502221557762
1448719021201772546
1448720025519591426
1448723807057887232
1448726767875801088
1448734216729120769
1448735928734863360
1448738350194696198
1448739811943194632
1448741387671793672
1448743548828872711
1448749064833622018
1448766020630429696
1448772474796183552
1448778466833412101
1448808537426120704
1448810520879017987
1448830235689070595
1448834436779454466
1448836894335320067
1448884871762300936
1448906697574174735
1448924137725075457
1448957855999139852
1448962173590548480
1448972803676512274
1448981646183567362
1448981830107947010
1448988220834856974
1448991316277227531
1449000598842523674
1449004283551125513
1449023602146172930
1449032716767334407
1449034032445075460
1449071448480309250
1449080352492986369
1449373363122671617
1449511433998381067
1449568285515735040
1449626494142226436
1449844709996699650
1449956234078015492
1449999517953134594
1450047113677742080
1451158400541282308
1456300107779829760