1448030965671112705
1448031290125651975
1448031474062606336
1448031880368967680
1448032324822654993
1448033411331858432
1448038366889533441
1448090784532684800
1448094806845136899
1448097042023292928
1448232783856513029
1448243916587913220
1448256008510398468
1448260573553037317
1448267307931811849
1448268115586928649
1448286697649737733
1448297032901353472
1448321599313268748
1448332873745018887
1448337271137226757
1448347004061380615
1448356649580728321
1448418719223275521
1448428686882091010
1448584162772934657
1449207576688685062
1448036936325734404
1448037040918913024
1448037254190940160
1448037581162045440
1448037646559817732
1448038389610123269
1448039047734116359
1448041936917512192
1448042647059369990
1448043789147324417
1448046567500521477
1448091157909618703
1448141011822260224
1448147350166376451
1448149202626830341
1448178671093788672
1448254387651072001
1448275594429583362
1448306112332062720
1448309232332414981
1448322006827610117
1448362720034791429
1448425099028152320
1448737770718081027
1449045625471918083
1450389036745568257
1450763667495170054
1450838817297031174
1454105745507508230
1455607222415802376
1448037768538492928
1448037962462089216
1448038644741251075
1448039021356232707
1448039499502661641
1448040118711898114
1448041485962600451
1448042748171276290
1448043728560603146
1448046656084234242
1448047260818870274
1448047371682787337
1448050271377035265
1448074792041598985
1448083454340608004
1448087270658035718
1448089400613736452
1448094177124929538
1448108192114819077
1448115527172362243
1448116465228464143
1448117179937865732
1448148843082747905
1448164281975930881
1448165104743239680
1448165271571558406
1448169093064970241
1448179146190999553
1448190921821114368
1448196837102407683
1448207438256082947
1448225126462283779
1448261138370768898
1448272199786250246
1448274559031984133
1448298225128067074
1448311311239204868
1448325699497046019
1448329587977490432
1448360388488273922
1448370817251807239
1448382209757429763
1448468989299077127