1454216114498686979
1454216257742409728
1454216406329962499
1454216757162487813
1454216934401187841
1454216999157047296
1454217196201070598
1454217209220411392
1454217447163056132
1454217748872056835
1454218520770850830
1454218632964235269
1454219182229409796
1454219789468160009
1454221463301419008
1454222786323492873
1454224543522770952
1454225795593900033
1454225845107793920
1454226156555702276
1454247607522398208
1454247938536968197
1454386088647213059
1454402451306696714
1454428472907124737
1454468125894737922
1454473871818694660
1454493850370646025
1454496845606973440
1454525927682031621
1454528679883780107
1454528748259250188
1454574525480423450
1454620279502610437
1454624593138884608
1454631178552623106
1454642863875059724
1454656269088874496
1454657244986060801
1454684938553462793
1454769346107084800
1454813442926280704
1454813931763998720
1454844328178769930
1454861987113050118
1454887224340791297
1454956705062670340
1454957559907975171
1454957865651748864
1454964769216245769
1455158448740462594
1455250875425959940
1455253211682512897
1455259145586761731
1455266437795389443
1455268593109815296
1455313039436177418
1455431744279113730
1455504631279333377
1455513942084751363
1455540808652820503
1455559280564875265
1455615394803183617
1456118659852554244
1456971231299870723
1457006121957289986
1457231201790533634
1454217275473604609
1454217450434801666
1454217607830138880
1454221115996442637
1454221283030351873
1454225893182918659
1454228280370884610
1454233197248532484
1454247474248380418
1454255420068048905
1454261028699709440
1454332990817910785
1454388638205231106
1454467837712474120
1454472450746552325
1454625133319106564
1454664822436532226
1454748820433158145
1454814787985047554
1455025278544138243
1455109440865067019
1455179481589719047
1455233330832715785
1455250793800536071
1455259099113926662
1455259328840093697
1455376262655008772
1455579125687664640
1455909136244215821
1456118623387353091
1456335894869422091
1456971169219944450
1462905941297438728