1452666586737754113
1452667100552646661
1452667169381105664
1452667569970708480
1452667831758176262
1452668206162796551
1452668659298537472
1452668763212496897
1452668802592911362
1452668836155637764
1452668997011398659
1452669094948343808
1452669231137447949
1452671576990683147
1452672248528052224
1452673877356650500
1452680060973076484
1452680238559744002
1452680428804968448
1452681049234972675
1452681754700046338
1452688583693905926
1452712085218004994
1452721197871996938
1452726176015847433
1452729376890441728
1452754159988396033
1452763037526548483
1452768452024811520
1452785996827856896
1452788339875237891
1452892871519096832
1452960224525045766
1452961084449697795
1452983157070999559
1456955797930450954
1452678782884581376
1452695764518555653
1452712419567022086
1453021976218451972
1453103893433307138
1453372161356288004
1452726097880260612
1453016792037826566
1453045813286952961
1453046345162534916
1453082044066631687
1453117462489280524
1453128636446429189
1453128989288058884
1453258466643021835
1453294278625607697
1453437250834927620
1454094446874746889
1456118794267463682