1447326123977842695
1450838747113787394
1445857215110209542
1445869827629879298
1445991216928067590
1445996473808613382
1446245582029430784
1446252281733730319
1446253256527605773
1446613462629568513
1446621268179099654
1446657477827780613
1446817979409252354
1446826036164009986
1447084371639406596
1447177778487390213
1447259158244364294
1447270973460426759
1447346130258382853
1447360085517291521
1447360798720991236
1447483722601844740
1447638353416003589
1447719423830265856
1447778890433269761
1447779487102427137
1447811492158472192
1447862775275941899
1447938903223197714
1448225757390508032
1450838780043317249
1446611802507419648
1447011240165974022
1447358558262251522