1446960814968168454
1446967283868323840
1446989909684736000
1446992032816197632
1446992199573442560
1447012763629461505
1447049320859983877
1447050711263547396
1447085314397310978
1447087086939475972
1447092674540965891
1447104211200589837
1447117219532398595
1447117338076012556
1447151410240425988
1447157181250375681
1447157348590489603
1447164700257493000
1447172250067738628
1447173127998484480
1447190828405854211
1447239368410759169
1447401578239979537
1447452479029972993
1447507669636419584
1447642337342115841
1447655895735832576
1447957568526159872
1449952270691360777
1477644259373326336