1451285283152949256
1451285336630325252
1451285657771405336
1451285859077173256
1451286189114277888
1451286590500876288
1451286965119242249
1451287045377298433
1451287111542398981
1451287135961632777
1451287186154954764
1451287332057976836
1451287367797690369
1451287586383728641
1451287829447942151
1451288580521816067
1451289656117628928
1451289762321637379
1451289988956516363
1451290746301018127
1451291111998189572
1451291230248202247
1451291247059013639
1451291640845504513
1451292219374198793
1451292950634418188
1451293047799566337
1451293282026225664
1451293612629712898
1451295358018113537
1451298086656040960
1451298190368587777
1451300443523588103
1451301411275386888
1451301891380494337
1451304085676703748
1451304101388566541
1451304198599950340
1451304409439342596
1451305218650542083
1451305957259157516
1451326733500698627
1451327763349078017
1451332664800301059
1451333400644792326
1451347158377156614
1451374665583108100
1451411844669710340
1451412110538379264
1451413794295533578
1451422726976122890
1451423611948978178
1451428185007083522
1451430079246917637
1451447355652386829
1451449007260139522
1451451997794807859
1451456611273396231
1451461336525950988
1451461959878991873
1451471087905042438
1451473332910673946
1451479830134919171
1451488363471462404
1451493241010802688
1451500219665879067
1451516732036849666
1451517609954975774
1451518396806352896
1451589487478415387
1451621562113744907
1451659232147693570
1451709196475502598
1451721732155379720
1451726528715235330
1451739483246841870
1451806035048599555
1451806039205191686
1451917503844831239
1452207909522321410
1452207979328069633
1452618074205548550
1452620018521309189
1452837993769701378