1446188776670253057
1446191151703199754
1446193176180494338
1446193229502681119
1446193297773367320
1446196541996163075
1446198362785533952
1446199098722459656
1446201733361848324
1446210272763396105
1446218739737772048
1446227645302202375
1446233885793214465
1446243004587692032
1446243084451434496
1446244823611191300
1446246247527075843
1446247150594052097
1446247711934750724
1446248292623466498
1446249060718059522
1446249377421463553
1446250086061600772
1446250476169842692
1446254218822791173
1446256816527007744
1446263961423286276
1446263986513752070
1446273309780422657
1446274008866070528
1446282375147577346
1446283332917112834
1446290479650201600
1446290680817627154
1446292150849662980
1446292320681283584
1446292352541224966
1446293112444399625
1446295794651303937
1446307313174949915
1446319651294748672
1446322482894422028
1446326774623703043
1446334701162090499
1446336891847069723
1446345934611255298
1446357649113567237
1446359813424885796
1446362976601001986
1446367177695588352
1446369792378744875
1446401917400358915
1446406124392046620
1446428330937536520
1446439377278849024
1446445833923305472
1446449402642681858
1446455466725416962
1446476210284941317
1446495710388568065
1446509073835429897
1446510936974663710
1446511763399270403
1446560009656143921
1446796743451070466
1446849558940721157
1446939868723044356
1446950555851505666
1446996493638856712
1447033167471431680
1447186907826294787
1447194995073732609
1447236985723113480
1447281220287668224
1447282849854464014
1447519877057687562
1447544783111659523
1447561643194519557
1447583053283475457
1447763945305960451
1448191676200128512
1448784686378016777
1451359387096846338
1446369796199755778
1446420190137405451
1446495746509971474
1446602117096017922
1446633304623616003
1446912978918461441
1447089832203886597
1447281359291129857
1446578825815547908
1447931877990486016
1446242973684051968
1446495676284772356
1446523678003322884
1446732289069682688
1448695098288525318