1451093173539835905
1451093180875780096
1451093223661871114
1451093564507701250
1451093762894073856
1451093781768458240
1451094082911100933
1451094305498705929
1451094477850898432
1451095578310553600
1451095644408401929
1451097463708848131
1451099136288231424
1451099828780421121
1451104862700244995
1451109071126294529
1451109653996244993
1451111077593354240
1451115018922172417
1451115286749384705
1451119493493706754
1451121264463056898
1451122857556291585
1451124742933602304
1451125966730932224
1451141936706953218
1451142332485672960
1451159964907618308
1451161028390051841
1451165100421914625
1451182331754991620
1451183637974585351
1451225343575171073
1451225661301948420
1451231045701947395
1451335582911696898
1451440293002170372
1451446980568223746
1451448001034022912