1451837036625866754
1451837605599981568
1451837934563434497
1451837957225209861
1451838812133289988
1451839055445037056
1451839058175533062
1451839697748066304
1451840072605708290
1451840187290439682
1451841844233613312
1451842826304729096
1451843478233681924
1451843561117208581
1451845444259168262
1451846218301284356
1451846370881593349
1451846446211272704
1451846518416318465
1451847013536960513
1451848594479370245
1451849503481466883
1451849962099290114
1451850441550032901
1451851615657418753
1451851832087752708
1451856024814686212
1451858937385529347
1451867975858880516
1451878105321250821
1451881770282938368
1451885765668089861
1451897913462824971
1451904205439045639
1451917967625687052
1451934009286610952
1451942470388912132
1451945008546734082
1451954001675706374
1451971305113325569
1451991907836383235
1452018418807345153
1452037795023839236
1452047795750326276
1452063914577969158
1452086352334446594
1452089901743288323
1452093137338339332
1452111376088973315
1452129474955423747
1452132355288797185
1452135388408164354
1452152853561286660
1452168400319492102
1452199065836560386
1452227683929239560
1452234393578348550
1452304972629127173
1452309271320973339
1452561302094712838
1452565039391543298
1452594077933850629
1452945183880974353
1458404643105648649