1449743369186447361
1449743697827012618
1449744104179462151
1449746206767423489
1449746431749734401
1449746805302902790
1449750864688816130
1449753731952611328
1449757345244930054
1449761741307580425
1449765122721910786
1449768036257472521
1449775028438855681
1449948053578866689
1449951217228992515
1449751396044005385
1449751953387425795
1449761582481879040
1449815956860059655
1449816385438330880
1450080744336859146
1450123868614631430
1450127688228823050
1450153195012075521
1450155133707374598
1450158968425238528
1450165940272959490
1450238285490573313
1450931572685697024