1448695865330257921
1448695884758257665
1448695912969084929
1448696512989519874
1448696726047559692
1448697147650502659
1448704781522915339
1448705330586734599
1448706186690404359
1448712099333644288
1448731713778053137
1448747025915318272
1448747969377980421
1448768054998016002
1448803933217038338
1449170288302718980
1449770353484566536
1449953440155648001
1448704336528220176
1448704609711628293
1448707809474973699
1448708100802760704
1448708937470128129
1448709329150939136
1448712324286754827
1448712877381201921
1448717865939505157
1448720767999516676
1448730294756990976
1448906701659426827
1449032642826051595
1449088518253285377
1449568062546579459
1450077152196562946
1456380553503121409