1450541043582214152
1450541362584096783
1450542723786756101
1450543487963877379
1450543555961921536
1450543682814423048
1450544986420883472
1450545302029549568
1450546464959221771
1450547657554882562
1450550266688905219
1450556954313637901
1450558581519101952
1450559259859722241
1450566743273967625
1450577595154714637
1450585768708034564
1450678057262411780
1450718558489649156
1450767246721232897
1450843681360125956
1450875125377560578
1450890815019094022
1450900702436462592
1450908927068188676
1451147740562563078
1451443457965367296
1451544318561304577
1451948113384640512
1452815761290977282
1450560353524408326
1450553499708706818
1450559276599103495
1450585739675062273
1450908857161629696