1451360461320982550
1451360832626044931
1451361370402852866
1451361450614788096
1451361971668987909
1451362385252524037
1451364036923248642
1451364280322990080
1451364864363044867
1451365053823913984
1451365326512328709
1451365718994432008
1451365791996207104
1451365967624241158
1451366629141467139
1451366968204857346
1451367199675879427
1451368426920808454
1451368842677129220
1451369657907261455
1451370018919309318
1451370077966774276
1451370476631207939
1451370959554977795
1451371941001146379
1451372334254903296
1451373002780782596
1451373930086809606
1451374427317309441
1451376710503387141
1451376716283359245
1451379989321068546
1451384915338178562
1451389240001003520
1451393970924367875
1451402849338855434
1451405323990753281
1451409793235570689
1451409842137022467
1451409912299278337
1451409960126976004
1451410076141441035
1451410123994198018
1451410213274148864
1451410329120882693
1451443336234086400
1451448758311530498
1451465881280659456
1451466438284177408
1451503499749908493
1451513082765848577
1451516291097976835
1451526251395510281
1451528758796689418
1451532559352012825
1451535555469185024
1451540750798307334
1451542747639341056
1451556882548658178
1451558318263132163
1451572963766063104
1451578331044802563
1451596418666274819
1451604185317838861
1451615989578227717
1451636887060316161
1451649582920867847
1451668511609135106
1451755964621901828
1452985401933697030
1454173380467298304
1451361973426442256
1451362615859589120
1451363116642566148
1451364073736650754
1451364530756460546
1451364563006287877
1451364739720769536
1451364862882455555
1451364962509762561
1451365233646350338
1451365277304823809
1451365288964882437
1451365295357112330
1451365489373061128
1451365605332946951
1451365609992753154
1451366056061243394
1451366221128077313
1451366235283894277
1451366383237754883
1451366405429936140
1451366577316696068
1451366816148828167
1451366935099281412
1451366953952575489
1451367056809488391
1451367085406306305
1451367615398514694
1451367624508682242
1451367679533764610
1451367936191574016
1451368391034368007
1451368751073431554
1451369083367088148
1451369457650184192
1451370211152695296
1451370273207472130
1451370486617841666
1451370707892453376
1451371499995099139
1451371633189421062
1451371759236567041
1451371810520322049
1451372082751844376
1451372228155748354
1451372921952161793
1451373182347366403
1451374410573787148
1451376298656354305
1451377766243389441
1451378647277834241
1451379363589537792
1451380553597521921
1451383667822145572
1451384040443957251
1451385085924716574
1451386954482814981
1451387035873316865
1451387485850853376
1451387604348416002
1451388179047616514
1451388188648525826
1451390375826952193
1451391793208209427
1451393732087992326
1451395309909729282
1451396514543116300
1451396569731846144
1451397671143444492
1451399948981915655
1451400501417832454
1451403626325364747
1451404113669881857
1451407684029321218
1451408412630298626
1451408678586773508
1451408702171336704
1451408771809374210
1451408816013131783
1451408924712656896
1451409138425028615
1451409205378760705
1451420013647351812
1451424025259876354
1451434455562915840
1451434824149860355
1451435237037256722
1451443406564175897
1451446304698109952
1451446704306200580
1451449762180337664
1451451043234131999
1451456377348632577
1451466131366158341
1451470743506616330
1451475141112868865
1451475950512885780
1451489689261821952
1451500735036862465
1451508550623191041
1451513616566468608
1451519997612806146
1451520750460932108
1451525032547520512
1451525103498399751
1451538938204721152
1451546847617683462
1451553569904209929
1451556094623498283
1451566444253048838
1451568611072561152
1451588309990481941
1451605395970134042
1451607807657082881
1451607933590986752
1451608006160838657
1451614340646375427
1451631191774441485
1451631795242422282
1451645560344268805
1451648996783579140
1451650382757773317
1451654507797094408
1451666726760984576
1451669653789372417
1451708244192288780
1451723300971888640
1451991691863408647
1451992075956805640
1452042407445348353
1452332151630880773
1452668148583309315
1453214053535453184
1453371364258336772
1453471286429196300
1453993767237787655
1454003014025367555
1454364834363940869
1451363458918793218
1451365222493528071
1451366279181312008
1451366499751538696
1451366955252805636
1451367011477504001
1451367877202771971
1451367977396408323
1451368662070398976
1451369099033026564
1451384933407207429
1451409251650269194
1451409327638532096
1451409373251526657
1451409421167312896
1451409503329521670
1451409584245993472
1451409590566862852
1451409677191823370
1451500815672283188
1451714369478348801
1452332207490621440
1452738317938614275