1453460540462936072
1453460588089298949
1453460634343981061
1453461048535568384
1453461343827202048
1453461390593777664
1453461908489711621
1453461989976576012
1453462062835798016
1453462906033655812
1453463151337349122
1453463220505612288
1453463462454120466
1453464005469609984
1453464731319107584
1453464890258059266
1453465137797550083
1453467800438145027
1453468946871504897
1453469638315200514
1453469868439838721
1453475023511982084
1453476278032547841
1453476365584404483
1453477748094214144
1453479234953830402
1453479431725621253
1453482843577872384
1453490262194507778
1453492283089719296
1453495089725050880
1453497193554382848
1453502650880770054
1453512126547603461
1453519653519695872
1453521142845788164
1453524097388924930
1453532023293976579
1453543641385816065
1453552758943109121
1453564995648860161
1453570733850853379
1453571108477755393
1453575002079563783
1453575274906353669
1453577835256426500
1453578219890913288
1453581932336353283
1453584741136052225
1453589008727093250
1453610122912010244
1453627164914421760
1453674079832231936
1453684166789378051
1453696391885180929
1453708772900225027
1453708925837131780
1453710604829556736
1453713659495124992
1453716463437627395
1453718511445020673
1453721520748916738
1453736636311752704
1453739004961062920
1453746803682254850
1453766028635348994
1453796032685412360
1453798196900208641
1453801828307673089
1453820719578689537
1453825613987471365
1453847593210028032
1453923709215981576
1453993208233570305
1454000274591207427
1454001464922161162
1454094284202942467
1454094356143611912
1454095373979594758
1454100010652553216
1454103648506613771
1454104299731136518
1454142070877212678
1454157556163751941
1454174210985795586
1454174350601510918
1454193002876911616
1454247526119272455
1454814390474076162
1454817168130932743
1455257308125089794
1455579439597826052
1455598677377134598
1464444828373200900
1453482272741597186
1453750445210587137