1453725588896694279
1453725618068078599
1453725703556386820
1453725846187900930
1453725876588142604
1453726317849944069
1453726626487828487
1453726725146247173
1453727040276873226
1453727137727279118
1453727161991393297
1453727209433165839
1453727379772219393
1453728042937839621
1453728047929036809
1453728324023242763
1453728464121438217
1453730325897506818
1453730423012425729
1453730773870133251
1453730831952846870
1453730859933061128
1453731084550606854
1453731421248393216
1453731454635020288
1453732193239404556
1453732219395076096
1453732572022796293
1453734795221954564
1453735776437428229
1453736500424699906
1453736548076191746
1453737155939876878
1453737289369096192
1453737609511858185
1453737934725672967
1453741605672738820
1453746980987887621
1453748983344427014
1453750905279549441
1453751185358348288
1453751735302959104
1453752454357655552
1453753152985993223
1453755296975892485
1453756094497624070
1453758826084134914
1453765137299607553
1453765608403841037
1453779227678023685
1453801023827587074
1453808522685255692
1453822426584793108
1453827666285576199
1453839944137396232
1453848750569390084
1453849027406012417
1453873216695459841
1453883239936974856
1453889549390598145
1453898483476303879
1453921111750684674
1453930662885462017
1453950789748084758
1453955039412690944
1453955265531809793
1453964841299812357
1453969101810921477
1454013512154501132
1454039666483683330
1454060458311303174
1457882929867026437
1453726452428406784
1453726653134237714
1453728181182025747
1453729520733745159
1453765069989367812
1453789640947732483
1453726571785699344
1453726632452100111
1453728069017997327
1453728213356584964
1453808355496058880
1453732319877947403
1453827741409759233
1453726672188936200
1453727041828782087
1453728050504368144
1453728441593831432
1453733070683525121
1453742212852764674
1453782656668348427
1453727578447958039
1453727956560330757
1453730968267673606
1453727702356152324
1453727731942768654
1453729051038797836
1453736886954979341
1453728235649331204
1453728636167593998
1453729031963045901
1453727939435008000
1453728132251336720
1453728205479682049
1453728593247232006
1453728470500999173
1453728541397245954
1453728563392225292
1453734194425729033
1453744711303254020
1453748057716051973
1453801061307850756
1453728695353438209
1453728720292769811
1453728757584252931
1453728882868166670
1453730451248406532
1453732106073350146
1453789776008683521
1453728884319416333
1453728892695367695
1453729089538256898
1453729094592466946
1453729716762939400
1453730006996193290
1453738644145983502
1453999252712087555
1454012772287660033
1453728997297119241
1453730460241043469
1453735385532485638
1453729218857095176
1457882986917945346
1453729798258188308
1453729894555262977
1453730110633230343
1457882878553985025
1453738345947754500
1453775887636303875
1453730610107727882
1453730693733752853
1453731122035056648
1453732341868761093
1453743583652192256
1457882842835275784
1453731724534300693
1453732691786928129
1453732404233789449
1453735875444051976
1453818205538033670
1453980416096890885