1453426728731348996
1453435231307014145
1453425865128284160
1453425892512997376
1453426791759196162
1453427868046970881
1453428352732340233
1453428454792249353
1453430003597656065
1453430081779609608
1453430164642275330
1453431576965038086
1453432006512156672
1453433378259222529
1453433803821785088
1453434238263508996
1453434542187065348
1453434598793351169
1453436246827704323
1453437009788350464
1453437905846902784
1453442329117925381
1453445257782308868
1453456664888291330
1453462130561142788
1453470550911864834
1453471030891192324
1453471522908147714
1453473732245143552
1453478865008009220
1453487990521663491
1453494751735336960
1453507950933331968
1453525408159346691
1453531036051148802
1453531583810453507
1453531883711598593
1453554205017337859
1453556159013535751
1453571738118197251
1453598818633543681
1453602646938603522
1453617652929286145
1453626611610259457
1453632071432392705
1453672535250374656
1453681665973395457
1453688893178589185
1453708917159038980
1453709443095482370
1453713877410091008
1453724150271406090
1453751664272314370
1453779720110288902
1453821553972441096
1453856723379400721
1454120385872601090
1454120968046194690
1454432577213796358
1454492370670608385
1455015466968174599
1456441123774341120
1456441238912180225
1453439033619595267
1453446944576217092
1453480586585182213
1453554430767468548
1453669291815886858
1457883168023867396
1453732615849078789
1453437638615216131
1453437911064526853
1453437915778932754
1453532153250295810
1453617657173925892
1453436962942160896
1453439819640627210
1457883188517163009