1450162957069979649
1450163747318910987
1450164662843097094
1450164681109295106
1450165525301051399
1450166254057177093
1450166408961306625
1450166459682988035
1450166481581400066
1450166735550693376
1450166814504361994
1450167054963773445
1450167071958974470
1450167074354040834
1450167324099629059
1450167351517777924
1450167380420726786
1450167637921738762
1450167908823441427
1450168049621815297
1450168123852681216
1450168471988416515
1450168741388455937
1450168889770266626
1450169408907661313
1450169684024827910
1450170668390047745
1450171016882257920
1450171833278517252
1450173366141272069
1450173380834074626
1450176032070242305
1450176771207450626
1450178504859873284
1450179287487852544
1450182215258738689
1450188798445461506
1450192339415097346
1450194297744027649
1450195394022060036
1450195720049463298
1450197960378232833
1450198447328530434
1450200867475386370
1450204941109407747
1450205371642023940
1450209489542656002
1450215113349292033
1450221219492601856
1450221594039705603
1450226653775417346
1450240597936181249
1450263359543291905
1450295580467552261
1450324612143726593
1450356277377384448
1450385740786020357
1450403485472727041
1450463567619235847
1450463967483244566
1450551412325294088
1450551894238277647
1450552140108206081
1450561583822868485
1450587237251440649
1450592216007720963
1450607189022941186
1450692121825005575
1450839053654532101
1450852660601503756
1450865389047590919
1450866055128092675
1450866121251319810
1450866697104084993
1450882147246559233
1450892476491964416
1450940971642916871
1450955410232393734
1450974216283729926
1450998318906102076
1451031066148577281
1451069657918607361
1451176483368673284
1451219598464933903
1451246936074424328
1451278866870423556
1451284173734436872
1451953179214680070
1452201796500340738
1452260810705850375
1452274699392651265
1452341296861958145
1452374554089754634
1452436530568392705
1452436976049786887
1452440261611622402
1452443913894121477
1452445087577804801
1452445704220200964
1452448290289725440
1452448817639354370
1452449143876722696
1452449228370874370
1452449837660585984
1452450342981996555
1452450945560891400
1452455117374906376
1452458894740033541
1452460068432228354
1452460205476884488
1452460686412505088
1452468711764418561
1452469484875362304
1452473183974707212
1452475800503132161
1452483423524818949
1452483466398941197
1452484457991221256
1452484917774987266
1452485386639331332
1452485458206736388
1452487680181235713
1452497994838855684
1452498240234872835
1452503837101731842
1452505832617357317
1452505833326227463
1452508784610349056
1452538076425719809
1452588267736649734
1452613336609198086
1452618497201250309
1452618572975464450
1452619402889732097
1452621958156365831
1452622023449010181
1452622831452360704
1452623921711304709
1452624005815484418
1452626256445509644
1452626692095234064
1452626730850586625
1452627262709411842
1452629649817808911
1452630422840557571
1452634352219721732
1452639872758521860
1452639878664097796
1452640497248342023
1452642060532686848
1452642314367741958
1452642862441578503
1452643509173899280
1452643720180998158
1452645122227716101
1452646450026844162
1452650200330383370
1452650821905174530
1452652952569585666
1452653023042449416
1452653335073406981
1452654680832684036
1452654719357407234
1452658283542503429
1452659078644252673
1452660107012186119
1452666369267355653
1452666461101694992
1452666666626818052
1452671513178558478
1452672120182480896
1452679401666138126
1452679513981214722
1452679610035056653
1452679838054162450
1452680416129916930
1452680702412066820
1452680901486211072
1452681029815242761
1452681212661624834
1452681221599813632
1452682047693201417
1452682232473268224
1452682245739892740
1452682260780515328
1452683160215490562
1452683479502688262
1452685070259605511
1452685794850877444
1452686121176125452
1452686210283999234
1452686655018737668
1452687540570501123
1452688145796014094
1452689948549664770
1452691888008425472
1452693086375583745
1452694053611610118
1452694194984738825
1452695469084315650
1452695920374603787
1452696996515434501
1452697045676998663
1452697111011676161
1452697310039773189
1452698682600611846
1452700439665942529
1452701300089573378
1452702908068229121
1452706317727117320
1452708178328788994
1452708590070947844
1452709387710119942
1452711828346347531
1452713307987578885
1452713501198327816
1452715972704485383
1452716664777318411
1452719451917406212
1452721026291408900
1452726975957770241
1452727308444487683
1452730046062505987
1452730402158821378
1452732422487900160
1452736110031945729
1452739562921414671
1452749347565850632
1452753068718759939
1452754703301980170
1452759982097768461
1452773969241772043
1452777453642993665
1452779310960553990
1452780075691163654
1452789001098866688
1452793415968731139
1452804295003230209
1452807556695531528
1452810591454654464
1452810816684761089
1452813544140034055
1452814805551747074
1452824881725329410
1452827008606552066
1452828921678991364
1452831927606595594
1452853461624791040
1452853728265048068
1452869299715072004
1452871950632734724
1452880203546443785
1452884633176137729
1452914074086371334
1452918588621348864
1452945932908175364
1452956056825389066
1452958128262221830
1452959927274778630
1452984681373188097
1453039100299255809
1453876049264054275
1455725217821626368
1456638027204280324
1458292170440552448
1450167579230838784