1448785418640560129
1448787074606407691
1448787789206667266
1448788729351622664
1448789822064168960
1448790667220692992
1448790971567808517
1448796483403276293
1448799224800370688
1448817444836024324
1448819154807525388
1448838524980154369
1448848787737391106
1448856147620818950
1448871239267749896
1448882765949116419
1448901679538229268
1448905564327759884
1449021209107214337
1449029330424762373
1449035018370797570
1449163057373061132
1449389549109534720
1449663688097640452
1450112063049633801
1450156477445033990
1450254087837163525
1450836998835560457
1450838947588976645
1451115103508701192
1463039450557132802
1486474044740362241