1453104454060888073
1453104940180639748
1453105022267441152
1453105434064089094
1453105668588703752
1453105753602936832
1453106251274072070
1453106411961937922
1453106704833449986
1453106724488032267
1453106832625438720
1453107136825724929
1453107218283438085
1453107324747452419
1453107502233571330
1453107641186668547
1453108041629450244
1453108327940976642
1453108620472823814
1453108799171039233
1453108834893848579
1453108988573327373
1453109185973993474
1453109533799297025
1453110683235602432
1453110738239713284
1453111072270036995
1453111300146536448
1453111485836795919
1453113329833193473
1453113551241940994
1453114003333554190
1453114078482747393
1453114199203274757
1453114318267035648
1453114328413048838
1453114819628961795
1453115262174126083
1453117120477204489
1453117310311415808
1453117936734851073
1453118510842982407
1453119445707206660
1453119808585834505
1453119978748645383
1453120457935306755
1453120475454869504
1453123025163931653
1453123121461055491
1453123791631101952
1453124597000196096
1453126686724161540
1453129171937468416
1453129351264931850
1453130710672453633
1453131840638918666
1453138637558730764
1453139167458652162
1453143434991063043
1453143763241644043
1453144315367133184
1453146114299940865
1453146562226376708
1453150258528235522
1453151975139266563
1453157006441844736
1453162717389508615
1453170109908914182
1453179181513183239
1453186134847098882
1453187782545924106
1453207033981906946
1453207225984450571
1453214362538323978
1453228994292338704
1453229364494184448
1453232046491455498
1453233766420385800
1453233821994864649
1453242266034769920
1453251733858275336
1453254610982998016
1453255313902145536
1453270085934718981
1453285957139042304
1453286978007490571
1453303671010336769
1453312716291121155
1453313525640802310
1453314830312611840
1453316408255959042
1453334672726007812
1453335206178574336
1453336983120400385
1453340890618109959
1453345063631794187
1453346405158903817
1453348438725341191
1453355882620805120
1453357101032611841
1453364178475962375
1453368312113602564
1453369269077561347
1453383177125474312
1453388755373539329
1453389018478088202
1453391149889118216
1453392802998542336
1453399385627365377
1453401788539867145
1453403868629458955
1453405029252038656
1453413402525712389
1453414164836372480
1453414201817456648
1453419610083004418
1453431818884112389
1453440316749590539
1453442891016138752
1453446578740637697
1453457755264716805
1453460028321636353
1453460205241516032
1453479513719980032
1453505842993455106
1453653484306407436
1453674168415838210
1453675007058587655
1453681698588266496
1453717080201596929
1453774158370775040
1453936924104658944
1453991126713749504
1454132887549358092
1456276092088684544
1456398965335805952
1457583143913984000