1447939360930869250
1447310120099237893
1447261178363666434
1447261566248919041
1447261930519863296
1447266890737455105
1447270523474485250
1447273429548212228
1447273497915379712
1447299731172986881
1447357342031368192
1447366942134841345
1447391242812366853
1447391880799531008
1447395384360308736
1447403894397677568
1447622718543761412
1447638263573983238
1447705829814280193
1447705852929003523
1447705876756848640
1447706543059787779
1447706844701540352
1447749098199601152
1447897962504413188
1447917369712652292
1447958445089460227