1452297483904761858
1452305603448164362
1452410639834562567
1452419518488326145
1452629211307462659
1452671298857881605
1452671589758038021
1452736677575725056
1452781177883045889
1453121057632788485
1452303816972509199
1452303987085041672
1452304409703051266
1452304501826801672
1452311023294328841
1452325485455814660
1452325808358543378
1452327710051782670
1452329768565854218
1452329823645339656
1452330104521101328
1452330895210340365
1452331363827339276
1452331459927289857
1452331612524498959
1452331933137084421
1452332038741274637
1452332363661316101
1452332618440134662
1452332830827106308
1452332971503939584
1452333066207248397
1452333110041907203
1452333249779453952
1452333987263881216
1452337052729712640
1452337052742307852
1452339827177832449
1452340205936070662
1452340415861043220
1452423439440961538
1452452460786638849