1450069488825733125
1450069497642110978
1450069573991084034
1450069622854721538
1450069658753585153
1450069961947312136
1450069965869039620
1450070034731130881
1450070038682157057
1450070170064596993
1450070218060050432
1450070326491197444
1450070499153911811
1450070765685121025
1450070794630045708
1450070841803300866
1450070909486731270
1450071023936749570
1450071090298953741
1450071259870638084
1450071816547061767
1450071832401309702
1450071895240581120
1450072093169635335
1450072176745349121
1450072323650822149
1450072467414806534
1450072469033963528
1450072481499340804
1450072618275463174
1450072662223425544
1450072748890497027
1450072761787981824
1450072803818934274
1450072892520091649
1450072894315237385
1450073019699929092
1450073027790598146
1450073228584620042
1450073279092379656
1450073523423113220
1450073725869690882
1450073837131894787
1450073861987389446
1450073939057729541
1450074303542673408
1450074370194518019
1450074643470196736
1450074961054367744
1450075046081347585
1450075261526020099
1450075344925380608
1450075723205541896
1450075966194262021
1450076192321597442
1450076226752638979
1450076284499881994
1450076458836180998
1450076572698886148
1450076606823870465
1450076622145548293
1450076730085896208
1450076808934789120
1450076977159942145
1450077410024693762
1450078770141011969
1450079473165012992
1450079613988843520
1450079624487051265
1450080598651916296
1450080609544642567
1450080619807920135
1450080923484147717
1450081255127617539
1450081320198156290
1450081335629000714
1450081368856092675
1450081523739267073
1450081787095441411
1450081966028644357
1450082025927495688
1450082170056359943
1450082521635557381
1450082596826853385
1450082889404723201
1450083138902712325
1450083177817640970
1450083279260975104
1450083392146477057
1450084416018022404
1450084874321338372
1450085301410537476
1450085542184427526
1450086278121209860
1450086444006092804
1450086525950169093
1450087666096222216
1450088299348086790
1450088776164839433
1450089205128892417
1450089514483863554
1450090279462187018
1450090901917904901
1450091130079494148
1450091576600920069
1450091769459261458
1450091996241141762
1450093350233595918
1450094048782417926
1450094174968049667
1450095282004299781
1450096450075979776
1450097414933602314
1450097526212792326
1450097750905786374
1450097887489167362
1450098203198738432
1450098475383672834
1450098784214470665
1450099907851870218
1450100473046790157
1450100954007703554
1450101107213148166
1450101310636781570
1450101402181586950
1450101559778373635
1450101940507983872
1450103147574149121
1450103809854750723
1450104099857321989
1450104172628492291
1450104354254458888
1450104749898956807
1450104809143484419
1450104869235437575
1450105578617856003
1450105613908733954
1450105647375130632
1450105703159386112
1450105706548379651
1450105815575240706
1450106639026057222
1450107250752692230
1450107262169538564
1450107318792704000
1450109526410096650
1450109556311351300
1450110288208879617
1450111046686068741
1450111680659132421
1450112070985338880
1450112246575665154
1450112603770916867
1450112848911237123
1450113155049218058
1450113831129202688
1450114104136552464
1450114141532798981
1450114176320368644
1450114235028099077
1450115025394233352
1450115028590505996
1450115340994678790
1450115504815763463
1450115594590646275
1450116556088700928
1450116828131303431
1450116900059430914
1450117117462728707
1450117336732737537
1450118237757317123
1450119100139671559
1450119474460311552
1450119642987466763
1450119659513073668
1450119854644555782
1450119855500251136
1450120767820091396
1450120986037133312
1450121131583631363
1450121385443954690
1450121725862051843
1450122185016692755
1450122335952932875
1450122875982073859
1450125953162629127
1450126013791358984
1450127483659980801
1450128044509777920
1450128325406560260
1450128411679100928
1450128430100619270
1450128749005926407
1450128820015550465
1450129448573947909
1450129459000922112
1450129701855379460
1450130211291353088
1450130519128035333
1450130701282537478
1450131451022774275
1450131959024218116
1450133206271815682
1450133474615066625
1450134654070112257
1450134734512660480
1450137065274822657
1450137089811488768
1450138242112651267
1450139074824523776
1450140276329091073
1450140789187747849
1450140971996377089
1450142268430565377
1450142277167243267
1450142699735109633
1450142877544116232
1450143321280503810
1450143576864788491
1450143710461583367
1450143782276460546
1450144041123794944
1450144265556746240
1450144400734973955
1450145292771205126
1450145810184691713
1450146034789744643
1450146960908775427
1450146999391641606
1450147207886213125
1450148062010150914
1450148306068418569
1450149225417773060
1450149455076814849
1450150221405691906
1450150352125415426
1450150822935859200
1450151292588871685
1450152417140477952
1450153012295389190
1450153039369842697
1450153689147068416
1450154584622522373
1450154724544573444
1450155052232970246
1450155228444049408
1450155874228469763
1450156634836135941
1450156758714834946
1450157028035514370
1450157096578732043
1450157160751525888
1450157169723195400
1450157191495880707
1450157420672475138
1450157549450248194
1450157842632216578
1450157926748991492
1450158470972391426
1450159300928802819
1450159460547121159
1450159620282978305
1450159712243093508
1450159893332123649
1450160123607805952
1450160398687092741
1450161077854089219
1450161873454731268
1450162588222849025
1450162633181519873
1450162801687752705
1450162971561234436
1450163802700337156
1450166226802528259
1450166315788898308
1450168268027834370
1450168348549865472
1450168813501095940
1450169278422978562
1450170252956876801
1450171072335155200
1450171966980198402
1450172468946219012
1450173075316776962
1450173233437708291
1450173562212470790
1450173644307517446
1450173690142867456
1450173764403142661
1450173782405128193
1450174160894894082
1450174430374551552
1450174665570209796
1450174723271188483
1450174787481788416
1450175275996631041
1450175364370731008
1450175417441206279
1450176008041074691
1450176061757554692
1450176604525645826
1450178334583832579
1450178975637000194
1450180266991894530
1450181975290023937
1450182195096670208
1450183021710266368
1450183465580773378
1450184055345979392
1450184304445870083
1450186019219800066
1450186820688375811
1450187756240576513
1450189534830891008
1450189639101427717
1450190110897672204
1450190539987427328
1450191124824481801
1450191171263909894
1450191411891015680
1450192465072295937
1450193188539437057
1450194639814676483
1450194839815950339
1450196528845365249
1450197981953679370
1450198259289313282
1450199036443701249
1450199204027060231
1450199901602787340
1450201479063556098
1450201675772223490
1450202407061770241
1450203465502834691
1450204118153314308
1450204280120610828
1450205746419810307
1450205950472822789
1450206440057196546
1450206921231847432
1450210147721269250
1450210652698517506
1450212428516581379
1450213844018737159
1450215873663455234
1450224432086196231
1450224634276757512
1450225575591825410
1450229588819386374
1450231641796976642
1450232144257818624
1450232374780911618
1450234770835734529
1450235587575824385
1450236903807143937
1450238369238159362
1450242027958915079
1450242273199882242
1450246415972720642
1450247058598858752
1450248691655319552
1450253234384236545
1450255760865128449
1450256217188802560
1450257749875388418
1450259013233299462
1450259834746531846
1450261278623031301
1450264115650301954
1450266253013118983
1450266793172373506
1450267061502967809
1450267441024618502
1450267765680443394
1450268200411619332
1450268321983651841
1450268421111832577
1450269755194150913
1450270454539714562
1450273927356305409
1450274691461967877
1450275386466586624
1450276190053277697
1450276532744712194
1450277006353084417
1450278726059454464
1450278785203326981
1450279150057492487
1450279672671924229
1450279966877229059
1450279973323825153
1450280147228233731
1450280856199720960
1450281067328409600
1450281075641499649
1450281283116957698
1450281353623207944
1450282080034689025
1450283648624832513
1450283668421836803
1450284141782528003
1450284346582077442
1450284698874253313
1450284989807947776
1450285106745077764
1450285142895853573
1450286253249687554
1450286262569472010
1450286382845284359
1450286483626082305
1450287068492361734
1450287213942501381
1450287840772775938
1450288590211088384
1450289405017665539
1450290478981648386
1450290882326925315
1450291168927903744
1450291230806478849
1450291976880803843
1450292995576631303
1450294659033362436
1450295010679607297
1450295295800070146
1450295387084898306
1450295723489054722
1450296289216716801
1450296414093778952
1450296693765726208
1450296936796278791
1450297541686218756
1450297679301414921
1450297709986926595
1450297760297586692
1450297833442082829
1450298211256528899
1450298601238777861
1450298722038935554
1450299779775287302
1450300243677888517
1450300554761039873
1450301000443523073
1450301067095281666
1450301107134033920
1450301251766276099
1450301268795138054
1450301368887963655
1450301644063879171
1450301846652801031
1450301885303255044
1450302047207657478
1450302332139229191
1450302382504439810
1450302638109577216
1450302646187802630
1450302648104611841
1450302713514708994
1450303205393375244
1450303482636881920
1450303555642920963
1450304079721234437
1450304160927137805
1450304904828911616
1450305166746341381
1450305218646663170
1450305362800877574
1450305422577967106
1450305766829682689
1450306011886067716
1450306188319412227
1450306263267495937
1450306374970216450
1450306468763213825
1450306581657051137
1450307956612947969
1450308403440406534
1450308501054492676
1450308555437789192
1450308730008989696
1450308973991587845
1450309212131639297
1450309216615424002
1450309627032195079
1450310000375595012
1450310090205007874
1450310218676535303
1450310269184315401
1450310440190287872
1450310564815654915
1450310635972087808
1450310758357614597
1450311348039008258
1450311559469621256
1450311839041011712
1450312120999063554
1450312366340509700
1450312477502148608
1450312736865402882
1450312878821568512
1450313155775631361
1450313177728749575
1450313424009842689
1450313580985913351
1450313650279890949
1450313682282446858
1450313882195533828
1450314078283464709
1450314334811267080
1450314480986951681
1450314499580366851
1450315172111962112
1450315354828263425
1450315380778438660
1450315512345337872
1450315689751842816
1450315807100063744
1450315986100375554
1450315986997895174
1450316321158164482
1450316529107550209
1450317170156576768
1450317258228703237
1450317296967188480
1450317420770455553
1450317568690900995
1450317989425778694
1450318389046509573
1450318476518719488
1450318504851243013
1450318901087178758
1450318971249385476
1450319113163730944
1450319309620662277
1450319506912411648
1450320013735333892
1450320255469772800
1450320480674586628
1450320561687576580
1450320811991109636
1450320904659951618
1450321704799014913
1450321733601333250
1450322129166143489
1450322538530213891
1450323026541690883
1450323197132423175
1450323955391217669
1450324070134738946
1450325584752648192
1450326464415502336
1450326850211778563
1450327682361610247
1450328022809124868
1450329537703604226
1450331377702821897
1450331624239865860
1450331667952910341
1450331999378440192
1450332013953572868
1450332132455239682
1450332339058315267
1450332412903186432
1450334058110537729
1450334263589490693
1450334474739257346
1450334746492366849
1450334851681247236
1450334888016564225
1450336443734261762
1450337003581575174
1450338044410662914
1450338397705310208
1450339562123788290
1450340123493613571
1450340138962149376
1450340277323919362
1450340321326297091
1450340478046539787
1450340652131045383
1450341245478334464
1450341506280132614
1450342753611575301
1450342863993139204
1450343778405912576
1450344089723936769
1450344274365599744
1450345479124905984
1450345625606713349
1450347167189651458
1450347473201819656
1450347740177653765
1450348106969616390
1450349777476980737
1450353188503101440
1450353634454110209
1450354536002981891
1450356426988195845
1450356565115080704
1450357176371793920
1450357800178118660
1450359126052065285
1450361590188969987
1450362315501494275
1450366529632043014
1450370543643885571
1450375334679891979
1450376030334504962
1450376854083235846
1450377089752854528
1450377232979927040
1450378318306430981
1450378672498778114
1450383696612118529
1450385790891008002
1450388553897181185
1450391655735967753
1450393084324425732
1450395904708464641
1450398683996901377
1450399036343611396
1450399648552603649
1450401673764122629
1450403860556574725
1450404786570944512
1450406085974654982
1450408412370534403
1450408485812801537
1450410116956626950
1450413224906485762
1450417966143578124
1450417999781851136
1450422388823265281
1450424489779478528
1450424915174195200
1450425553190744069
1450425798473699331
1450426050601635844
1450426120277348355
1450428783421448202
1450429301602488327
1450429579059871744
1450432881000521735
1450432956133171201
1450433588974039040
1450434987681976320
1450436504874938374
1450437520693481473
1450437833290772492
1450442706866507776
1450445640383746055
1450446870619193353
1450449210189303808
1450449536669798406
1450451311955165196
1450452173788094467
1450452473299161090
1450453035205873665
1450455825139503111
1450458542721359883
1450459602257055751
1450459632846077952
1450459749842030596
1450462131598544907
1450464041936248839
1450470412933009421
1450472313888153608
1450472944296148994
1450477504884617228
1450478758167814146
1450479042373697538
1450479485514657793
1450479822774308872
1450479933826891781
1450480079998525444
1450480328338927620
1450480348211519492
1450480427421028352
1450480911884062722
1450481971289804800
1450482061437923329
1450482392569896969
1450482761144229892
1450482928144707586
1450483499937394688
1450484080823336964
1450484097038438404
1450484307747696644
1450484360310767618
1450484502292094981
1450484602812841987
1450484730508414977
1450484865988644865
1450486052817227777
1450487683189407747
1450490301580201988
1450490566706438150
1450491817594482688
1450492423319085056
1450494232473456642
1450494610749280256
1450496103233773576
1450496370603741184
1450496837949923329
1450497952342966274
1450498350655016965
1450498759993937927
1450499157995638785
1450499390238457860
1450504739557363716
1450505207612329999
1450511166967455748
1450513598652895233
1450514270542782469
1450514831631548421
1450514899822526466
1450515050280538112
1450515235454918662
1450516560733356032
1450517359777615873
1450517544771616771
1450517900771557377
1450519163718430720
1450523577439035393
1450525025996443648
1450530990212796418
1450532272457719808
1450534451641913344
1450534960129921027
1450536098535383040
1450538463959281670
1450539793159364608
1450539943873298432
1450543040154648578
1450549833723355139
1450550639340163072
1450551550959624199
1450560689681010693
1450562518758395904
1450577972394528770
1450581786027716608
1450599770553159684
1450604857358880768
1450610849316368384
1450623314670542851
1450627922641911815
1450635787746234371
1450638430799425537
1450638871746658306
1450638933117714435
1450641728231428096
1450644645357264899
1450656386937856001
1450659925932269569
1450663133715079171
1450664024585113602
1450665803049734146
1450668965672341505
1450686431370760195
1450690001755250689
1450690027277598729
1450692183804186629
1450693550467809287
1450704247310348289
1450709200644960256
1450725724055244801
1450749512453013508
1450762746773979142
1450763765146812424
1450790092990291969
1450794120612564994
1450806770826244097
1450813951848026113
1450820966435614730
1450821100431155201
1450827541137162254
1450837957011775490
1450850834602885124
1450881707209494530
1450891613157216263
1450926121931853826
1450948602159763459
1450988542897836037
1450992242257137671
1450999719824539655
1451008722117935108
1451008790162141185
1451038570194477056
1451051852728975360
1451057450149302273
1451057503672799235
1451059479672328192
1451065076081823744
1451067144397934595
1451068855384633352
1451069579719942146
1451081776881803269
1451082218063872005
1451095319752499202
1451101039009013760
1451141506262134796
1451144147700641794
1451144573195997184
1451165360225341448
1451174968306196481
1451178104555065349
1451178881411690499
1451194572143427584
1451202101015502856
1451206363548246021
1451210713377107973
1451223725727125505
1451229312091246610
1451242682924158982
1451250196554211338
1451250563061014537
1451269650893787137
1451378946000318466
1451379545718857731
1451456805746315268
1451507927882379271
1451589180354662403
1451589926445883397
1451780306734780419
1451781192152354818
1451875708913864705
1451901367950274570
1451901807777632256
1452080338872590337
1452107736041230339
1452144729609494529
1452324301961670656
1452503624785928194
1452544278777917442
1452545053281304576
1452668727057551360
1452669807413776386
1452963652143706119
1453193820531736581
1453205880934047746
1453247129007312898
1453251872895250441
1453252245445922828
1453282855619121162
1453289021816426502
1453291032397877251
1453297532663214097
1453300878232981511
1453308547538821122
1453315178091646988
1453316442980454410
1453352349364211716
1453356693677490184
1453357064806223875
1453563658584264708
1453634956974977027
1455203520865390594
1456118471553544197
1450069764622200836
1450069982558232577
1450070018532724741
1450071197371322374
1450072894399123458
1450073365394325505
1450074532593741826
1450074704841101312
1450074935163068421
1450075446981189633
1450077193892085773
1450077211168546822
1450077765034815492
1450081422664941568
1450081657961304068
1450082916336295944
1450084820546117633
1450087127522463763
1450088477400264705
1450089691806461954
1450101785801023490
1450114384613703685
1450118510227591177
1450120606171611137
1450124007265628166
1450132451939004418
1450136646913912832
1450141337785823232
1450141605835378697
1450143196223213581
1450161256296374277
1450165783196323849
1450171651765669892
1450175693485129733
1450196743006478342
1450200282806226951
1450206205520097282
1450209644983508992
1450233905706119174
1450252586473246724
1450267429569896448
1450308667899666435
1450313555484553216
1450317328982306816
1450356429819420672
1450373793474441218
1450408178429018117
1450486544792383502
1450504275839176705
1450794311054815233
1451207456181284872
1451282998595407886
1451519640039878659
1452125405553389568
1453102148066037761
1453159714141859844
1450069770490073089
1450070059112706053
1450070121003634691
1450071380658200576
1450071688469680129
1450072694821642248
1450073814390480897
1450075667069120513
1450076175791951877
1450076908943671300
1450077117039906824
1450077699062521857
1450078064067715075
1450081135023771651
1450084397349224450
1450117702186520579
1450123240811102211
1450125028691877896
1450129573325066244
1450130400643215362
1450141675272032271
1450146042326880257
1450161563667628038
1450162797569056778
1450170655668785152
1450173747692978188
1450178841834577920
1450180848335130624
1450196874175127556
1450206076553551878
1450220983890161676
1450227070748008452
1450265412839559172
1450280307937079300
1450294061655465985
1450294165745516554
1450308744848424962
1450318004005191681
1450336921952014336
1450351005439197190
1450356434378665984
1450359998824001537
1450410047260012546
1450446694298972164
1450484280031776768
1450486254970159110
1450560759902064642
1450576954349002757
1450627976941428742
1450708520521768964
1450715984281567239
1450818462931054599
1451196968189919241
1450070355435941888
1450071306074947585
1450075188650037254
1450075794953236485
1450076308390678528
1450076339155918850
1450077381704757258
1450080106781843456
1450083221404794880
1450099345664065542
1450099700447600648
1450099800179757057
1450099804743237637
1450100824873611264
1450103431398526982
1450104324156100611
1450104433606475777
1450104459862810627
1450105077708980228
1450108358141169675
1450109299502448653
1450114509671002122
1450128879775981569
1450141390621581313
1450144912960327684
1450145716572246017
1450146002002972675
1450153112078102534
1450154677299974146
1450156107666759697
1450169451928817664
1450170714896551941
1450183538016280579
1450185581309435916
1450196843787399173
1450197544278036480
1450230900885753856
1450268532474712065
1450277030595993601
1450308820937236488
1450308829602672648
1450312969707933697
1450315917154394112
1450318959912366082
1450331076665090054
1450342743125872640
1450346444578115584
1450348684768546820
1450352183413653505
1450356437515911169
1450371953177423876
1450410715513167877
1450446272029069314
1450456892166348810
1450457102506500102
1450460451918204937
1450466024592191492
1450480738927722499
1450481759783514112
1450483799960145920
1450484837568024578
1450530349906153476
1450530972156399617
1450646434240364548
1450698920997240838
1450857072703131651
1451137744588001285
1450080121117806595
1450085175879106564
1450154538233733129
1450174975604711424