1449027754373042176
1449028120447750145
1449028851690983426
1449029903077101573
1449037443714408450
1449038803159506954
1449039631123615750
1449045190262419456
1449046082055557127
1449046216235360262
1449051269671256074
1449054088293863427
1449054900923555846
1449061257357692930
1449061610845134848
1449064099145400321
1449064395384913925
1449064764777238532
1449064820297273344
1449066796930248706
1449068527583830016
1449071492562444291
1449072588051865608
1449076220822528000
1449081981883539474
1449153083687247872
1449158850024706053
1449182220451598339
1449196874343325696
1449232796195512323
1449250056410853378
1449269097355677698
1449468947770736640
1449500833587007491
1449526484985602050
1449526634848079874
1449727825532145672
1449846572385280006
1450081230486007810
1450100986123522063
1451172832285708295
1452331411181031435
1449032084157128704
1449044752230490120
1449048884521623554
1449050309297418245
1449058278730731520
1449059310202343435
1449036273352642562
1449039171478228998
1449056753883230215
1449072939735961603
1449099982708019205
1449102462288384010
1449036957946896390
1449037423464402946
1449038369699287045
1449039939602092035
1449040426577510400
1449041455670906883
1449041520716247047
1449041789378301959
1449042616721436672
1449044877606412292
1449052492319318021
1449053574952931332
1449063106076979202
1449067304482971650
1449255175282102273
1449041008725950466
1449042052768014347
1449053145842208774
1449080230237204480
1449095747165724674
1449158717757431809
1449185795252887555
1449187257559265281
1449191006910484482
1449194517849001987
1449206137736220676
1449341160707792897
1449377476485001220
1449847205150482437
1449995962320052226
1450099712418271237
1450104906149421058
1450156649189085190
1450253109180108803
1450317956622209025
1450427601630154756