1453859116871467011
1453859295896821760
1453859482354786304
1453859525677752327
1453859955480485893
1453861365001510913
1453865645007908866
1453865828663824384
1453867365666598916
1453867790281191424
1453869357189189635
1453873618513891329
1453880983007158282
1453886687159848970
1453887994042073088
1453889239603687429
1453893153270861829
1453897584297201667
1453898820383739907
1453911658393333763
1453993107305865216
1453999200572624899
1454062022908432391
1454086661285900291
1454094165525110792
1454099525283590146
1454101436069986314
1454128703760437257
1454128935126642690
1454132754015141888
1454155036607582214
1454202854365749251
1454297153027903492
1455251070649872385
1456118730040119302