1453059425170690052
1453059647812759553
1453059786895880194
1453060025967169547
1453060547893674001
1453061505780441096
1453061902993530880
1453062033444835332
1453062604612571147
1453067061668757516
1453068052388532236
1453069721113333768
1453073455059030018
1453079976933158914
1453083237878730755
1453085422842679306
1453086441098125318
1453092717609766914
1453095463381516290
1453100370364968968
1453147373786390533
1453163263324303360
1453180106441203714
1453255303231856646
1453395225469149184
1453412074281971717
1453462226376040464
1453472243246305283
1453700733572947969
1453070876660969476
1453085095133331457
1453072542990692352
1453087303568609289
1453125183582060546
1453140121981685764