1454146702445789186
1454147192822898688
1454147895201091586
1454149646037684229
1454161307809239044
1454205251159052292
1454342491164090368
1454533332654505985
1456323210157297672
1454165313138929673
1454239567117180931
1454342497979838464
1454148415970070533
1454148418977374208
1454149545353523201
1454155568998805505
1454214532923019270
1454249813923569670
1454250265037656064
1454391973331210243
1454475103878750210
1454150803242070017
1454277764182417412
1454390940437827587
1454488443728322561
1454958615757041664
1456237179651383296
1454151387646996487
1454152191787339785
1454152208182824962
1454152310838345732
1454152507417059329
1454152599977013251
1454154091299540997
1454154111205576705
1454155550707572738
1454155892543393795
1454158904770789376
1454167533657919494
1454193448748081153
1454221050204483584
1454222576562184195
1454231311703552000
1454238669452333062
1454242624685096966
1454289963885809664
1454299957159026697
1454301479020503042
1454304009590755334
1454313992294338560
1454320185448419331
1454342645279510535
1454407148650352644
1454419598544183296
1454429236186517508
1454430611989430274
1455042749498118147
1455042906931216386
1455044025367543811
1455044636095893504
1455046692747763714
1455046843369394177
1455052187684327426
1455067578754387969
1457016056640311302
1457556854045769728
1457880305616838657
1454155467161210887
1454156258240565248
1454156314762956803
1454156324120547344
1454191473629540355
1454197700296159235
1454342509451165696
1454495528985632769