1453404408386097152
1453404858459906053
1453412558874951682
1453417191743922177
1453423436777377800
1453436743814983682
1453488534015315969
1453500124257210368
1453541451003006980
1453549770828513283
1453601321966317570
1453617637771067395
1453654166199484418
1453402713589313543
1453408424453189641
1453617641512439811
1453404390887501828
1453404552204541957
1453405252837941254
1453405269615054856
1453405280243384320
1453405436380688393
1453405502805876742
1453405740710830086
1453406001600745472
1453406047683571712
1453406200486252544
1453406389783650304
1453406512358072325
1453406744776957961
1453407074667450370
1453407106833403904
1453407152828203017
1453407371846250496
1453407477765050372
1453407705725554694
1453407828006383619
1453408364717879297
1453408457856454656
1453409660644601858
1453409885098479618
1453410655671881738
1453410891316310022
1453411532813967363
1453411633737310216
1453412017700839427
1453412363168727042
1453413649146531844
1453415231330426881
1453415833217032192
1453416562241818625
1453418106777489411
1453420031518199816
1453421300718964741
1453421655754149888
1453424424615514115
1453428308868091906
1453429991031459840
1453430873429135361
1453432259453730821
1453439346653212677
1453442374588268544
1453442828655214592
1453454769864036359
1453459531145662474
1453460684843352065
1453463264998928387
1453528053372502016
1453529384308994050
1453530140491886599
1453532166424457228
1453543760764227584
1453544097717784581
1453544590313730053
1453551388630290438
1453561642298449922
1453563191745732608
1453566262315999235
1453566900454166529
1453572328474906629
1453576480919744513
1453583134537179139
1453586859204833282
1453594269353082885
1453596323937193986
1453598837029752833
1453611086998130689
1453613140189409285
1453616878048317444
1453617969481846785
1453622075399159810
1453628046120980481
1453658994241937410
1453667321176752133
1453670208393076739
1453675939305508873
1453693985889742849
1453697414217433091
1453708073143390214
1453727568574644224
1453984403558830081
1457883209274839049
1453404392556843014
1453404394544934912
1453404891486040073
1453404892177965060
1453405001406091272
1453405372862058508
1453405401052028937
1453405623102676993
1453405986065162250
1453406068789239811
1453406244895604741
1453406481399758849
1453406747423477763
1453407310697598983
1453407793432592389
1453407917848371209
1453408170622263308
1453408351862198275
1453409033977618432
1453409691514519557
1453409747319894018
1453409803267567627
1453410085955375121
1453410443259613186
1453410902053634052
1453411325917351937
1453411371748519939
1453411541659701250
1453411552904708101
1453411620877598720
1453412081626189834
1453412338598481920
1453412353312178182
1453413232874430466
1453413829375709186
1453414245983531009
1453417542282735622
1453419443699138563
1453420016108380162
1453423714343665664
1453424229676773376
1453425233243697152
1453428082082291720
1453428814827200522
1453430879959740416
1453431281472008192
1453433033844011020
1453433977524527105
1453434863000899593
1453441157300580358
1453447407560269828
1453450591074586626
1453461582625660929
1453532707288277004
1453554649408147458
1453555820717740036
1453599054688972805
1453617972438777856
1453617974548606977
1453669182831202305
1453405580215783431
1453406178201927680
1453406948490027010
1453408723523747846
1453414107571363842
1453414721428754433
1453419214564466690
1453471356587180032
1453492025387532290
1453552757852360708
1453552864215724032
1453617977824321539
1457883282461249540