1453750766699679754
1452646854156554241
1452646915062046725
1452646918660706307
1452647354499219463
1452647363965857797
1452648356765999117
1452648995277484044
1452649243655786499
1452649261200465933
1452649300282990611
1452651726746619906
1452652126417653761
1452652478634201089
1452657556069912582
1452660319701061635
1452661197967400976
1452662434422923267
1452663694404595714
1452669923977834499
1452671157384122387
1452671888757432323
1452672589898207234
1452675075157549057
1452677358356422657
1452700990482751488
1452718196415504384
1452732211434774538
1452803322822283267
1452830201772007427
1452893108308520966
1452896883542736896
1452904024693374977
1452906093772820481
1452939384458784775
1452961509684875269
1452965660384972800
1452978658965086211
1452989541141385218
1453143176542363654
1453219689916682241
1453236774931664908
1454878220323631109
1454883736076627969
1455002298011164673
1457883988245110785
1468720108415635458