1451596985102966787
1451596993944563719
1451597135749607425
1451597302423080960
1451597331770617857
1451597899465478151
1451598123802009603
1451598210435371010
1451598303276126212
1451598442309029894
1451599716240662532
1451599936613650435
1451600072874106891
1451601243290361866
1451603050880061443
1451603622484226049
1451604947716526084
1451605366400290818
1451605424847810560
1451605905330614278
1451606638905995270
1451607039180898310
1451608311695032325
1451608992136974339
1451609040962797568
1451609305489289217
1451609576235683845
1451609713066577953
1451610114528530434
1451610183873015812
1451613871677001730
1451613985900478467
1451616897376657416
1451617600279130115
1451618338048598021
1451618604273868807
1451618892300816385
1451622875304054790
1451635174962184192
1451646891154817028
1451650703609368577
1451654014895075332
1451662702741446659
1451662891162214401
1451663147115466752
1451672049454391300
1451676938804793357
1451682673135599628
1451683569227735043
1451683878599528454
1451691588875341824
1451704726760853504
1451709395889532928
1451715135937069056
1451764258107133953
1451805705443454979
1451820137242185731
1451854553322713090
1451857155640995840
1451898756924952576
1451903724033613828
1451913416801652739
1451913708393963520
1451916211520827399
1451922721118560261
1451926598597455872
1451944170323648515
1451951217890893835
1451952918991679490
1451966006809739264
1451980716854497280
1452023277124210692
1452037318135615488
1452114444503244809
1452114481719427074
1452115739570315267
1452119360802279425
1452140738003750914
1452222051096403976
1452246088350633984
1452303474687873036
1452355782880673796
1452360077243994124
1452360943422296073
1452374706762371072
1452473463587880967
1452474677637652483
1452489812066320391
1452633222014283780
1452637932435632137
1452646409992347649
1452654701288304642
1452667833947545603
1452734996364423168
1452807861285838854
1452861532791087105
1453045640464830471
1453049743999967240
1453071188989784071
1453232241845362688
1453436581549944843
1453702216846614529
1454089938467708937
1454106070696214533
1454402446797721603
1451668637215956993