1454521261846106112
1454522145443360778
1454522267736559616
1454523289557258248
1454523311153635329
1454523476493152262
1454523616989745153
1454525132026880000
1454526623554932742
1454528383216390148
1454528539361886212
1454531248668299265
1454534821196279811
1454536093655838723
1454538101209116685
1454547025060679692
1454566038184603661
1454574112869920768
1454576453878755334
1454577012878761986
1454594110636052481
1454657588096733199
1454707066648596482
1454808707049664513
1454843766498414605
1454845718078783490
1456498994910220290
1456692877871001602
1456694629588422656
1457881747111120900