1446653372845764611
1446573986448613377
1446574432693149702
1446579709677088769
1446582268722442240
1446582828590829574
1446584850316673025
1446594818390597634
1446645705251110916
1446732311832186882
1446849574845521920
1446861283547045889
1446911018190262273
1446946229733281794
1447104453857873921
1447258816068870153
1447594129161003008
1447614699298713602
1450794475639517184
1446574665330315271
1446575161621286920
1446645733357203456
1446804788574838784
1447176853219942401
1446579512578293766
1446606248875630603
1446617955526070272
1446645674351775745
1446655521415643140
1446658958614310921
1446689858118840324
1446732319805542405
1446881293585682436
1447032863367516164
1447040664139714566
1447533274184753152
1449030597456719876
1451607633836785667