1289206949712560129
1289180206956048384
1289180611484110849
1289181062241955842
1289181447983525889
1289183855925174272
1289186058253430788
1289186733163024384
1289196874692358145
1289205046500921345
1289205586324647938
1289207301593653249
1289216575791222784
1289219727424802818
1289286851845472256
1289385777919483904
1289402522625437697
1289430171569668097
1289441118610796544
1289447581928443904
1289448375847329792
1289487281124978688
1289498341332549632
1289531085831966720
1289531295681277954
1289536076722339840
1289541784930906112
1289816190194315267
1289845704878223362
1289847109181554688
1289870308099239941
1289883564121534464
1289898498368983046
1289961484001239040
1290000895350992896
1290280191986548737
1290636108988944385
1291060792176128004
1291826449633226752
1294740975684853760
1297735131365605376
1289207986838294530
1289208035555057665