1283726730956541953
1283726839865720834
1283726974154932224
1283727602847539200
1283728169447677952
1283728894445715457
1283729309312733186
1283731319411924993
1283736214214860801
1283817122079010816
1283837032469368832
1283876601537626113
1284059112028778496
1284776881276035072
1284843380401418240
1284845823897952256
1284849709299847168
1284969141695217665
1284969808874938368
1284986993714229248
1285043594928291840
1285304238051123200
1285654152417288193
1285716990695538690
1285783143870496768
1285929662737195009
1286747993048100864
1287112804063944704
1287761206372179968
1287824162673659904
1288090250305306629
1288469997665300483
1288821186806157312
1290184144035577857
1290349977206755328
1291060620956012552
1291398972163096576
1291400951866171401
1292123873886994435
1292939616266457090
1293749235725283328
1301842382225379329
1302696502956097537
1283730151117742080
1283732431078481920
1283743899308220419
1283745137173172225
1283745172342415361
1283748713043603456
1283750256417570817
1283760494487060480
1283765607469645827
1283797181196120064
1284012227964497920
1284043225515393024
1284044281217454085
1284050295992078337
1284086690210967552
1284120966163951616
1284857566133182464
1284999103009533952
1285555399811358721
1285588938460065794
1285701840676454405
1285737912643059714
1285753326089494529
1285865210771845121
1285868258936131585
1286554966228971522
1286650341656858624
1300811620524986368
1300812006086389760
1300836323813724168
1300853395742392321
1300854317507805184
1300856427787857920
1300858562437091333
1300877189840240644
1300897033574846464
1300928032887042048
1300943333620031488
1300956546457915393
1300967113843077120
1300991152414433280
1301021200496300032
1301028167797276674
1301032060145070080
1301043569566732288
1301083452964589571
1301107408417292290
1301119008985370627
1301160384481517569
1301209416071606275
1301209664181481478
1301230609818320897
1301236956492251136
1301253561028759552
1301262880692674562
1301331587569770496
1301389816790167554
1301460260771819520
1301478494011092992
1301489797672902658
1301585875990712321
1301590568737398787
1301598068647829505
1301605387175686145
1301618578555310081
1301718085037031424
1301720295649099776
1301770849356136448
1301839560217899008
1301857473322782720
1301875630489952256
1301875706104877056
1301906900158742529
1301940782081937409
1301962407296806912
1301973432846946306
1301978655887970305
1302017126245359617
1302022939571822594
1302057308260896771
1302076680698294278
1302085532592332803
1302098608079007744
1302105693781209088
1302111510253035525
1302153393549447168
1302175878013571072
1302212563170545664
1302219586507616256
1302239467240075265
1302283439312375809
1302298723809099778
1302303879095365635
1302326736135368704
1302328678479613952
1302335791079862273
1302348358804271105
1302348937693663232
1302361109723336705
1302376545919602688
1302389580516204544
1302391728150736896
1302391861894459393
1302397621198180352
1302406392448520192
1302406952388120584
1302424234631733248
1302434157742690304
1302449199552892928
1302459049825374208
1302473316670738432
1302474771372871681
1302482535725830144
1302483750618574849
1302490369230278660
1302498980295778304
1302511051427262464
1302511092673982464
1302518892179394561
1302519418560425990
1302524231893356544
1302531889698402304
1302539774956367872
1302550349094453249
1302585777629605894
1302587043390816256
1302596937435226114
1302613703448199184
1302651204028305408
1302675157278961664
1302678135301832704
1302698666080296961
1302709337023012865
1302724345920401409
1302733651776540673
1302742468585091072
1302754779295170560
1302759497732063233
1302775285713195008
1302781517387702277
1302786760523608064
1302793409611137024
1302811330337026048
1302828263920734208
1302829043427864577
1302830686206910466
1302834575048138752
1302835288096608256
1302839661581144064
1302879528310779904
1302885048803307522
1302895019574153217
1302897352361930752
1302944981297123328
1302953831861497856
1302964980229251072
1302979100253073408
1283733378756481025
1283733761000185856
1283733862762381312
1283734138302935040
1283734431094714370
1283735313404362753
1283735673095294976
1283737262761619456
1283737815713447937
1283748364807483392
1283748473167384577
1283749635841024001
1283749845988249602
1283754224535457797
1283758313742708738
1283758838143946755
1283770062168559616
1283772124604379136
1283780940175675392
1283792774127669249
1283798075409137665
1283813063364243456
1283824823261696001
1283824953272471557
1283832305027620864
1283835525338558465
1283837837322981376
1283839381539880965
1283840291154386946
1283855446097313792
1283856636306583552
1283872839469154304
1283873329833635840
1283885556892487680
1283886747647119363
1283892623372099593
1283901573958008835
1283919551097384962
1283921002368569345
1283928107674722304
1283937415527309319
1283940640875859969
1283940991750160384
1283941412485177344
1283943458336645121
1283954581777649667
1283959346477449216
1283967191520473089
1283980275484176386
1283980460973068288
1283989537497088000
1284013164682772481
1284017895023038466
1284045268908900354
1284045985203855360
1284129672893267969
1284185948520161280
1284200137875763211
1284230470268530688
1284231968696090624
1284252599823134720
1284255351445942272
1284275618197254144
1284327820592926726
1284348981468753923
1284351535850323968
1284374840409903104
1284401205637074945
1284402447281266689
1284495371121700867
1284512131451203594
1284512399261790210
1284566544291450880
1284581354424999936
1284584080776916993
1284656188584599552
1284696836154855424
1284729060132884480
1284884788835495941
1284941685819047938
1284970391966846976
1284972233383981057
1285005049848979456
1285082585819906048
1285121332578004993
1285138999544176641
1285139080351592448
1285142364219076609
1285378011085156352
1285378313175871493
1285388559961059329
1285398640165449729
1285400710696370181
1285482488060493825
1285632163845677058
1285810142915764224
1285845646944026625
1285909384275476483
1285949245292503046
1285967694878003201
1286947398686670848
1287076742079881216