1278858112208965640
1278771119261134851
1278771272407801858
1278813220933959680
1279014442252951553
1278771840496910336
1278775526837104640
1278779931045044224
1278788395087454208
1278790923208581138
1278796602493132800
1278800684612292610
1278802093294391298
1278805771950710797
1278814612977311756
1278821467359186945
1278875880346062849
1278960004704407552
1279053817842196480
1279094524929642496
1279231870924980225
1279469452979920901
1280201510090166274
1278782056533811206
1278785542998507520
1278791628321361922
1278844384847335424
1278899514393460743