1283869680428617729
1283869739769425920
1283869747554258946
1283870143907540992
1283870352213291008
1283870931052625922
1283871314768322561
1283871476010057728
1283872491027542021
1283873891983798280
1283877329991802882
1283879089376342017
1283883421727698945
1283885002950955009
1283887401627086848
1283918691965513728
1283927961251581958
1283938866542649344
1283947725751496704
1283949255929901056
1283949360598982658
1283960908549513216
1283983585985388545
1283992003286634497
1284003458694156289
1284016393319583744
1284018932387479552
1284057988471369729
1284106470628429825
1284136165679837185
1284139676115382274
1284146848731664385
1284147184489738241
1284167145153105927
1284173357215363072
1284177107124473856
1284201777877979139
1284224682619789316
1285120946844688384
1285249959252590593
1283873799700717569
1283875837398454275
1283878142441029638
1283885854189117440
1283896763569639430
1283906229761462273
1283910659093065729
1283928069602934784
1283935284720173057
1283935514681376768
1283937356391694339
1283976191435780096
1284018668595290112