1278762088568143883
1278737580738203648
1278739229141618688
1282355315342704645
1282706411517030404
1282741866052501505
1278742693993209857
1278742853452267520
1278742987414085633
1278743411290488832
1278745168666124291
1278749518327099394
1278763439209447425
1278763603160694784
1278764684565512192
1278767381435875330
1278769499815190536
1278773370956513280
1278849459783233538
1278853532653719552
1278858167187800064
1278859534333644800
1278880551953301504
1278886046680276992
1279007197578625024
1279033257988939776
1279040417216909312
1279040564944687105
1279044213951410182
1279050631001657344
1279084348923351040
1279168492021964802
1279188435476058113
1279231893146345472
1279432660436373506
1279834776799793153
1278752030299959297
1278752185296343045
1278753104641560576
1278753942810136576
1278756073155883008
1278765265489203202
1278769444806778880
1278839489914380289
1278999804283179010
1279071174614568961
1279078227571437568
1279107477007671296