1288929806957019139
1288932417760362496
1288942914844995584
1288984663684534273
1288992504566734849
1289040744028737539
1290408924340989952
1288934252906651648
1288935006035824641
1288935250207346688
1288942389889863680
1289118421339316224
1288939552833507336
1288939927657275395
1288941475015921669
1288942313973010432
1288942372450193409
1288945913273229314
1288949393983303681
1289006415865151489
1289009790463680513
1289163333342388224
1289264449040216070
1289862264976072705
1290023615031779328
1303723821350830080
1304887087741665281