1282959161832148995
1282960470362787840
1282962510598082560
1282963631609651201
1282963711284715522
1282966618512007168
1282970221020475392
1282972859791364098
1282973503927582720
1282977002744508417
1282977905740398592
1282979302171127810
1282979645713862657
1282980248167100416
1282980966466834432
1282981256490184705
1282982025499160577
1282983404468723713
1282986772004143105
1282988506789425152
1282989966881165312
1282990328283365377
1282993041943351297
1282994322539872257
1282995852202725377
1283000474422120448
1283009370654040070
1283013384250720259
1283020930017628160
1283021408482754560
1283046636558733317
1283046825554063363
1283063175756361728
1283063930894475265
1283071114831368193
1283076466683588614
1283092207814078465
1283096208903479296
1283105327328747524
1283108119854428168
1283110377761517571
1283162911381180416
1283167592610398209
1283184201366478849
1283186143253716992
1283188744141578240
1283191672055136256
1283195044888027143
1283199598618697728
1283230191926403072
1283237846719934464
1283252900005851136
1283269760600268801
1283279090443640832
1283280570584195072
1283288808583131136
1283295460308869126
1283311181252358144
1283339459459784706
1283384979020447744
1283526563519135744
1291353163111464966
1291879307212722177