1289309261550346241
1289310373120630784
1289314349681528833
1289315100097048576
1289316517226700800
1289316731328925697
1289318330021511168
1289328982727561217
1289337337898348545
1289459744734769152
1289632231502352386
1289648622703800320
1289723035851710465
1289723910196363264
1289733771822903297
1289983151721218048
1290033744116514817
1290097501970632704
1290120892844896256
1290148210372050946
1290191872980262913
1290192117420060673
1290232331903488000
1290302069404909569
1290533724417744897
1293461726797737984