1280135055482986497
1280127732396015616
1280128148424843264
1280128646490083328
1280130501320286208
1280131340696989696
1280132295882571778
1280142949460967424
1280146540208828418
1280159126673166336
1280162179967102981
1280221026434060288
1280452019329871872
1281157216381341696
1281495595270770688
1282492258936225793
1282714075680649216
1285713551487836163
1285895936938582016
1285905327326670852
1287853716184301568
1309503681306529798
1309567732392685568
1309569258976718848
1309570924530864129
1309576600204324864
1309644592589860864
1280171126791049217
1280194308771987463
1280250067559972864