1288173498452439040
1288187632812544006
1288187680635998209
1288184025266434048
1288184057440985088
1288185246878400517
1288185364612513793
1288185686642884609
1288186356859121665
1288187519956160512
1288188493064175616
1288188534717906944
1288192041902641154
1288192331057831936
1288192767047479299
1288193647049994240
1288193931545645057
1288206439983570949
1288207141204000770
1288214786862276608
1288237357066584067
1288253876567715841
1288254746332209154
1288267592864419840
1288273071409946631
1288275658456600578
1288358363886235648
1288370504416538625
1288459776087560193
1288518378865537029
1288534470929395712
1288658641399230464
1288800849087664128
1291182584454680576
1288300460164538370
1288303198567112707
1288307555664572419