1286768439596650499
1286768763648356352
1286769089747324928
1286769095170392064
1286769452776906754
1286769471529586688
1286769525484957696
1286769614760873986
1286769664224305163
1286769786198712320
1286770553295114240
1286770562346483719
1286771405585911808
1286772206631112705
1286774957628952579
1286776489359183873
1286776720960479234
1286776731735486464
1286776745899614208
1286781681823875077
1286786902863953922
1286794952689647616
1286799972890030083
1286808324005036033
1286841001655640065
1286873768095350784
1286882089930039296
1286902033706962944
1288160135437672448
1286770338341289986
1286787322718060544
1286827890361937921
1286997226179395584
1286776493776031744
1286797170608406528
1286818612276273154
1286829841073963008
1286841874636996611