1278263284966318080
1278263297297563650
1278263754233466885
1278263776085708802
1278264271562895360
1278264345726717953
1278264430980022277
1278265084993843200
1278269606939865091
1278271136934039552
1278271878768005121
1278281681678417920
1278283911504723968
1278284257115336704
1278285288821800960
1278287469117607937
1278288287199887361
1278290233734250499
1278293558781337602
1278293949581385731
1278295287333818368
1278297082940534785
1278297719770152960
1278297883624628224
1278298113694982145
1278303834864062464
1278307602229874689
1278311209482113024
1278311603251957761
1278313165181325313
1278314650233458689
1278317647327887362
1278320677892784128
1278334458223984640
1278334732812587008
1278343838961225729
1278344943812202498
1278372034859261953
1278497079686504453
1278517504000708608
1278522907967266816
1278587185806049280
1278920245143470081
1279013741909217281
1279030703993151488
1279428578191577088
1279431108468359168
1279513736554754048
1279837742759723008
1282721393210281984
1299060128604393472
1302378150345678849
1306027088684765184
1306028323823382528
1310163470504075265