1281607538061058048
1281608246168559616
1281814215897092103
1281945938546827265
1281612297740455938
1281613333926477826
1281617414199926784
1281618297679687680
1281620317618597888
1281652106609352704
1281665410958409728
1281666786606362631
1281731965448712192
1282182891733168128
1283477936650121216
1281612218698629120
1281612526443257858
1281613366407168002
1281614035033751560
1281616136266629121
1281616216055001089
1281616366554865666
1281617859672551426
1281620221585960960
1281623626756829186
1281628572017254405
1281641981224144900
1281652113534140417
1281723807594696705
1281753860999086080
1281755957228376064
1281775793463410689
1281788013081530368
1281788022921412608
1281791642249428992
1281813021027733505
1281821342724231168
1281840434554126336
1281844202301775872
1281847243386097665
1281847984582361089
1281848019340550145
1281848891722235904
1281855291055890432
1281862127595204610
1281863016959619072
1281876048515235841
1281977001033846784
1282046194533847040
1282156022828851200
1282164096800964609
1282205393435766788
1282232050364252160
1282303187643441158
1282310939208028161
1282315121344360448
1282374340185653248
1282418493426741249
1282474278714314758
1282483908882214912
1282624141540163584
1282678582095908865
1281612670458896396
1281615843873492993
1281618687196200961
1281637574700924928
1281913620918611968
1281612942102978560
1281618148756566018
1281619957566996482
1281613581964898306
1281615074977878017
1281651188878831617
1281793580189626368
1282080798670295041
1282738628511268864
1281613727696146432
1281614692172136449
1281615254204669953
1281614802947911680
1282547455632896000
1281614806290780160
1281615805394952199
1281615958373806083
1281616045804007426
1281616233297842177
1281635337769369600
1281616454073425922
1281616519231942657
1282470931747803146
1281616675088064517
1281618533143764992
1281881165817876480
1282018814129889286
1281617284415598593
1281617629535494149
1281638176872787968
1281641363650473984
1281643045067399170
1281643460408164352
1281644367568990209
1281645280375398400
1281645889103093765
1281646663803658241
1281646713556447234
1281647332182724610
1281649610566426626
1281650778269028353
1281650932099342336
1281651418105999362
1281651967727513601
1281652269671313408
1281654057065562114
1281654496255373312
1281654975148376064
1281655094828662785
1281656334048362496
1281657710061076481
1281660943525531648
1281661883523534850
1281662516800581633
1281663981795434496
1281665457158840320
1281666064787505153
1281668111402442755
1281668892180443136
1281669537583083520
1281679014919372800
1281680237122613248
1281687980428668931
1281699838401433601
1281723162279854080
1281747787890061316
1281751439874748418
1281757223593672704
1281758180658339843
1281758490462060544
1281761580233809920
1281764123643011073
1281764455748001792
1281771790574837760
1281773781883576320
1281773867850227712
1281780540132093953
1281789636877008902
1281796107119366144
1281802803321516033
1281804762770542593
1281805718815817728
1281809292174057472
1281810860478881792
1281810987608207361
1281812288287068160
1281812454138232832
1281815884512653312
1281817919685488641
1281825343817441280
1281829480470679552
1281829547592134656
1281831052713975808
1281832805551374336
1281834274442801152
1281835137911541761
1281838543833186304
1281838762343845889
1281839738777821185
1281842846257967104
1281844532242456576
1281850337423290368
1281851554631315459
1281851890624425984
1281854228848242689
1281854327284355075
1281856957205237762
1281857435171340288
1281867175003688961
1281872165608935424
1281872291895414784
1281873024388435968
1281875303065886720
1281879057273991169
1281879811992899584
1281880330094485504
1281880742935400448
1281880868361928704
1281881081893941248
1281888850969718785
1281890502107901952
1281894861629583360
1281896383901954048
1281904172095266816
1281913248669855752
1281917155231928320
1281941295989051393
1281945052864905217
1281965396246040576
1281999575356551168
1281999782966370306
1281999841850097664
1281999851803176961
1281999877069627393
1282000439710343168
1282000582027300864
1282001529667346432
1282001919657906177
1282002440418553857
1282003231812448256
1282005496958869504
1282005987994423299
1282007666173173760
1282007770942763008
1282009696006635525
1282009938827542528
1282016071105429504
1282016377289584640
1282019238643785729
1282021943567282176
1282022807853871105
1282024694330335234
1282026162730881024
1282028171697762310
1282035080291061761
1282043653330841603
1282049994493579264
1282059595599319040
1282060405691437056
1282061705133076480
1282068000800043008
1282069209594437639
1282086833833127936
1282125932229087233
1282134010999631872
1282135957492252672
1282137433463615488
1282140684649066497
1282141400977469441
1282141627574661124
1282147789279948800
1282154278061109250
1282161400043823104
1282162515745464320
1282163287870697473
1282163484378054656
1282169293006704641
1282172146869956609
1282179503280750597
1282180425687773184
1282190353164939265
1282192344780079105
1282193369213440002
1282197026810163200
1282198546360307712
1282199622681792512
1282206955289763840
1282209513635020802
1282231352377524224
1282246122019475456
1282255932848627713
1282270151434334208
1282284213136355328
1282301393345236995
1282324509949714432
1282336008080482304
1282625805328060417
1282645485237370881
1282793346566467584
1283025498071687169
1283110365182570496
1283288149653766151
1281617702247976960
1281687322514337793
1281753520832606208
1282350697174888448
1281836353848631296
1281841664286322688
1281625556405059585
1281618634947911680
1281633559455977475
1281716328462680064
1281752497472671744
1281974166661390337