1286710959462129664
1286712038522224640
1286714714475634688
1286715070739873794
1286716254523461632
1286721421511729153
1286721541179416576
1286723249083232257
1286734357122756609
1286741063676448771
1286743110907645953
1286760714032603149
1286764572423028736
1286765653802745859
1286775268011581441
1286793472398131200
1286820814894108672
1286825730228326400
1286900532095975424
1286966990092087298
1286976797129793536
1287012179166867457
1287043867817259009
1287116659237490695
1287533898184839169
1287671179591860229
1287743934517714947
1287746077488078848
1287769238514610176
1287972019540242433
1287995125130358784
1291557873672060928
1286951875430891520
1287012892567572480
1287016025746100224
1287079032090054663
1287331802995204096
1287935878162194432
1291176821539692544
1292848905986740225
1286711421854789633
1286711787476393990
1286711913141940225
1286712723036749824
1286713111521763332
1286713310885195776
1286713318401404933
1286713866278391809
1286717659355197440
1286718678810025984
1286721248135979008
1286721630652239876
1286721969443024898
1286722315225452549
1286722638556012544
1286726342743068674
1286729207813464067
1286733153453912065
1286743789923688449
1286747013103509504
1286751116189937666
1286751875916804097
1286755609509892096
1286762476302934016
1286796013861326849
1286798085461598209
1286801773571653632
1286803689341100033
1286808993130635264
1286819583131820032
1286824917015691264
1286835801880440832
1286846240366440454
1286848666653855744
1286855033544273920
1286857057619116032
1286918656442527745
1286926742402347010
1286934237283786755
1286961981824675840
1286972560303947776
1286973534644961287
1286974384612114438
1286978453326237697
1286980294021652482
1286981633556590592
1286984727673675778
1286998717195784192
1287003410747871232
1287005631652790274
1287033545257553920
1287052495257309185
1287071436125937667
1287111907481137153
1287126809629212672
1287139814060576768
1287140181573873664
1287141859504975872
1287391709236572160
1287439130205597697
1287801237660983304
1287860461095059457
1287878032015781889
1287934574371037184
1286711674385453059
1286712446015561733
1286713155238924290
1286713162981572611
1286713282636779520
1286713838562357248
1286713847924039681
1286714649048518656
1286714820486524930
1286718838214504448
1286719584222011392
1286719954037874688
1286720438819856384
1286721451744256002
1286722453729955840
1286723221199478784
1286725041162354689
1286725343663943682
1286726160890703873
1286726786143879168
1286732331282305024
1286732460903075841
1286735836000579585
1286741676833288193
1286741869062488066
1286745448363909121
1286747817629884417
1286749397498433536
1286752799288483840
1286786153371193344
1286789391294386183
1286798755841351680
1286799306058428416
1286803236914069505
1286806277260115969
1286827026993872897
1286836036144893954
1286840490235768839
1286850766129381376
1286851148339490816
1286888142180700161
1286888376843591683
1286924611435868160
1286935306613137409
1286992159711932422
1286999802291658752
1287102918613774341
1287214332439404551
1288051487118155776
1287030722402820096
1286723909597896704
1286723955911524352
1286723966908784645
1286724039583686656
1286724270618316801
1286724340936052740
1286725719767179264
1286725924952707081
1286727956207792130
1286728384559624194
1286733161033072641
1286739972943302656
1286743009594408962
1286745136551071745
1286748852196958215
1286755580158386184
1286759648565923840
1286765622626410497
1286765650862579714
1286766385339736066
1286767505034403840
1286767912225824774
1286780004764975104
1286787180795486208
1286789906480738304
1286803416346435584
1286807049473531909
1286816503053025281
1286989837409673217
1286990507315466245
1286998963837706242
1287018739649699840
1296192529939992578
1296193973199892480
1296216205909299200
1296222799275663363
1296235747603750912
1296358931472752646