1283131936727130113
1283131957862424580
1283133240954494977
1283135920896479232
1283139729345490945
1283162366591500292
1283349050432147458
1284837768976388096
1283135325565603843
1283136545894137856
1283150033215528962
1283223376476033025
1283244792227528706
1283269597433597953
1283426812396265472
1283137636341673984
1283138024780554246
1283138059983257610
1283244922368331778
1283246492652916741
1283252648469303297
1283913775133990912
1283139180046974979
1283140090307375107
1283343165601308674
1283393502139879424
1283412982232309760