1283394688498765824
1282966626548117504
1282681723566923778
1282682227009171457
1282682307074293762
1282683121599750146
1282683201002123280
1282683477117284353
1282683724262518784
1282684238878236672
1282684571822231553
1282684661785923584
1282687725754351617
1282688511053664257
1282688816709427201
1282693304870731780
1282699256504225798
1282699784218800132
1282710333036154889
1282712715212054529
1282714867762262016
1282724246142124032
1282729664570482689
1282735592145469440
1282737109502242820
1282738136985083904
1282746743961124865
1282752633678135296
1282760878849392640
1282762053078392839
1282766579911004162
1282766964545523715
1282834556647886850
1282871701538103302
1282878140449161217
1282896145815986177
1282899236351119360
1282907889779175425
1282909144224157697
1282921579853291520
1282929783333163008
1282939421738893316
1282944959251910658
1282946360883335168
1282952281558835202
1282967474267475969
1282980286972608512
1282980648463073281
1283001363107110912
1283049430707507200
1283068123873239041
1283168202978209794
1283302015431520256
1282681882031816705
1282841443762081793
1282878541600825345
1282983359958769665
1282682186685190144
1282682314800103427
1282757238785024000
1283029935376994305
1282682359922462720
1282682491967602688
1282682559504297986
1282682802908078080
1282704247298166785
1282682948911800320
1282685171641311233
1282683016939220993
1282683176939331588
1282683989157912577
1282932148543135744
1282932280193933312
1282683280211542019
1282683362151485442
1282684069076258817
1282685323063984130
1282700925703008257
1283018715970375680
1283042922837966851
1283068724023525376
1283081227604496384
1283099464572403712
1283184675943407617
1283319951416102913
1283383993170362368
1282683424281681922
1282683601751101442
1282831024532185089
1283049585422802944
1282683795729256456
1282684051229474819
1282687835271606272
1282731028042272768
1283005533058891777
1283005742182785024
1283006769728557056
1283008258563874816
1283009794081619968
1283009978966716416
1283012264908423168
1283013514014015489
1283014513864761347
1283014877611790337
1283016278865670149
1283016286948098049
1283016379705090049
1283018237526061059
1283020674122932225
1283023028259971077
1283024062634061825
1283030119603412995
1283032807615467520
1283037560122609664
1283038470546620423
1283041717395042308
1283041884303175681
1283045475155836934
1283046106532917253
1283051892600442891
1283063828687683588
1283066106555641857
1283066953591128071
1283072758763499521
1283073019485868032
1283075736430161922
1283088542374207489
1283090374999732225
1283098032796585990
1283100418881605634
1283119118300803073
1283143135359643648
1283150449999147008
1283152488154181639
1283173858380398592
1283176849275789312
1283225041635700736
1283258814632833024
1283275481853227010
1283282050603257858
1283307262967070721
1283330751195262976
1283352599262101504
1283358828092784640
1283693561855311872
1284366519388868609
1282684434588880901
1282778243213361152
1282812254812020738
1283031567011590144
1283107299343523843
1282684436182700034
1282692610692280320
1282732905316282369
1282912554197504001
1282941762500202496
1282950385875841030
1283026628403224577
1283099036061437952
1283111099039186956
1282684535772192768
1282692562067656705
1283011907947950080
1283014558349586434
1282692520367906816
1282695535477039104
1285183647163744257
1282685345352515587
1282719903066157057
1282785453847072770
1283065653541302274
1283205122680434689
1282685408971816961
1282686207856488448
1282685550835765255
1282701365450469377
1282686060582121474
1282686905918926849
1282692230826782720
1282920182982164480
1282929519435952128
1282962999712546816
1282686907525275652
1282926004185575424
1282942981964693504
1282954447119880192
1282967943748349954
1283010931086237696
1283011517999460353
1283011828516347910
1283011979519590401
1283012134830366720
1283013187504345088
1283018291573862401
1283024617121218561
1283031637966688258
1283033580420177922
1283035496449441795
1283038457934290946
1283046909486288906
1283051322724548614
1283074621101740032
1283078438136320000
1283083341235920896
1283089443939917824
1283095978208370692
1283107248634568705
1283129113960747008
1283248295914074115
1283330286328197121
1283534442959691776
1282687060340613123
1283009303868256257
1283105013158432768
1283208000354885632
1283208113613672448
1283208177023160321
1282687604530405377
1282688522789543936
1282690977128382464
1283039738027540480
1283154197421096968
1283201372725420032
1282689135291949057
1282689311171686405
1282712248075476999
1282757207180947463
1282851551736926211
1282953256336064512
1283067491334467584
1282688564933750790
1282688613084327941
1282688665399877632
1282688716021002240
1282688766570663941
1282688908828897280
1282688958837612544
1282689353274109952
1282690158291107842
1282690200750026754
1282700172141703168
1282700829078814727
1282704994257588226
1282837995255549952
1282846509965307904
1282977707718918144
1283368281177374721
1283677345455448064
1298072705971810305