1287927800746446849
1282740516136853505
1282742109146165249
1282742175860764672
1282742217224880128
1282742340260634624
1282742408833232896
1282742491394048002
1282742701306388480
1282742739226906624
1282742758483144704
1282742855648391168
1282743013513424897
1282743069331394563
1282743070132445184
1282743108007079937
1282743372340486144
1282743415160164353
1282743430981062656
1282743710875136000
1282743791602954240
1282744055068155904
1282744189265027076
1282744269522993154
1282744415665229827
1282744646561488899
1282744655294222337
1282744762534166530
1282744916058267654
1282744986912673797
1282745305222578183
1282745372172062721
1282745614611218432
1282745737810456579
1282745901358825474
1282745907214262273
1282746249142308870
1282746785920778240
1282746907375423492
1282746964199772160
1282747043417645057
1282747196757217286
1282747277560254465
1282747328562991104
1282747427469037568
1282748128723009536
1282748225393266689
1282748401050845184
1282748601979023361
1282748789594435585
1282748808162672640
1282749004917493760
1282749545835835394
1282749693227872256
1282750007897133063
1282751385671479296
1282752456808706049
1282753039552651265
1282753383422517248
1282753555854553088
1282753558711095297
1282754381721620480
1282755260071776258
1282758877969293314
1282759821561696256
1282764524987338759
1282765840534904832
1282765865541406721
1282766973399633921
1282770425752309760
1282770735631663104
1282771452551405568
1282772006119907338
1282772132502462464
1282772157106466818
1282773744948146177
1282774921496625152
1282775148089704448
1282779170800640001
1282779827242754049
1282781397644648456
1282781687928311809
1282782270118486016
1282784123476729857
1282788800943595523
1282788940269985792
1282792198338048000
1282793126097154049
1282793817087733760
1282795192567963652
1282797780277366786
1282798862621696003
1282798988383727617
1282800939703906304
1282801262908637184
1282804735171375105
1282806589314019328
1282806765067939841
1282806843757207555
1282807150889369610
1282807502762016768
1282808606501466113
1282808811888107520
1282809326541955074
1282809797461651456
1282809855531798534
1282810220847206412
1282810287519916032
1282810452402028544
1282810807579930624
1282810861346643968
1282811491385827334
1282811688622993409
1282811810035294208
1282812263326507011
1282814687034380298
1282814763605594113
1282815660561580032
1282816348251320321
1282818236707307520
1282818668225855489
1282818860148617218
1282820958403821569
1282821172502106113
1282821293486804992
1282822705008578560
1282822783022620674
1282822883442438144
1282823592099508224
1282824301213818880
1282824485754810368
1282824959937712128
1282825876887961600
1282827182931210241
1282828544050110466
1282828910053351424
1282829888383311874
1282830580430692352
1282830697342709760
1282831584102625281
1282836225318178819
1282836632425697280
1282836762247798789
1282836870850740225
1282838196406165505
1282840792021770242
1282846934412128256
1282849137034096640
1282849947780550656
1282850315428147201
1282850710921646081
1282851329409536001
1282851874773884939
1282853153252270081
1282854705891287049
1282855183635152900
1282856668267778048
1282856807279411205
1282858031559081984
1282858761921662976
1282859213933314050
1282860339680477184
1282860502918615041
1282860866870943744
1282863405666377728
1282863964641091584
1282864259907682304
1282864327184261122
1282864414824239105
1282864415637823489
1282864579090034689
1282864608617705472
1282864621175451648
1282864884666032128
1282865132268388359
1282865481859440640
1282865491959316482
1282865862295388160
1282865896264880128
1282865925197312009
1282865975692390400
1282866018906304512
1282866072480133121
1282866403247140864
1282866416602021893
1282866566862954497
1282866844093865984
1282866990709903361
1282867120833888256
1282867427248705539
1282867514679189504
1282867616168771585
1282867816950124544
1282868080918409217
1282868406144958465
1282868475766210561
1282868492241428480
1282868542187110400
1282868622281646080
1282868743639531523
1282868999831814145
1282869070778572802
1282869080265912321
1282869406914220034
1282869524480614400
1282870468324671488
1282870547764789248
1282870689918222342
1282871037739388930
1282871063081254914
1282871097193492481
1282871931369410562
1282872357254844418
1282872711266611200
1282872737623609344
1282872754023337986
1282873102419075075
1282873307419811840
1282873651390373889
1282873848778633223
1282873907666534400
1282874037157285888
1282874054492315652
1282874142568538119
1282874367983128578
1282874412333535232
1282874715950862337
1282875316025753602
1282875371461976065
1282876704067911681
1282876877632409600
1282877258194194434
1282877343875432450
1282878890487291904
1282878990706003971
1282879062227193857
1282879640575631360
1282880311609536513
1282880530090844161
1282880677067796480
1282881024284860416
1282881330737491970
1282882111184048129
1282882128129282050
1282882422053404673
1282882602299465736
1282882698391035904
1282883021537005568
1282884779436892160
1282885106332467201
1282886229944676352
1282886666101747712
1282886960353357827
1282887270303858689
1282890462282620929
1282891573336903681
1282891673744244736
1282891683722493953
1282893365391036417
1282895847571652608
1282896787334979585
1282899277757296640
1282904407894441984
1282905410144399360
1282905540260253696
1282909194627059712
1282909567635140609
1282910318042255360
1282912179893817345
1282914583330656256
1282916504971784197
1282927157241688064
1282943343752654848
1282961738296635392
1282962537219227648
1282974142946398208
1282974556127465478
1282988051661119488
1282990697486921730
1282994598420381698
1282998763720761345
1283001640115724289
1283002270129553408
1283002798049812480
1283004225002385408
1283006460256026624
1283007190475907077
1283007743956262918
1283007974357774338
1283008058109689856
1283008506413699073
1283011811931979778
1283012586259329025
1283012604047360000
1283012604546502656
1283013002854191104
1283013242504327170
1283013791396110339
1283014131285663747
1283014470709780480
1283014555057164289
1283015058440589312
1283015372401250305
1283015428755857409
1283016853976121346
1283017163931082760
1283017649635708928
1283017734188662784
1283018841434533896
1283019390657744896
1283019768572907521
1283019772129456130
1283020494560735232
1283021223958585345
1283022327043837952
1283023400034881536
1283024234852294658
1283025497807437824
1283026458450046977
1283026558903414786
1283030710618599424
1283030728221921281
1283030824376508418
1283031507687350276
1283032040640847877
1283033685692952577
1283034959675088897
1283039435395866624
1283040479370776583
1283049178747346947
1283051313950007296
1283052118627188736
1283058389048795139
1283059253675261953
1283068691639234564
1283072364385898499
1283079240662097926
1283080822678065152
1283083186143199241
1283083668081319936
1283088865247391746
1283092384730042370
1283101808781676545
1283103666539360256
1283110893841190912
1283127141115150336
1283165768578789376
1283186827218898945
1283206682764599296
1283497905924571136
1284063564261711872
1285042207930580992
1285975070834294784
1286866084046548996
1297699950508244992
1298166234161262593
1282746311780032512
1282889501237547008
1282806735636316161
1282812003283763206
1282769074834079747