1284178596005908481
1284178976815157249
1284179291752861696
1284179401433690114
1284180713093378049
1284181791297937408
1284182680498835461
1284182989090566146
1284183951540719617
1284185088868089859
1284185138407104512
1284185275422449669
1284185520352960513
1284185633242652685
1284186980436320256
1284187521027538946
1284189480140800004
1284192323740602374
1284192892903456777
1284196379544428544
1284196843560345600
1284201320312954881
1284202822263767042
1284203580635791360
1284206148107763712
1284208086568271882
1284208103014240257
1284214492012974081
1284215287823446017
1284216177166778368
1284217669735112705
1284217753629425664
1284219477882806272
1284220339183124480
1284221060964134913
1284221628906430465
1284226754446610433
1284229510360113152
1284233423716941824
1284235349515018242
1284236210068692992
1284237684425125889
1284238176157040640
1284257373142556673
1284266089401085953
1284269855215022081
1284270535287861248
1284276695646732288
1284295182125608960
1284295445318119424
1284296845364166656
1284297554381987841
1284300326733058048
1284321831995035649
1284324071413604352
1284332057288683520
1284363222099718145
1284363414450642945
1284375474794184705
1284383630823833600
1284390332424228864
1284392325695799296
1284397273720459265
1284410330685288448
1284424073221677056
1284439222242484224
1284448822949826560
1284451385451450368
1284451839149330433
1284455131178831872
1284455658922872838
1284465627932119041
1284465712011018240
1284467898837282817
1284468359304753153
1284468820535640066
1284482452220784645
1284489173743931392
1284504739774820353
1284515012703215616
1284515385929277441
1284521798835437568
1284530045386555392
1284530137183264769
1284531508737454081
1284536669849477121
1284537884024778752
1284538693508882437
1284538756377305088
1284539242484400129
1284546482054541316
1284565755707760641
1284566273310031878
1284568292913565696
1284573850991116288
1284575368641380352
1284592356080197633
1284593189853290497
1284607358077992963
1284607536331620352
1284607643487739904
1284644339453431814
1284818151365017600
1285717746169319424
1284200309494030337
1284215203425652736
1302963826091008001
1310196392338640896