1288869014794645504
1288871836973817856
1288874986736947200
1288875545178988545
1288882453063630850
1288886818868547584
1288893521676689418
1288894325032542208
1288907817429143554
1288925717032587276
1288942888659845120
1288956268808474626
1288957409206050816
1288999725920858112
1289010391490625537
1289101261069983744
1289205150381293568
1289220864278323201
1289281352135655424
1289526757767311360
1289527174018379784
1290347347835260928
1288875974059327489
1288876414674952192
1288876682070257666
1288882565349343232
1288890619516116992
1288893584784187395
1288904746024099840
1288913394028822528
1288921163889086464
1288922122644062211
1288925239502499840
1288930028487680007
1288933245967577089
1288940871476482053
1288941680578551810
1288950966834913280
1288959120595275776
1288964510158450689
1288969504005840896
1288969648571129856
1288969674235969537
1288969900183171073
1288970525440643076
1288970609242800128
1288970822502277121
1288971027914137605
1288971066782687232
1288971212761243649
1288971250833018882
1288971647484080130
1288971917559582724
1288971955748638721
1288972311434059777
1288972680805396481
1288972941758271488
1288973016878256128
1288973662868168710
1288973704857149440
1288974161633849349
1288975147702026241
1288976308211535873
1288981702602260480
1288982612606844928
1288986513586429953
1288988012542603266
1289000586168479748
1289001546412433410
1289004632686104576
1289005132936548353
1289008513209991169
1289008568008499200
1289008898251337729
1289026154272366592
1289027853061894145
1289028624797097984
1289033976615706627
1289057657806979073
1289174011734134785
1289268060730384384
1289270358785179649
1289386198478336003
1289579583872753670
1289641626877534208
1290201398949359616
1290217300616863745
1290356002731315200
1291365709428281344
1291391356007518208
1291712072762511361