1286377732478124032
1286380429415776257
1285960296822198275
1285961019920134144
1285962213115801602
1285962596504539136
1285963087447592961
1285963203860561920
1285969527302479873
1285970583147163650
1286005023168577536
1286097307579101186
1286098899581591552
1286100861840744450
1286148933690040322
1286164570260684807
1286176476774010880
1286222149829701633
1286226739610386432
1286229908671225856
1286298858818076673
1287357919609131014
1287383976143998977
1285966895779213313
1285968930549440512
1285981915854462978
1286059275316613130