1281178375365820418
1281178823640461313
1281179156521332737
1281179479218556928
1281180352736899073
1281180688235053057
1281180738457497600
1281181249151758339
1281181321557979136
1281182205209989120
1281182843255865344
1281182914210865153
1281183719584391168
1281184420016402434
1281185574318223362
1281187369081806855
1281187923380101126
1281192461906436096
1281197502776180736
1281198672634613762
1281202833124028416
1281205308405276672
1281212195343224832
1281213114034331649
1281221522884083714
1281237243890450448
1281276552823689217
1281342151155224578
1281367266936979456
1281370061127790592
1281488684316069888
1281641003884015617
1281899066675396610
1281178924370755585
1281179584663367680
1281185190925172737
1281236736266457089
1281178989537759232
1281179068612960256
1281179760786173953
1281192963822018560
1281179120307769345
1281204301965266945
1281179211152216065
1281179445131386881
1281179537901064194
1281180189104451586
1281197241949093890
1281179667806982146
1281196130496323584
1281222818823315464
1281179798711209984
1281179913123479552
1281179962544926721
1281180190673158144
1281180306398154752
1281197813242740736
1281180192011059200
1281180297040662528
1281180467182678018
1281180572598091776
1281180781461692416
1281180620601909248
1281181068104777728
1281181510452875268
1281189424429228032
1281181146517327872
1281182604813688833
1281181667483430912