1283061840570978304
1281641252526710786
1281645580159119360
1281637028237578240
1281637170873237504
1281637401081896963
1281693789531385859
1282194270561148930
1281647485014941697
1281643634279030791
1281656292290048002
1281682792238194689
1281645584764436480
1281645660383653888
1281645831796318209
1281647648303280128
1281649103303131137
1281649965039644673
1281651158587789312
1281654320455389184
1281693717905256448
1281731911736602624
1281749540471799809
1281788377755516928
1281799061851516930
1281813855467909122
1281945773157081089
1281653333158027264
1281676182090645504
1281888792408924160
1282037260746133504
1282082064834203648
1282213201086578689
1282470389432684544
1282733196174659590