1280989109205565440
1280989708336590848
1280989745741467648
1280990653246246914
1280991376944103424
1280992916639346688
1280993047254167552
1280994758681387018
1280994929842348032
1280996721410048011
1280997529644138497
1280997652302184449
1280997677405110272
1281000198081314829
1281001628535939073
1281001708114632705
1281003016984973314
1281012391262617601
1281012453627723776
1281020326508285952
1281020942848843777
1281021802702163968
1281022873306570752
1281022952276803584
1281025422512263169
1281026853323456512
1281026873829580802
1281027087931932672
1281044575096836097
1281045630861934592
1281055379158376449
1281058319193407488
1281059752752136198
1281061074423418880
1281061166232399872
1281067311244476416
1281068535616360448
1281083971070234624
1281093736248668160
1281094171579879424
1281103436579328000
1281123305647292416
1281152078249787393
1281161239402610688
1281178221979951105
1281187298957197313
1281188530916646913
1281208093389590531
1281209217039257600
1281209816837431298
1281211326715572228
1281211708292452353
1281214078455877632
1281227311103303682
1281237943974150144
1281249961565396994
1281286174288613377
1281336098724118529
1281340175679979521
1281369540723703815
1281444845823787008
1281462355617079297
1281495496176005120
1281546276052578304
1281563686503690241
1281604580631908353
1281611841261764608
1281725100664991744
1281789830431555584
1281820944575545344
1281897675101790209
1281928837744467968
1282042243428175872
1282253200675004416
1282300591759331329
1282398357781192705
1282427976966078470
1282437419099394048
1282500689407512576
1282508671784755201
1282548512891297793
1282587261322887169
1282626414538194944
1282686912084484097
1282709776091066368
1282715097614503936
1282718273067290624
1282769699005173765
1282793141926375424
1282799168893796352
1282830504799043584
1282858644263108608
1283001833498304514
1283004091652886528
1283017864471957504
1283037471941570562
1283085983769153536
1283101879740792834
1283134561132728323
1283249628876546049
1283413567094620164
1283429413053509633
1283442516134637575
1283509235209445376
1283520979327750144
1283604214879576064
1283647143635415041
1283666157711560705
1280989645808046080
1280991779433648135
1280992665551507457
1280992745113305088
1280996536625893391
1281052358735265795
1281063263959085058
1281189429584048128
1281201532868988932
1281304901260369925
1281369007409500160