1286633390809190401
1286633584804212736
1286633719114215424
1286634878679814146
1286635079087734785
1286635409401958404
1286636856298414087
1286638764396367872
1286638862056423425
1286640278112272384
1286640870922412035
1286641146261889024
1286644347673419776
1286645072990265344
1286646177035948033
1286647600784052225
1286649825489047554
1286651104336515073
1286651868089929728
1286654219131338752
1286655305443495936
1286655475937878023
1286656711818977282
1286658368933974016
1286658502853877762
1286659028878270465
1286661689824485376
1286663105825705986
1286664693499572224
1286666918666145793
1286668452162424832
1286677595417870337
1286686957649694721
1286687976777551873
1286688743768961024
1286689742277488647
1286690241412100097
1286690568123244549
1286690715070734337
1286691147897663490
1286693248405299200
1286694242107170816
1286697665527455745
1286697849879592962
1286703785910337537
1286704577127911425
1286706728822685696
1286711339545538560
1286713077019418624
1286715307172573184
1286716003368435718
1286734642004074498
1286738627540574215
1286742719159848966
1286748873453535232
1286751423741538308
1286768952392253441
1286770621117071371
1286771153877393408
1286777428681998338
1286796130089484288
1286811314027999232
1286817986997878784
1286827378996662272
1287001271191339009
1287002389808132096
1287016902242512897
1287042667591893000
1287400211254575111
1288637086577438720
1288638335389503489
1288640295555354624
1288641611447009283
1288645534123790338
1288659533922009088
1288680007259176960
1295748638128447489
1286649134611443713
1286651523834040322
1286652563010461700
1286653799709519872
1286654036595421185
1286657031764684802
1286657940787798016
1286658081733193728
1286658441407344642
1286659369548087297
1286664555867897856
1286667620847169541
1286684205796282368
1286684214528622593
1286685589962731525
1286685821148561408
1286692788587896832
1286704292724789250
1286704439122972673
1286712936837328896
1286726110793916416
1286743060823470082
1286758004919083011
1286773942729035776