1288824597089939457
1288827045112406016
1288827951438430209
1288866078907666434
1288956348709756929
1288984966810935296
1289023717914247168
1289098967653814272
1289099559021371392
1289100255028318208
1289102906508050432
1289106249615839232
1289108065871187969
1289113131390652416
1289151169726541825
1289272147244810240
1289334310281940992
1289413266876198915
1289449774676971523
1289481048917606402
1289551985520177152
1289561929795567618
1289651184739876864
1289698652299042816
1289756177589587973
1289771385938616320
1289777215748501504
1289792710082088963
1289821299083104257
1289831649912348673
1289851312247431169
1289882585934344192
1289932530930421760
1289955666010939392
1290081072311439360
1290086805216399360
1290212204306817024
1293107732241739776
1288828158037438466
1288828331954180099
1288886525128617987
1288891508398026752