1289189153456787457
1289163497297739776
1289163538783539201
1289163568399572992
1289163768740450304
1289163794980069379
1289163874810228737
1289163903226671104
1289163933329195008
1289164041944883212
1289165640683593728
1289171306206789633
1289174663407349760
1289177145227395072
1289242303496892417
1289258367513325568
1289260145709473792
1289261047870709760
1289317709444915200
1289338332560883714
1289438864608620544
1289469525750984707
1289593523621306369
1289813222921363458
1289852486384115712
1290216451861655552