1286021740284375042
1286045010283114497
1287768840219365383
1286023527712403456
1286023976133722114
1286024131234762753
1286024314307989505
1286025016581259266
1286025931178614784
1286026069284278272
1286027096364646405
1286028490626797569
1286029709579616256
1286030651196452864
1286030926787555328
1286031500954173441
1286033551897460736
1286038236855439366
1286041901175656449
1286042691353051139
1286046625731772416
1286052177413312512
1286052438676582402
1286054569542332416
1286079555631853568
1286106200979968001
1286141555791757314
1286233613629976576
1286241296856817664
1286241387919241217
1286291144914214913
1286298988296015872
1286323827056603141
1286335068152172545
1286376982008258561
1286398938824577024
1286471143902326785
1286508321801998338
1286510997985845249
1286512428558290945
1286543428629794816
1286548633903669248
1286586839818579968
1286615810472124416
1286676962149191682
1286677158946115587
1286761838256902144
1286777223232577536
1286905522218610691
1287166726845558784
1287203191835197441
1287389594946764800
1287480276906647552
1288547495736274944
1288548699703070720
1288551523417554944
1288561072325173249
1288589061293330435
1291736598015401984
1294725811333787648
1287905829878784001