1283699644157923328
1283699783664914432
1283700538639433734
1283702744428294144
1283702782139133957
1283703829536616450
1283709345050624000
1283709618116415491
1283709754473418757
1283711920512606208
1283837015730118657
1284016205917896704
1284044511946170374
1284044961432969218
1284121188751626246
1284148166418485248
1284243456693428224
1284330936889303042
1284344249983438849
1284613952551284737
1284649719302627328
1284746122263756801
1284788376281939970
1284920593498943490
1284993200499777537
1285043541618708480
1285074470730788866
1285085366937104384
1285190005594431489
1285558489474043908
1285729657854230529
1285838752690999297
1286131686384730114
1286177755952898048
1286183826214006786
1286354717581488129
1286419851523895296
1286549784078290944
1286707195153965057
1286844596857667585
1286845133351133184
1286932522018828295
1287054629914591232
1287112654008590336
1287248800642412546
1287276979557994496
1287278506569879553
1287292195809132544
1287457712633049088
1287466695477456897
1287543320768544769
1287592080047366144
1287757351919841280
1287843772378820611
1287935710809468928
1287949916401270784
1287986290772738050
1288174299623444482
1288301906704642048
1288437382568648704
1288439615175757824
1288676773396221952
1288886877236338689
1289110007376515073
1289568696499728386
1292782208416088065
1301649843673354244