1283653545015771138
1283662205372727297
1285553824149757958
1285563411905105922
1283544961905053696
1283550427443630082
1283564906458087426
1287056549173747712
1283449621738426368
1283450623413727232
1283451035135225856
1283451626360102912
1283451796225060864
1283452784499621889
1283452807614533632
1283452927638671365
1283453058786131970
1283454306436489217
1283454616840151040
1283455984837382145
1283466563677544450
1283468633977520129
1283469477053640711
1283471310174203904
1283472691312263168
1283477795092430852
1283478356793667584
1283480730757144578
1283482100360982530
1283482269798236162
1283482386970419200
1283482723093565442
1283482907244408833
1283483494816067589
1283485759102754823
1283487068514127876
1283489983693828098
1283492084742156288
1283496945793867777
1283497771014791169
1283501399888678913
1283501758199803915
1283503860099645441
1283507444099022850
1283508379307188229
1283515563868921856
1283517187119034369
1283519737834745856
1283523106099863552
1283523241714184192
1283526754447982592
1283527321333362688
1283527966752792576
1283529471941804033
1283531007820476423
1283532295941558274
1283532534429745152
1283536317616250880
1283539035659673600
1283541577936236544
1283544668542820357
1283547889898328064
1283547890309165057
1283549239918960643
1283551957798416385
1283552314373136386
1283552486490402818
1283553359467864067
1283557390088982528
1283559097485471744
1283560988923457538
1283563010448142336
1283564373013745664
1283566013808693249
1283567758584754177
1283568354205278209
1283568706002604032
1283571100673142784
1283571509827690496
1283571537703051264
1283571780175704064
1283572135382978562
1283573840166170625
1283573931950186496
1283574386100858882
1283577933324591107
1283578500960616448
1283579330073956354
1283579882430177280
1283581548600725508
1283582416892854274
1283583167723642883
1283584564095582208
1283585269938049025
1283585358018547719
1283588981435719680
1283589816647512065
1283591854727061511
1283592257766137860
1283592404650483717
1283592823254716416
1283592990481686529
1283593204902686720
1283593242542366720
1283593933512044544
1283593935726817281
1283594320558211072
1283594458823442432
1283594602465898496
1283594656106807297
1283594724251664384
1283594937452294145
1283594939486687238
1283595155837263877
1283595872245215234
1283596313574219776
1283596615891050497
1283596636237824001
1283597289932705794
1283597504425201670
1283597965760888833
1283598234028511238
1283598548701818882
1283599366322745344
1283599870041796608
1283600444355313664
1283600791161405441
1283601031901753344
1283601039569170434
1283602143170224129
1283603615341580288
1283604673119653889
1283605650577207298
1283605750753800193
1283606061073616898
1283606065075097600
1283606248944959488
1283607249219465219
1283607477800497153
1283611987553943553
1283614235193413632
1283615318217297920
1283615422261022726
1283617902051168258
1283618182083862530
1283620237234012160
1283620417635319808
1283620812512059393
1283623668627705856
1283626142847688707
1283626441012391936
1283630551279316993
1283632808523632645
1283634465265184768
1283635504471212033
1283637891185479680
1283642610293395459
1283646879159336960
1283650457336864768
1283653220137611264
1283656732733038593
1283658745462087681
1283659346044305408
1283660222201036800
1283661018804224000
1283661505657880576
1283663455849857024
1283668563702607873
1283669005677592576
1283669550563762176
1283670077514997761
1283671212162347008
1283675907551629313
1283683312553177088
1283683698957668354
1283691007792631809
1283691763924901888
1283691826545922049
1283695257746575360
1283698255931506688
1283699455661936646
1283699957996965888
1283700105229611011
1283702568854736897
1283702797830160384
1283708389407600645
1283708539991728128
1283709769706946560
1283712760174518272
1283712794169430017
1283712978546810880
1283717264169148416
1283719322997862400
1283720065171456000
1283720577463783425
1283721067828314112
1283725522506264577
1283727729318400000
1283728444128407552
1283730268805902336
1283733785830465538
1283735216083927041
1283735455662571520
1283737534846193664
1283739032342626307
1283741418733875200
1283742296064667648
1283744245954863105
1283745160204091392
1283746897128157186
1283746985112211457
1283747714925301760
1283749508388716545
1283750162918248448
1283751410044153858
1283753562338557952
1283754228708671493
1283754354101702656
1283755000355790850
1283757273794277376
1283759060173676544
1283759731522318337
1283761014564163586
1283761258257354753
1283761404810539009
1283761648264712194
1283762163857985536
1283762289745813504
1283762401956040707
1283762923551236097
1283762990446194688
1283763355291975680
1283763460560629763
1283763707483488258
1283764412512428033
1283764919654060032
1283765224038858754
1283765607276716037
1283765708569014272
1283766396657250306
1283767968569208833
1283768665742077956
1283768778678063105
1283768802854023169
1283771567625863175
1283771685246832643
1283772385326292992
1283772495451971584
1283773114715963393
1283774776381788164
1283775474137804801
1283781829754007562
1283782598720999429
1283783358091276290
1283784141960445953
1283784952056877057
1283785236598468613
1283785379787808769
1283786209639239680
1283788118001364993
1283788920145227777
1283791364426276864
1283792018729123840
1283792157787197441
1283792526906810369
1283792577062481920
1283793440711614465
1283794833727873026
1283795076464783362
1283799480450666496
1283800068127105024
1283805851220799490
1283810994209411072
1283813563979702274
1283819084082282496
1283819508520685571
1283821065052073984
1283825472737095680
1283825485798146048
1283830900225187841
1283852563138228224
1283867914903285760
1283905370050777089
1283920390721605632
1283949008487100416
1283952884040769536
1283983283911524352
1283997931419435020
1284038833978261505
1284202372802252800
1284227245284917248
1284487430679207936
1284821233520070656
1284862558445477890
1286156235075592192
1286436745484161025
1286795136870027266
1288631139540832256
1306613193477730304
1283458304937795589
1283943866068918273
1285571898718523392
1283452309176037382
1283517581828202496
1283787703511912449
1283462943968047104
1283461139247112198
1283503019468955650
1283569780440600576
1283461197560307712
1283466343933779971
1283473110126284801
1283760159467216896