1286426247300632578
1286426583381749766
1286430869616549890
1286465820831383552
1286468572429062144
1286477594418962437
1286478745801564160
1286481454403379201
1286484897629188108
1286485215662096385
1286485245076832257
1286492568201695232
1286532113945198593
1286534066670624771
1286538508715167744
1286551908014989314
1286558136044789760
1286574231342518273
1286581122650918912
1286625716352802817
1286631807568551936
1286636823754792960
1286638039519727616
1286638408983556097
1286639264185417729
1286646186468880384
1286646674966945792
1286653219209449474
1286668062440198147
1286668519501856769
1286677129883725831
1286679408007352322
1286703210640670726
1286710159914536961
1286724593386840064
1286728724017078272
1286738040732504066
1286755387652427778
1286758613118263299
1286762786173759488
1286764153357479936
1286870831469965313
1287035725792321537
1287955919234461697
1286429662076428288
1286430069314007040
1286430369173196800
1286430663999094796
1286431029046251520
1286431230121082883
1286434263370530816
1286441767240441856
1286457709206876160
1286634142470348801