1282174177189875712
1281657953112727553
1281658868041277445
1281658940095377408
1281661560440717315
1281661681806897152
1281662921181786112
1281663536461156353
1281665766950084615
1281665876039794688
1281666006386184192
1281685753886658565
1281689773803884545
1281691893072445441
1281693017720721409
1281695610249379847
1281701058608152577
1281703201293643776
1281709816034004992
1281713561220182017
1281722093227261952
1281723363308834816
1281726848465088518
1281731323283955713
1281736139293044736
1281759903846002689
1281764469673082880
1281785141120163846
1281788211052847110
1281806872379625472
1281829550553550848
1281845825778249728
1281853815470329856
1281856897050607617
1281893426946965505
1281928066562961409
1281962056749588481
1281993402318454789
1282164697014272001
1282208623574147074
1282281293670166528
1282320670257537024
1282344870888251392
1282360520096526337
1282407781887344641
1282500404484464640
1282655912013041664
1282684915474202625
1283322614145003520