1279362440061284352
1279362806815563777
1279362947429445633
1279371814863376385
1279467426451767297
1280306045714399234
1280914680089886725
1281161041225932802
1281685819984621576
1279368044498780160
1279368442030809088
1279369765895778304
1279369860762476544
1279369939141513216
1279370243098284032
1279370732158554113
1279370984630489088
1279373027784957953
1279374746317205505
1279375044590829568
1279375723040555013
1279378375031820289
1279378428614107136
1279378508838559746
1279378541759664128
1279380126577373184
1279383490975330305
1279397982555824128
1279398905839603714
1279411215895314432
1279428541927522305
1279430617961283587
1279431529073180673
1279435598470819842
1279439803868561408
1279454695434698753
1279463451081887744
1279508951042674688
1279509831863250944
1279510104543334400
1279568590350372864
1279579801129381888
1279589923809460224
1279657962294751237
1279714954917163008
1279734613120659456
1279750493674377216
1279892029913382912
1280008661151084544
1280031239257427969
1280127334646001664
1280127508541771779
1280129603445469184
1280130681436323841
1280142996265152520
1280377226790268929