1285990007673626630
1285990879199662089
1285992585576603649
1285993634312130566
1286001197451706368
1286008637564092416
1286018758499344406
1286056461303336960
1286348196155928584
1286369612112826370
1286388982012575744
1286392882450989058
1286485643401535489
1286695425672531975
1287138143158906880
1287850482539458560
1288141566410981387
1291072630641102849
1291713201864728576
1285990505373937669
1285993273773846530
1285998424702234627
1286049386921771008
1286062152223199238
1286222492776968192
1286268461082128387
1286307657834528768
1285992582150000641
1286037393632624641
1286038567538630656
1286074253578772482
1286231141113102338
1286327086278467584
1286010650750324737
1286023691441233922
1286280202532749313
1286697094674132992
1287118983246749697
1287161275684970508
1287671901142372353
1285999451971227648