1278442263249633280
1278443538770997248
1278446209745801221
1278638524519063557
1278712224412889088
1279070778621865985
1278445514296565766
1278445591824121857
1278445641123934208
1278447297848901632
1278457036699660289
1278464095306407937
1278496458656878592
1278501953245413377
1278504068130852864
1278507909572329473
1278531997242208256
1278532320945778688
1278532601242943491
1278570266193354752
1278584854335143946
1278592480578019328
1278597714075201542
1278625069305073665
1278625682797416450
1278647354120437760
1278651542707503105
1278738381619580934
1278803217837514752
1278827377062182913
1278827585535905793
1278848885583048704
1278995627138048000
1279006049874464770
1279019860270473217
1279041105573621760
1279067206769430533
1279199404025458688
1279231393520930816
1279336016634155009
1279376516607066113
1279412922301796353
1279414482465361920
1279446215902613505
1279453430604537856
1279781196449280001
1279824664630571008
1279832105539842049
1279905296115273734
1280024611552243714
1280028152979283969
1280082285144895488
1280168119907110913
1280192748167917568
1280212906269978625
1280219587498434566
1280279713328627713
1280451050693107713
1280472936080605189
1280500683054166017
1280713664878661632
1280787342115008518
1280828206606581760
1280864906196238338
1280904354313142273
1280905184399355911
1280911303847161857
1280941481906356224
1280953582154510336
1280972020579209217
1280974746931396609
1278525693614264321