1286407176215572485
1286409370796986369
1286432565822476289
1286840258676641799
1286417930373066752
1286418370343186432
1286418395546755074
1286418785981943809
1286420415452250112
1286420908404547584
1286422032175861760
1286424922332553217
1286453992940281863
1286463254139670529
1286471132493815814
1286491860018462721
1286503510977073155
1286505713473208320
1286507124764409856
1286507788764696578
1286507843915587585
1286509400849551361
1286509689446912007
1286523220028469248
1286539854948503554
1286628593695629313
1286679185143062528
1286700551304933376
1286724688824205312
1286726732343582720
1286763423603339264
1286766805973966856
1287389339043979264
1287405584250277891
1287663706806067201
1288284860986142727
1290429032014766081
1294641160879779840
1286418610483798016
1286418972900904960
1286419933249896450
1286420259151306754
1286420493650690048
1286422745715298305
1286431454436585472
1286438125661646848
1286442202365751296
1286446678900445184
1286452659319222272
1286454466573721600
1286467856448675840
1286490424983433217
1286508960040665088
1286523626083115008
1286530564766531584
1286553793149247488
1286554002029592576
1286554329806065670
1286554505367056384
1286566211942256640
1286567571383128067
1286568732039565312
1286579144826986496
1286605234895282176
1286609473210114049
1286639582965116934
1286706901070172162
1286720453046927364
1286776053084692480
1286792281538928641
1286803428686077953
1286809067961241600
1286938924301066240
1286951094736883717
1286956853876764672
1286999869027213312
1287387859792482311
1287520264679387136
1287576326271119360