1288127536916910087
1287783260836200449
1287786565423575042
1287787466984914952
1287788093937000458
1287788138455281666
1287802399080493056
1287788304566558720
1287789685717241856
1287790302875586560
1287792361792319488
1287795528529453056
1287818693964111878
1287834485547991040
1287839728482619394
1287791615453597697
1287803355256033281
1287811558853103617
1287873147891400704
1287797829042397185
1287801022627237890
1287802671974559744
1287803078570315779
1287812922660368385
1287816013673881603
1287869399194509314
1287956761677357057
1287975263805026305
1288311901772853248
1288459743053447170