1282068616435949571
1281973738007941120
1281989059678744577
1282016431736000518
1282896434338160640
1281974556127711232
1281978544831082506
1281978671159545856
1281992503068102656
1282011923337433088
1282190756430712834
1282296864113598466
1281965068024979457
1281966016524808192
1281971452103872513
1281976263238983680
1281982804436439040
1281999444985237506
1282002293190254592
1282058370313261058
1282062199742226433
1282063886309613568
1282071918653276160
1282074146784964608
1282076694430588930
1282156501038178305
1282188029168410625
1282190563173896194
1282267868248322048
1282435848290603014
1283293824647823360
1284080874384879616