1286184895920865280
1286073792943591429
1286055249401307136
1286056528424783872
1286057078881124352
1286062878693310464
1286062899706974215
1286064098967539715
1286067559280844801
1286079776608878593
1286096841046495232
1286096994843336704
1286100037148319745
1286106545499979777
1286135020202196992
1286145656604647424
1286147863278432256
1286157980627603458
1286164027694088193
1286166280232345600
1286188405475479552
1286207403629907968
1286209428027371521
1286283243319431168
1286288994150440962
1286302688083312641
1286305875389378561
1286318197998854145
1286360757530062848
1286402697294381056
1286445176408301568
1286465699066437633
1286466470940037123
1286474428008689664
1286489496163360771
1286506853824897024
1286517046587654145
1286518720840503296
1286523094945935360
1286524751180107781
1286574559156670465
1286605868591710208
1286643286665506816
1286647891625484290
1286650559752220672
1286653923063992321
1286683803503800320
1286685191566655488
1286689738800455681
1286690363206324224
1286708352551010304
1286736366039162883
1286739788905799680
1286744901615525890
1286760931720966144
1286768045587922945
1286786614228914176
1286807895250595840
1286818805994467333
1286829726791864320
1286859083803496448
1287035533911191559
1287037702395908098
1287053225103724545
1287061336996876289
1287121030251794434
1287128740716191745
1287140148149235712
1287244510519427073
1287254489305624576
1287382679080574978
1287540524262490112
1287547677513789441
1287561624484806660
1287578104009957376
1287689069028409344
1287716649244729344
1287990178171310081
1288118720653455371
1288280932068335616
1288356945527799809
1288582359592456192
1290190534984650753
1286117430155255808
1286302109445414912