1289235806222090240
1289232858410651648
1289233243871555584
1289234258553274370
1289236107599675394
1289238602464067584
1289241023793647617
1289255105007456257
1289275257774170113
1289278290406998016
1289372865054244864
1289442326125793282
1289453236311662592
1289483352668434432
1289585977120317441
1289724209308905472
1289755511789821953
1289848959712649216
1289897994662195200
1289927510751248387
1289932039131545602
1289949617849634818
1289953531542175745
1289966128819666945
1290122352089600000
1290154448614916096
1290208758832955392
1290234432348196865
1290240288074526720
1290251944812933121
1290266487643463682
1290284401754927110
1290303607120658433
1290306901733826560
1290311041625346048
1290320252513988608
1290634893022699521
1290722787695497218
1290875381583511552
1291022458233868292
1291850993685209090
1292123647151349760
1292298987257712641
1293470640138223617
1289880589651382272
1289239065955463168
1289243998096367616