1285551790474264579
1285576346899537922
1285350992058494976
1285351491113558016
1285352651945848834
1285354771382140928
1285356046093938688
1285363268547043329
1285540524552671232
1285557653805113348
1285559743172481024
1285573562762436608
1285589156677259264
1285589357760409603
1285887375667863552
1286049850648416256
1286638940636749825
1286850330098098181
1287578753619693568
1289756079245598720
1285249483408908293
1285249765886705684
1285250764424658945
1285250915952361474
1285274001187590145
1285305479674171393