1280174751282053121
1280140271070728193
1280143528325255168
1280147613279571968
1280151370205728770
1280154743839621125
1280181939345879040
1280197221670096897
1280212113198321666
1280249153914798081
1280257966017478656
1280314186220724230
1280328287508717568
1280345924540133376
1280377066010050566
1280407661880762369
1280436030630326273
1280457942328803328
1280529869139394562
1282689625522397195
1280144938806763521
1280152650311503874
1280149216912785408
1280149295547777025
1280176428684804097
1280253429114449921
1280324626296573954
1280327805746606081
1280346134603608064
1280349056460402690
1280355568230830084
1280418805236277248
1280419500685492224
1280483686387986432
1280487474280587264
1280545480720736256
1280845311494123520
1280146776419438595
1280149400430325760
1280149431342510081
1280157172546977792
1280158243436875776
1280159067915370499
1280234203687288833
1280262964273004544
1280265050570338304
1280316455612022784
1280331298947678208
1280346411012370434
1280147171250180097
1280654075743232001
1280147580459134979
1280147887293259776
1280148582113308674
1280148662119735297
1280158871550595072
1280159338850512897
1280153359740272640