1286381312148934668
1286382560373870593
1286394731375845378
1286507533830705153
1286507957094453248
1286508505680064512
1286508641210728448
1286509962512838656
1286510985554079744
1286511796174692352
1286512428365185025
1286521635365953537
1286521780966838273
1286522952171700225
1286533993618444291
1286569447243874304
1286589209411825664
1286659212437622787
1287332674097614848
1286390592163831809
1286754346676477953
1286390923199483908
1286392261341847552
1286393155865247750
1286393238316650496
1286393293039861761
1286393781185646608
1286394756176674816
1286395354108309504
1286396002899865600
1286396241270775808
1286399164121788418
1286402219152158721
1286403031924453378
1286403726773755906
1286403837666840577
1286403929601761280
1286404437460709376
1286404695091798017
1286406701898444801
1286409051434344450
1286414193629884416
1286415268298752002
1286415707610251264
1286418535053393921
1286420623476977664
1286424976497602560
1286435186004168705
1286439132852625408
1286440280921694208
1286440605393006595
1286440633511501824
1286440923505852419
1286441289085411328
1286441334388084736
1286441346962731008
1286441440256483328
1286441566140346368
1286441654115864576
1286441658503004160
1286441809363652609
1286442177359425538
1286442500308307973
1286442584781406208
1286442844622790656
1286442879037186049
1286442894744838144
1286443427329187845
1286443935540187136
1286444077680979971
1286444146014556160
1286444379473764353
1286444426647105536
1286444891015245824
1286444920434126848
1286445236118597633
1286446082118029312
1286446418127798272
1286446720453410817
1286447135051919361
1286447434026094593
1286447899262488576
1286448079034621953
1286448250904600576
1286452693020491776
1286453015671721985
1286454895399194625
1286455218440491008
1286455394651508737
1286456929385099267
1286457067687927809
1286457184554037248
1286457684225662978
1286458061184552960
1286460230872829952
1286461107469721601
1286464328644743168
1286465996946116611
1286470329418702849
1286472010743402498
1286472268424437760
1286472846601068545
1286474490520776704
1286477061884870656
1286478315684016130
1286479628174008321
1286479788048252928
1286479879811342336
1286480073734762496
1286480907344531457
1286481037644554240
1286481872852340736
1286482010723299328
1286482033150107649
1286482275186737154
1286482577554132993
1286482816155426816
1286483429224259584
1286487126218092546
1286488105013391360
1286489216889827329
1286489564891230208
1286490491865968644
1286491325991395329
1286499270346956802
1286503624055623681
1286505066963312640
1286510416764588032
1286510976511045632
1286513001219203073
1286513513352040448
1286519588994375680
1286521865100460032
1286522640996249600
1286537805007425537
1286539255473303553
1286541261080469504
1286541851852382209
1286543584108453888
1286557710037782528
1286561494147235843
1286563028478107648
1286564248433258497
1286570318065065984
1286581776924778496
1286599750251241472
1286604271333539840
1286616605338861571
1286626247066423298
1286637133734850560
1286637523951853570
1286643731924422660
1286646436160049153
1286653906844635139
1286656951275917312
1286661322038534146
1286662399462801408
1286668275468951553
1286669270114590725
1286676458581241856
1286701745062719489
1286701775395999744
1286702492668104705
1286702983770759171
1286703356841529344
1286706062419087360
1286707127290142723
1286708146938023938
1286708574408724480
1286711761794736128
1286716643788206080
1286721455410098176
1286738081874210816
1286745203278258182
1286754977067671552
1286767505105707008
1286779270493347840
1286786051453997057
1286788929514016768
1286789624610918400
1286806936160100352
1286858466481627141
1286890616064884737
1287019130156208130
1287200672509767680
1287365503145709570
1289053164914671616