1280548673005355008
1280871063853776896
1281014413038891011
1280553000285675522
1280553261850923008
1280554041131466752
1280561344132067330
1280634975868514304
1280703095333421056
1280555647919099904
1280590523552673792
1280561759015677952
1280561972992499713
1280562338081447936
1280569550832939008
1280576311443021824
1280595808451207174
1280611092335439873
1280613481956495372
1280616281104760832
1280760297901428738
1280766580142616576
1280861110556647425
1280858444229160960
1280868378605948929
1280922515418820609
1281923264017645568