1285251427464474624
1285263557186269185
1285221110183858176
1285253373822996482
1285589421354479617
1285593292323860481
1285282093447217154
1285307756614946819
1285224244486402053
1285338060440444935
1285340320914235394
1285384345860149249
1285408978084691968
1285481296341471232
1291178402268020738
1285233464644481024
1285233857638195200
1285247190873657345
1291178364703846401
1285225191875006465
1285225288251650048
1285225554443206657
1285225761943834626
1285225990226980866
1285226229994524672
1285226273745383426
1285226575110209537
1285227171829764096
1285228548383485958
1285228979134160897
1285231496530407424
1285233142324961281
1285233987162714112
1285249141212237824
1285258595836162048
1285260981543800834
1285263112371761152
1285275775730462720
1285294499070189568
1285351923017756674
1285385162784747526
1285387008521764868
1285407602218852352
1285411729111801857
1285445440431722496
1285457566429044736
1285459619566018561
1285467107036033024
1285487327511535616
1285632768668508161
1285657657894985728
1285800152045776897
1285897300590628864
1285922600359624708
1285225643215654912
1285524460506759171
1285225721875628037
1285225801206706179
1285225895448514562
1285226025165742083
1285226172406812674
1285311984821559297
1285226378749779970
1285226475545866246
1285226582358007808
1285227993690849280
1285228283139952650
1285276302304595969
1285226728537968646
1285271648246079488
1285274821463613442
1285275449103458304
1285279319393271819
1285226981278265347
1285227084617588738
1285227287676411905
1285227444279156737
1285228341646315522
1285273052847251457
1285283526477320193
1285294324993982464
1285295917428609026
1285227538529255424
1285227630233636864
1285299686170144768
1285227721321263110
1285227804217544704
1285262189645848576
1285276340904591360
1285227934685552642
1285228004680114176