1286316712783208449
1286318693887213572
1286319957383536644
1286320191006269442
1286321255885332480
1286322987663265793
1286323256274952194
1286326034623864832
1286336399835267077
1286336715989426180
1286352067620216832
1286355213939400705
1286365845862715392
1286373390522167296
1286378798200401920
1286446500839452672
1286447685436764160
1286512890694914048
1286536490655211521
1286538307665629185
1286538941626187777
1286539833175834626
1286540668521897984
1286320313580560384
1286320530153512960
1286320733891596289
1286396557114384384
1286475962050199552
1286320408849985543
1286332458598899718
1286334594111934467
1286412336836669440
1286404982527336448
1286321218585493504
1286321450765496320
1286651201199779840
1287185474327425029
1286376843122225155
1286377698080600064
1286321581686493185
1286322950300471301
1286379416621322242
1286503092574445571
1286322257837555712
1286322303198994436
1286322602118729729
1286322706951151618
1286322921233944581
1286322779550371840
1286323261672808449
1286323865094742016
1286427002170486786
1286322983372455938
1286370128918192135
1286575598505095168
1286323126821945344
1286323345106046976
1286345189238411265
1286323442875277314
1286323781934489603
1286324905416560640
1286361515814260738
1286442853376245760
1286455246764507137
1286504161224212482
1286810775646924800
1286326729435422720
1286350758384934914
1286740359360311296
1287143890798157828
1288189646594170880