1286756591610613760
1286761929009176577
1286767128536899585
1286936383802740737
1287037641297403906
1288123929920303106
1292125841602809858
1286758935345664001
1286792372852944898
1286760223152254976
1286771015822053378
1287598795081961472
1286766998752579586
1286768670677430273
1286770453990825989
1286771695450284034
1286799848080125952
1286805535006830592
1286826987936288769
1286835582425948160
1286839231491592196
1286877416204378113
1286952651217866752
1286767992106180608
1286772122937958402
1286816511105970176