1286442892580528129
1286443319183187969
1286445239415185408
1286446132940247042
1286447409996996609
1286447463243472897
1286449441801674754
1286449690200834048
1286450075586060288
1286451116037640192
1286454411716374528
1286455191961653248
1286456761881202688
1286457018195345413
1286459148880601089
1286459159399944193
1286459597277007873
1286460226225369088
1286460511492673537
1286460988661760000
1286461375712317444
1286462852392521728
1286463991858962434
1286464248407707648
1286464717687529472
1286465095321694208
1286465330655633408
1286465488781021189
1286465638844657666
1286466244502327298
1286467666543284224
1286467746008428544
1286468560017977344
1286470363358982144
1286470751906914304
1286471128014356481
1286477138179260425
1286479360585797633
1286479448733171713
1286480693845991424
1286481520744685576
1286481893593174016
1286482385039761409
1286484443461382151
1286484859305758722
1286486428231368709
1286487695175319554
1286487757959782402
1286488194351915008
1286488394374111232
1286488407322091526
1286494095125479425
1286495016102195200
1286496318152683523
1286497156493242369
1286497381035499520
1286500173754052615
1286500751804493824
1286501422113193985
1286502937343209477
1286503175948603392
1286503770969575424
1286505565867261952
1286508121049968640
1286508288398356481
1286509018563981314
1286509031570337793
1286509450954715137
1286510613037043713
1286511266580717569
1286511652616073217
1286511933835927553
1286513182756855808
1286516565081329664
1286517126354866176
1286519954301280257
1286522214020415490
1286525149047652352
1286526262014619648
1286543737636585472
1286544946766344197
1286545466503512064
1286545665003143174
1286545856821202951
1286548768582586370
1286559871802978305
1286560839957348353
1286561515206848512
1286566752911077376
1286568651278221314
1286575681841831941
1286587842525827072
1286588148743626752
1286600567394054147
1286600749661786113
1286607563916812288
1286616514150400002
1286616749794893834
1286618954765606912
1286619331963559936
1286627722169655301
1286627762787295232
1286631911260028929
1286638304176279553
1286643474519994368
1286645606010753025
1286647099757604866
1286650621936926720
1286653918324363264
1286678275423703040
1286680971945955329
1286683921091121152
1286688035208409093
1286690186919895048
1286702910009511936
1286713460777082880
1286738799368613888
1286750443020988419
1286754754283147266
1286782340325412864
1286793991640547328
1286837914861596673
1287079225799761920
1287155385736916992
1287362650788241409
1287502443610349569
1287625387128700928
1287625693761662976
1287750196861063168
1287958515991093254
1288206230171910145
1288462791880454145
1289042609013272576
1290162877697888256
1291176742363762693
1291825391359922177
1292521040694976512
1286444232429973504
1286444748518100995
1286445901351997440
1286456442745024513
1286462432567730176
1286466773122981889
1286484705379065864
1286492542515712000
1286494271592443904
1286497069235150849
1286499594961072128
1286504459586228225
1286506749621501953
1286511791304896512
1286517541507039232
1286520975723388928
1286528182095507458
1286545060650053632
1286545959950876672
1286580918153613313
1286629806705127425
1286635867746922496
1286451119540051968
1286516950764605442
1286600788706570246