1283480571000303619
1283483188812148738
1283487618198626304
1284348046176911360
1283485289676255234
1283487541925208074
1283488328134926336
1283491553810493444
1283502213860556801
1283505808400158720
1283506306234503168
1283564788468133889
1283585001385267200
1283601606509056002
1283610783415328768
1283622309639581697
1283652835809296385
1283660821613223936
1283670195735875584
1283687602340626432
1283708927096520704
1283712873164935169
1283718481175875585
1283724217763102726
1283739100055560192
1283739736818032647
1283746126005506048
1283752400906485760
1283758149871251463
1283765305886547973
1283790270367256577
1283795848741228547
1283822117730033664
1283823992583983105
1283895190369992705
1283907082924826624
1283925796650917891
1283973770647089152
1284110461647106048
1284134378952630273
1283491270917316609
1283493296644468739
1283493578296242178
1283497845862150158
1283504813955788800
1283522958707666945
1283540378147266565
1283566953311793152
1283588788850241536
1283700445337145344
1283703663169425408
1283728060718747649
1283732547810320385
1283772653841428480