1284384201786130433
1284592092724039680
1284984484866203649
1285070087313952769
1289968627240714240
1290636057571139588
1284162480797822977
1284160944973717506
1284265623069966337
1284358826112634880
1284164876202639361
1284165026698473476
1284165542635548672
1284168000392892416
1284173045507207168
1284197487251791872
1284197910150656000
1284382758828232704
1284823600520929280
1284177589054197760
1284256018508271620
1284256719305093121
1285226584220336135
1284512424184279040
1284540501543325697
1284569370727870464