1283710238693167104
1284376454835220482
1285142036287545344
1285473851267141632
1285659256872734727
1286141891097100288
1286368823290011649
1286707295741784065
1286839348369829888
1286993438781693952
1287400001619066881
1288424695247843328
1288977654922739712
1289573015500410882
1289932714112499718
1290123442759458816
1290144373733130242
1290635386402877440
1291120785566957570
1291497896534134784
1292123911778455558
1302980323811106817
1283711758042112000
1285456218891395072
1290222453344464896
1283715260332027906
1283726030298062851
1283727145634848769
1283732988916912128
1283733072966377472
1283753682996256768
1290636099598143491