1283423360571957248
1283438543562563584
1283466322974838785
1283428402393907200
1283432742236164099
1283426107405074433
1283426678224482304
1283426856159649794
1283427290911842305
1283427894514126851
1283428096406777861
1283429311773462528
1283434870027452418
1283439117032775681
1283449935795494912
1283450401724026881
1283451181478498304
1283471855618265090
1283477244502061067
1283480419682471941
1283490067135074304
1283526045514321921
1283564117450608641
1283626718914322433
1283687988837281792
1283714166180716545
1283793279587418114
1283798163527135232
1283873716376612866
1283881475755126786
1284331628186136577
1285050223237246977