1288147187415707653
1288154510301560834
1288149586276519936
1288149587853815808
1288149745425428483
1288150052989546496
1288150364731179009
1288150667228569602
1288151167852314626
1288161197565644801
1288175503250202629
1288205690037604352
1288237861238714368
1288256935893106688
1288257561456762880
1288258302347038720
1288260983031504902
1288261231128846337
1288262770266439680
1288268562641989637
1288268948257951744
1288271137202470913
1288273725641515009
1288281837001945088
1288282516949020673
1288293140936495105
1288304205007130624
1288313076257820673
1288318250552446976
1288320207413485568
1288324934331060225
1288330713603825664
1288332253056163841
1288364000569368577
1288364973715005440
1288371750275710976
1288385924003438594
1288390372775739392
1288405317655523328
1288406648000851968
1288429757227511809
1288461399992090626
1288468284799512576
1288472518953783303
1288508870562729984
1288527292034158592
1288595912822943744
1288701418728312838
1288843156952240129
1288853561309306884
1289064557030174721
1289388911169384448
1289389494785933312
1288155828013477889
1288179471657377794
1288195019090927618
1288230956533391360
1288233003483664384
1288903436465913856
1288998817367351296