1280778948780019713
1280657888294449152
1280748787112108032
1280626552389218304
1280626665735860224
1280627114446856193
1280627159439159297
1280627253995544578
1280627551975755781
1280627566706069505
1280628975723663360
1280629837829304320
1280630519852437506
1280632244168650752
1280632335650574337
1280632411903033344
1280632903525969921
1280634473718177795
1280636778907496448
1280637624181493761
1280638666218459136
1280641396181839872
1280643623856623617
1280646498418638850
1280689290263949313
1280689431452585986
1280689781643640833
1280689815453937665
1280689942553751552
1280690394515333120
1280691163922526210
1280691717067296770
1280692060421488642
1280692092650561537
1280692269402775554
1280692504069890048
1280692944765411329
1280693540692135937
1280693720740843524
1280694396690870274
1280695209945374722
1280695479072931843
1280695776339988483
1280695883110244352
1280696022738460677
1280696287604678658
1280696622645678083
1280696665717067778
1280697470041968641
1280698556354105344
1280698717209755649
1280698800726659074
1280698947212840960
1280699148044349441
1280699152222031872
1280699763915096064
1280700574590271501
1280700666130903042
1280701362284748800
1280701392487940096
1280701576320028672
1280702197551030278
1280702616008224769
1280702633662185473
1280703489010778114
1280703782200971264
1280704433282617345
1280705380981657600
1280706220165337088
1280707818354442240
1280708035212652544
1280708380168908803
1280708891383390209
1280709637948538882
1280709684563980288
1280709865216720897
1280710321414569984
1280710438754439169
1280711915694706691
1280712343371091968
1280713040057364480
1280714054214881281
1280715401656033280
1280715403233243137
1280716290911543298
1280716655522385920
1280719025299951617
1280719741796200448
1280723089005969409
1280723634601033731
1280723764188250112
1280726554499321856
1280726875250270208
1280727224677814273
1280730174070366209
1280731773417091081
1280732756675305472
1280733432021053451
1280734280960876544
1280734891756277760
1280738282129649665
1280738428540399618
1280740009411260421
1280742106374389761
1280744338763309056
1280751421793562624
1280751997411422208
1280752692051300352
1280754064989360135
1280754726947000325
1280757762817880064
1280758937915060225
1280761810522537986
1280762431837310977
1280762503656378368
1280764697596182530
1280766202969640960
1280769609407193088
1280776248709517314
1280784305925451776
1280790235236925440
1280790990501154821
1280793654093910021
1280794203790946304
1280794207397928960
1280799459895644160
1280799583543721985
1280802714096676865
1280803015386005504
1280805746364616705
1280808477250801664
1280808532464537601
1280809408671428609
1280809903431585792
1280810752568328195
1280811877875036160
1280814739812241409
1280815594535899136
1280815705059815424
1280816377021059072
1280817284458729472
1280818772182523904
1280819518160412678
1280819890417545216
1280820950943043586
1280825135935733763
1280825316148158464
1280825686777892866
1280827896781824000
1280828010342555649
1280828714905997313
1280828768836354048
1280829002832371712
1280830549985316864
1280832342798499840
1280837593886646272
1280839488932057093
1280840391609266189
1280840707037593602
1280841216368603136
1280844103370997760
1280849312113664000
1280858325467435012
1280861014792208389
1280865887931645952
1280868613524803584
1280869856523493376
1280870684332380161
1280870774539075584
1280871008153501701
1280871093474144257
1280871311540183040
1280871349137752069
1280871576242663425
1280871896293113860
1280872280676077570
1280872536419389440
1280872633324593154
1280872699972239360
1280873630545719296
1280873718676324352
1280874176002351108
1280874180255166465
1280874578940755968
1280874777566162945
1280876017259646976
1280876021391056897
1280876063569195008
1280876575664345089
1280877644540764160
1280877799826436099
1280878492348006400
1280879716514267136
1280879779822964737
1280879838325174279
1280881490755190784
1280881749812264962
1280884489661497344
1280885320700121088
1280890693666439169
1280892530775580672
1280893016857698304
1280893977424793600
1280902798574448641
1280908313308401666
1280909676218060800
1280914659349069824
1280916336818995202
1280921882104119298
1280924155500732418
1280926451274059777
1280934749880619009
1280937551788781568
1280943000089169921
1280946247159943168
1280948012932403200
1280962772176691218
1280965532234153987
1280981490990530565
1280984943389220875
1280991038178496517
1280994578456293378
1281001217171177473
1281004338459140097
1281028392205332480
1281028920876437504
1281052880708009984
1281053314814300165
1281053527679393792
1281053637452718081
1281054376853938176
1281054753774989313
1281055449769443330
1281059718891483137
1281060864540303360
1281062790011052034
1281078439513128960
1281078820678905856
1281079660357402627
1281090044652949504
1281094066831273984
1281094599054954497
1281128417966997504
1281152707844124674
1281166158461353984
1281171766824574976
1281322236763398144
1281463901981487104
1281470278996918274
1281910290645495808
1282370150616924163
1280632080490209284
1280639819937243136
1280644013230604289
1280647017291751424
1280650963259461633
1280663517696339973
1280669204652294144
1280729704643743744
1280730194253316097
1280732124056862721
1280732186367406081
1280732588894756865
1280733407669035010
1280733718005657600
1280734036789530624
1280734480605630464
1280737274486050817
1280737532766896133
1280739198920798209
1280739619307307013
1280752999938297858
1280754109876854784
1280754404392656898
1280755103616716800
1280757897249636352
1280769336207081473
1280769360903065600
1280775647191851009
1280780451112783873
1280788496169533444
1280789212833308672
1280795449822240768
1280796891668717568
1280799472302338048
1280813551695912961
1280815637787443201
1280815888313257985
1280819084104515584
1280823266479915008
1280825598575853568
1280827364478521345
1280828605749174272
1280835353893572610
1280836703943524353
1280856660911616007
1280862796796706816
1280881616995393536
1280888621428551682
1280892544038039552
1280912868473475073
1280915461174157314
1280926926379638784
1280939904881524740
1280955449110650880
1280984951752720384
1281008427519614976
1281083673190825989
1280772506501046272