1281436721209647105
1281609131674279936
1281806805295869953
1281400051978444801
1281403016143306755
1281404606363373576
1281408213926195202
1281410630268919809
1281412073793056768
1281413559247757312
1281416213034344448
1281416981518917632
1281420928925270017
1281421803957575681
1281422341445017606
1281435638500212736
1281437073665384450
1281438889601904643
1281440460041588736
1281440621262077953
1281443238130442240
1281444481536073729
1281449454122541057
1281451197468033024
1281453010598731777
1281492634805194752
1281493263459872768
1281522208792367105
1281537119425572865
1281548350249148417
1281552617273987077
1281561546150354944
1281561858483290113
1281565276341964800
1281566098379472896
1281569143557431300
1281570121388118016
1281570812999405572
1281571004918173702
1281572191805624320
1281574591136055296
1281575124072837120
1281583000552124417
1281586700226101248
1281594220877418503
1281611702598012931
1281619276772737024
1281633143842365442
1281636437016936451
1281680472003817472
1281686726445010944
1281723706604244992
1281731256653434881
1281759799533875200
1281760504252424194
1281761460532637696
1281814337825443840