1283106061868834822
1283106464446533635
1283107512820961281
1283109865544724481
1283113878625419264
1283114076789407747
1283114779238969352
1283115009820618752
1283115272027746306
1283119274366840833
1283119726885957632
1283121261564981249
1283126421381054464
1283145382864867330
1283150474879827970
1283150588054732811
1283159719746519040
1283160534464921601
1283176375134810112
1283184885218398209
1283185602335109120
1283189368870535175
1283201788003315712
1283208278487511046
1283210975597002753
1283211704512335872
1283219066019340288
1283220620533170178
1283227932404547585
1283228626016768000
1283241301484371970
1283242305806143488
1283246461996548096
1283251093288497157
1283254145672187904
1283287407530520576
1283304655141744642
1283383862605705216
1283396320825421824
1283400281204588545
1283405425292062720
1283438070373781505
1283444025933037570
1283444277628907529
1283449445015838721
1283474715433213954
1283492386287517697
1283522551856148481
1283751171321192448
1283754098714644481
1283754421407625216
1283829595729518594
1283853556211240960
1284418539802296320
1285642911045091330
1286089251193577473
1290664733159415809