1286579628744814592
1286581809724170246
1286587743154458631
1286606828277727234
1286609464347459584
1286620192907370496
1286621094196187138
1286626868951736327
1286664823690768385
1286713573805367297
1286774215471845376
1286834374680485888
1286844142564204544
1286846978643525633
1286865710040350721
1286931539838685184
1286938087067545602
1286981339435024386
1287303866225168384
1287381345921118210
1287489965979402240
1287624166087233536
1287633195643465728
1287633268691439617
1287634121343172608
1287634310355288064
1287636597815484417
1287636749368225792
1287637909059678208
1287639337895522304
1287682026263523328