1282038288707203073
1281640408544473089
1281699871448281088
1281828602774880257
1281834483197505536
1281838187929731077
1281844645895569409
1281863122454798337
1281873251895926787
1282209105189367809
1282477516683268096
1281625190871511040
1281625430496247808
1281628710190247936
1281633442514575366
1281637833460121600
1281638506931064834
1281638935664328704
1281641809030950912
1281642136367067141
1281648503622516736
1281662499515961345
1281667100583632896
1281723758278053888
1281752409044185088
1281850543074312192
1281872373554315264
1281894751420252160
1281932922916831232
1281944302843723779
1282243318123040768
1282616792058404866
1282643505412743168
1282733129116143617
1282954366937333760
1281627569519984642
1281632954880389127
1281671356967419905
1281878502430707716
1281972153433370624
1282025791149072384
1282180647604203520
1282261967294443522
1281625932176830465
1281636901603008521
1281628437912776705
1281629192887709701