1284203515318083585
1284204424584286208
1284205436934033408
1284206009351897093
1284207004030889984
1284207135509766144
1284208681798848519
1284210820403134466
1284212876102651904
1284214410311917569
1284219117281648640
1284223700708069376
1284224561471533056
1284225412118261763
1284229745673154560
1284236023757590528
1284243695185719296
1284251804004429825
1284290658677784577
1284290730509381633
1284293592501161984
1284306916563353601
1284330206761820160
1284360263227990016
1284364055734620161
1284500873050304512
1284508368535719936
1284530745101484033
1284590671421038592
1284591882161598466
1284593610357264384
1284597631747072002
1284687389714087936
1284793721079369728
1284893390752976896
1284894877688442880
1284934660561219585
1285046872101576704
1285063950447579136
1285120663481659393
1285177644615716864
1285272280956833797
1285282126599008257
1285282709028446209
1285420785163739142
1285423187799560193
1285529957377150976
1285719926725120009
1287085566979260417
1291834223368843270