1279087859870334977
1279199110042705921
1279432468941213696
1279468115764686848
1279078115172589569
1279078329203789824
1279078760927682561
1279080935456038912
1279085783714942976
1279094226861518848
1279096945378615299
1279097497873514498
1279103555232649216
1279103953888620545
1279137370064015360
1279142369099526144
1279166339157024768
1279211386795634688
1279212040863744006
1279231477725659136
1279277187158466562
1279310751421861888
1279405382192988160
1279433117636464642
1279473463749750784
1279504081858502664
1279552378174418946
1279807681788891138