1289273358886924289
1289276830822699008
1289277431317008384
1289279272788451328
1289292848571928577
1289301182934994947
1289301539597643777
1289401061535633410
1289460650205278208
1289477034087870470
1289481681280200704
1289488937036050435
1289496465492996098
1289512621809364992
1289513011774926848
1289513663963881473
1289545639706189824
1289552665647525891
1289564195961237510
1289594255456063490
1289606201571831809
1289617035740110848
1289621804097531904
1289626139724361730
1290313078618198017
1292070108156887040