1287071319641776131
1287072845537906692
1287167750981312518
1287076495060398080
1287076553130520577
1287277250707173376
1287076821352296448
1287304403746258944
1287512321322094599
1287082036356722688
1287083574466957313
1287085103382921216
1287085504912138240
1287086624069701633
1287087184282034176
1287087513354395648
1287089258210242562
1287091870284296192
1287092180516044800
1287096816769667074
1287100193800740864
1287103405165428742
1287107121708969985
1287107839383597057
1287112079254618119
1287112227124686848
1287113002739613698
1287113735954464769
1287114482175455232
1287115502087622656
1287119366912217089
1287119855062142976
1287120695709896704
1287127292662157318
1287129623944286209
1287132239034224647
1287139866728452096
1287141098691780608
1287146207865905152
1287147869061779457
1287154365958991872
1287157411749548032
1287161132281724929
1287163711178846216
1287167708753166336
1287168830616121344
1287169394162925568
1287172018933202945
1287173635950641154
1287175963097407493
1287176284049743873
1287177353026830336
1287177542915559424
1287178090213519361
1287179106879180800
1287181521128841216
1287181533531590656
1287182027486265345
1287182421536858112
1287182997603536896
1287185035100028929
1287187941471793152
1287196007743328258
1287217189712429058
1287219974520688643
1287231828148060161
1287233425712320512
1287234143101677568
1287234364506595328
1287237288154427392
1287237359331733504
1287237895963594753
1287238528103886850
1287240722584870912
1287245299300237312
1287252228580024321
1287255524879343617
1287256245896974337
1287261661435437056
1287268075369201664
1287276299577253889
1287277361335922690
1287278085180518400
1287284884642369536
1287305718803177472
1287323405427937280
1287332801558319106
1287333039144669185
1287333567614386176
1287334038936551424
1287337173335842817
1287338036381065216
1287340273236946949
1287342330891182083
1287345862348279808
1287346314993373184
1287349704934776832
1287349812006981633
1287354313572925440
1287358065470316550
1287358947935039489
1287376697562726400
1287378048682037248
1287384524146475009
1287389674361823232
1287391734570389504
1287391885443698689
1287393060339539968
1287393778714718209
1287422785267077121
1287439813843603456
1287440163988094977
1287443593460953088
1287460425198645252
1287468381503987714
1288660784990392320
1288879047657828352