1283374927090012161
1283385265365508096
1283387504880529410
1283409628227792896
1283416829956952064
1283429813865213953
1283460067078164486
1283461445179658245
1283461868518952961
1283474946379980802
1283507475904372736
1283586980765294593
1283635425026830336
1283654350091497472
1283713400925757446
1283733009644941314
1284085442481094656
1284090961212121092
1284119363193319424
1284238456437313536
1284362725431431168
1284601830983430144
1285213624076836864
1285272301815115776
1285486769543184384
1288045986854711296
1288639007237091328
1288958357798354948
1304552583718150151
1311602018084036609