1288960444393230336
1288964670481670150
1288977412395421696
1288978955723186178
1288980445015584768
1288983780032516097
1288984622412554242
1288991861114204161
1288995494723813378
1288996424252829699
1289003492271697920
1289008602263556098
1289009913092612097
1289010706055155713
1289063936680026112
1289083846357422081
1289182295081902080
1289200406472663040
1289201123971145730
1289201404439957504
1289206427307970564
1289206723136217088
1289207511816388608
1289259297768001536
1289286578821632000
1289315858490077184
1289329956451844096
1289338592943198208
1289556909498875904
1289606263022575617
1290002828774109184
1290243777232347136
1290287050348834817
1290557619195842562
1290673828239220736
1291071120267972610
1291074018343256071
1291107141131083777
1291608390263885824
1291633274410893313
1291765899284877312
1292114549999636487
1292631208275382273
1292878983990657024
1293378625929121793
1294021825723326464
1294092477801074691
1294146134059802629
1294447145823678469
1294753975292637184
1294814183935152129
1294814913920143360
1294816647283433472
1296329858692329472
1296567826501705728
1296579172484157440
1296927691128680449
1297272252552089607
1297773126894395392
1298437933192577026
1298521734736420864
1298596653746855937
1298647610543222787
1298663401770684419
1298668489629106176
1298675716964442112
1298675774988472320
1298738509545644035
1298778750021038080
1298785909517758470
1298793231514128384
1298798937206329349
1298822211051061250
1298827748111265797
1298952742963208192
1298968243932102656
1299037031834812421
1299042941563023360
1299053209047257093
1299086313866563586
1299117213526503427
1299120257198690304
1299129515847761921
1299131290126516224
1299149773979746307
1299156493716074504
1299193567273914368
1299319030726176771
1299427504021745668
1299524191826276357
1299566482544881664
1299770161184948225
1299801435085910020
1300167974179938305
1300204251470151680
1300305569195188224
1300384999565336576
1300431708412497920
1300465594471526400
1300559156152283138
1300809057960222720
1301004298646630400
1301248427347464192
1301308180119433216
1301311597336571904
1301323191181336579
1301333206810071040
1301360360851738625
1301361129348689925
1301365269215031297
1301552489221640192
1301574001609695234
1301712397346824192
1301861404845264898
1302080448395440131
1302080581346430977
1302656547688939522
1303056320141111296
1303399622807871489
1303940848522989568
1304269387701063680
1304728742946902017
1304791050989395968
1304803095797534721
1304902300155011072
1304954795178954752
1305128875572170753
1305611861539291136
1305619483889991680
1305643755475668993
1305835994697138182
1306027706476310535
1306046946365157376
1306284175591235584
1306288017125052417
1306288046946627584
1306289100320894976
1306292329490325505
1306299438990651393
1306300707050487810
1306317109169799168
1306334335599927296
1306340598304182274
1306351574164353024
1306355600209707012
1306356816503336960
1306356968085282816
1306358428357611521
1306359099110633473
1306360210567634944
1306361585569378304
1306362860633808899
1306363620025131015
1306364614955995138
1306369865205379072
1306370482644627458
1306370512193556480
1306384098496327686
1306384156201418752
1306384410116321280
1306384588168671234
1306384616845172738
1306384641658675202
1306385056915750912
1306385100024676353
1306385237212004355
1306385244661198849
1306385350894456832
1306386617096171526
1306389182726549505
1306391093135712256
1306391825238896644
1306392104097128448
1306392506515496966
1306393098054897667
1306395182133317632
1306396916280774657
1306402510584688640
1306403927794028544
1306405891089018881
1306407362706780160
1306409632139747328
1306417189591773184
1306419052693389312
1306430010732032000
1306431454243622913
1306431597705670657
1306433506118074368
1306433807466328064
1306439846190354432
1306448601770582016
1306474715863683074
1306480524362493952
1306480704797192193
1306492321807003649
1306500363969683462
1306501152318484482
1306511889971720195
1306527093417750529
1306536321733652480
1306537286297845761
1306537583225176065
1306538309196406791
1306538871723831297
1306539215098802177
1306542707351797760
1306552817340100614
1306553826951024640
1306558333579603973
1306566544818749440
1306575004742475776
1306579555327471617
1306581165843779585
1306584160748797953
1306596850821025792
1306599088628981765
1306601097142906880
1306601114410708992
1306612418080980994
1306617346174353408
1306621214773870600
1306629326725689344
1306633796842926082
1306641492937764865
1306651097222832128
1306655631953268738
1306664902434729984
1306703006201765890
1306716680152899584
1306717925018083328
1306723810310328325
1306727592523776000
1306765023591698433
1306771549710553090
1306774087012880385
1306775300404056076
1306775513546002432
1306796242014482432
1306796523599126528
1306807206067630081
1306833336745172993
1306926748785872896
1306948822405447684
1306955441042272257
1306995231586279426
1307030241790119936
1307350317512581122
1307449744642301952
1307473317322829825
1307474481057861638
1307538470202757120
1307593970466209793
1307676236920115201
1308049074872938496
1308095535912488963
1308107695048675328
1308110699143389185
1308112603546230784
1308119179422134273
1308129024066060290
1308129816143486976
1308139664893763586
1308149953945100289
1308154332840419330
1308158845185937408
1308162196745191425
1308165602100428800
1308174033666539520
1308175282122174470
1308175362510159873
1308179590410575872
1308198582114299913
1308215024197013504
1308263443871350790
1308294203777007616
1308320046448599041
1308322843772497920
1308367448262029313
1308552016470441984
1308584664320348165
1308584679948328961
1308585414698074112
1308585520310648834
1308585552149647360
1308585699575128064
1308585850297561088
1308586698452893697
1308587372574052352
1308587730033610753
1308587842554167297
1308588807017639936
1308589180172357632
1308596927844569090
1308604688321908736
1308630281515970561
1308630766952132608
1308631081684480000
1308631485386088448
1308639423920181248
1308643505498132480
1308645184075231232
1308651979179094016
1308652179641626625
1308663425665363974
1308704532831047681
1308780994896502791
1308784181846081537
1308787470797025280
1308806868303712256
1308888218230755329
1308920175396368385
1308941041668681728
1309065073755910146
1309099350262415360
1309650154824368131
1309664727807664129
1309869965785391106
1310722382739447809
1310735343059193856
1310783221412528130
1310909188202266624
1310953271532675072
1311045350405234689
1311060524621324294
1311360248981135365
1311492892465061888
1312446119587192834