1281183389941448704
1281183585731579905
1281530916842553345
1281532032690950145
1281182031066607617
1281217358066057219
1281224005912059909
1281182153536147456
1281182250860716033
1281182338307719169
1281182442037133312
1281182940680998912
1281182618772549632
1281182928005992449
1281183081974685697
1281183177508347905
1281189547494211586
1281219328092835842
1281273321997217797
1282267977358798848
1281183627624226818
1281224661137788928
1281183629452902401
1281183630681931777
1281183932243947521
1281184037076336642
1281184085084430336
1281184322100346880
1281184412189720576
1281184323698294784
1281184325791342592
1281184441063411712
1281184502920904715
1281210937979125760
1281244556621754369
1281248209055240192
1281184673977294848
1281184675554361345
1281184735524503557
1281185015930540032
1281187162826903553
1281187423318237185
1281187935073730560
1281190359167643649
1281190834243809280
1281190871904501762
1281266318214336516
1281191193876017154
1281191195897663491
1281218526972436483
1281341597737562112
1281197556693970944
1281201929029332994