1284200490260066305
1284144844093497345
1284145093839118337
1284145166857756673
1284146529683505158
1284146969296936961
1284147459795505152
1284147737345261572
1284148374820790272
1284148825200918528
1284150028441976834
1284151751923437569
1284157867000504321
1284226398534729728
1284247986244145155
1284309059177451521
1284348818113179649
1284366521259577345
1284145654206472193
1284147129867329537
1284464667864248320
1284499175112167425
1284152079146266626
1284147989272027137
1284148139797209093
1284148286291611649
1284148339148312577
1284148463744294918
1284148837419028480
1284148566890618883
1284148671345549312
1284148765935501312
1284148909699457034
1284149092776587264
1284149003723079680
1284149110254313472
1284149260976611328
1284149413242212352
1284152809441472512
1284149666469339137
1284149667727577089
1284149743313133570
1284155476444209152
1284160937574961153
1284179306667626496
1284293057873973253
1284154004688252928
1284154687902699522
1284155527535239168
1284205067432689664
1284237060191039488
1284237307692724230
1284245636460748800
1284267770931109888
1284414448103354369
1284487762704556032
1284556752281899009
1284584436814606337
1284644973057585152
1284679065505460224
1284703324940500992
1284706305886781440
1284848752394596354
1284863629834117122
1285090206752923648
1285111561615376384
1285137296245702656
1285170755010007040
1285214404292808704
1285222574503464962