1280523433730867201
1280523732772171778
1280524584983261185
1280525138627309570
1280525139415674880
1280525259624480771
1280527439467180033
1280558374967525383
1280573234522591232
1280581069465583618
1280589214787215366
1280612690809896961
1280633238449344512
1280639852640440323
1280650098871955456
1280650112214036480
1280661844009586689
1280668980873699329
1280680814284623873
1280681826957144065
1280682999835586560
1280695176189616128
1280697701177401344
1280729120452689920
1280743677275418624
1280748527921045509
1280750076256612353
1280765736323911685
1280769219202670592
1280772767168618496
1280778386097557506
1280784934362386432
1280786418412015617
1280797652104380416
1280798490927542272
1280817167185915905
1280817793252786176
1280817997872017408
1280823635259752448
1280840993865003009
1280846541553405952
1280846991627440129
1280858296560336896
1280860578496557057
1280867321909780482
1280523514597068800
1280642680310034432
1280523632305938432
1280524459649236995
1280640024757886977
1280523703378497537
1280523961596547079
1280523963001602048
1280524052747227142
1280524144506023939
1280524975359897600
1280524301175750658
1280524359111790593
1280524806908043264
1280525915127271428
1280524493048381440
1280524547788361728
1280787019262767104
1280526969319366666
1280527540998877184
1280541329022504965
1280527307841720325
1280527310081458176
1280527617830072321
1280786896629706752
1280527620493455360
1280527622183751681
1280532579431510016
1280537960518045697
1280619414107406344
1280632651595091969
1280636782472597504
1292310894328737794
1280587171812999169
1280538363490177024
1280725526160855041
1280795528683376641
1280898662810308609