1288622373126705153
1288623484176826370
1288635158019444737
1288810716015800322
1289192252804198401
1289195285625757696
1290710215969533952
1288609198054539271
1288609361749835776
1288610576642580485
1288611535061954565
1288612693172076545
1288617046457098243
1288633957366603776
1288663497900019715
1288728174709239809
1288754834053558273
1288783025681993728
1288820377905504257
1288820427138236416
1288916537240219649
1288926597395804161
1289038662727065600
1289051400303853569
1289058261757333504
1289305344066441216
1289401448699170817
1289628041333731331
1289679741100994565
1289699985991245824
1289712065171488769
1289780676368035840
1290036455608217601
1290063163040215042
1290074452848336896
1290135431304994823
1290446584115867651
1290466075495337984
1290618089336258560
1290948546078875648
1291084919309889536
1298614932913762304