1285614464310677506
1285614943539269632
1285615011222740992
1285616218188152832
1285617048551395330
1285619116657856514
1285619439237570562
1285622420557242368
1285623705582874625
1285624855409438720
1285626355720355840
1285627431848747014
1285634286830354433
1285640167836004354
1285641456598876161
1285648103387869189
1285650076040343553
1285651427969433601
1285655292777308172
1285663933160882176
1285678802463526912
1285679487284383745
1285685106116624385
1285688826170572800
1285695628920721414
1285719956336906242
1285764731001806848
1285890438109507584
1285909723687145472
1285922594315735041
1285940479968841728
1285944362979868672
1285945135814017024
1285946868061609986
1285954298828992513
1285999414776074241
1286024200298299398
1286267375965241345
1286736844709797888
1287021784932536322
1287142018934812673
1287408805702242304
1290267365763031042
1301415009147408384
1303794898752204806
1285669792352018438
1285707821628239873
1285833061221965824
1285637602708803585
1285640695978614784