1283463776101179395
1283464591146496001
1283468290136764416
1283818942742491139
1283829524354891782
1283476074471587848
1283474371735060483
1283474607157149706
1283474787013099520
1283474832143810560
1283475072301268992
1283475160176025601
1283475177549037576
1283475374714781698
1283475412002181120
1283475567182876672
1283475623571337218
1283475945878245377
1283476137948049413
1283476204704669702
1283476232127107074
1283476763042078722
1283476771078373376
1283476846475005952
1283477362571653123
1283477657867350016
1283477758711128064
1283478092179267592
1283478203298873344
1283479992400216066
1283480013510238213
1283481065827586048
1283481405884977153
1283481409676550144
1283483351974723584
1283483821799702528
1283483968398954496
1283485428532879361
1283485933128626178
1283485989944557568
1283487378909343744
1283487630785679362
1283487659319590915
1283489006248955910
1283489245320163330
1283489647721668608
1283494698112303104
1283496219751395333
1283498920744833025
1283500586952830976
1283504699711397892
1283509205232738308
1283516306877288448
1283517560827281412
1283544710716493826
1283547005655056384
1283556571717537793
1283563484437811200
1283565354816503808
1283565551701417987
1283565812847173633
1283567028045930496
1283571587401371653
1283572965389500416
1283574411099021314
1283575235783069696
1283575600679211008
1283575806669643779
1283576328093077505
1283606052236402694
1283615464564969472
1283617906346074112
1283621270219874304
1283624620101439490
1283626228898037761
1283630220260413440
1283631470658158597
1283635886140186625
1283640600613384194
1283726579269398528
1283746457498116096
1283759513561116674
1283768330306957319
1283769242706276353
1283769827518287872
1283783513007890433
1283785095279714304
1283786331416559616
1283788932514185216
1283797836447076360
1283824027232948224
1283849145338466305
1283856529834180608
1283895170220654603
1283902974973087744
1283981673554567170
1284638227463376896