1281067265442623489
1280926957086167040
1280927481541902337
1280928693456637960
1280933286726918144
1280936360694579205
1280943478898225152
1280943942528311309
1280945932385882112
1280957630291165184
1280966517937537024
1280968107763347461
1280972029252919296
1280976802031288320
1280978086088134663
1280978711043543041
1281004102869307392
1281010105014779904
1281012558300876800
1281046940214583296
1281063506872356865
1281097197363347457
1281112735317659649
1281113054378446848
1281123947124273152
1281340377484554241
1281345993372512256
1281349411520622593
1280931940254662656
1280932527813750784
1280933068774223882
1280935148603621376
1280936389916282880
1280938156389478400
1280940524631777280
1280943742506041344
1280979331347550208
1280998347428581376
1281001661742399499
1281075905713057792
1281110311865667586
1281196390958477313
1281208512522194945
1282586748342734849
1280961094387892224
1280973587101487121
1281002232742244352
1281002564020912128