1288509230866141184
1288495482554261505
1288495507162136576
1288497756148039680
1288500320004444161
1288502184485761024
1288502721373495298
1288505315886014464
1288511370229473280
1288550226236768256
1288556044092952578
1288559323224907776
1288561660488187907
1288577264028983298
1288577543524646912
1288589195783614465
1288628961988284417
1288630568327041024
1288651703894638592
1288694389733195776
1288695714936053761
1288729629293912064
1288735841045676032
1288505246449389568
1288530790347939841
1288607453127438337
1288610539900481537
1288614703128875014
1288631906909786113
1288987450250088448
1289064149767446530
1288500037685633025
1288500427554684929
1288582800145252356