1280640184615202816
1280640277925908480
1280640341456990208
1280640381344870400
1280640472772468736
1280640532562272257
1280640833792901121
1280641966019973121
1280642005102661632
1280642050954629120
1280643606680911873
1280645287292346368
1280646069509140485
1280646453027840000
1280647238243487744
1280648375138836482
1280659881826140160
1280664373288148997
1280672656384122881
1280672820918272000
1280682534016335873
1280686116862074882
1280698393417957376
1280700666000932864
1280700888328388611
1280701038962638848
1280701224682229762
1280701279258447873
1280701504245112838
1280702015128186891
1280702339956047872
1280702445014958086
1280702621213290502
1280702695561670656
1280703438616236033
1280703522481344518
1280703577418117121
1280703728207749120
1280704243524124672
1280704764137914373
1280704915145404418
1280705116211994624
1280705535998820358
1280705694874980352
1280705888635031552
1280705909673594880
1280706680855179266
1280707482923544578
1280707779372691456
1280707880757243905
1280707994645417984
1280709244258484224
1280709389960298496
1280709804600655874
1280710581670965249
1280711419948724231
1280712208935194626
1280712281102397441
1280713236883673089
1280714101283524614
1280714117960138752
1280714302098485248
1280714493413126144
1280714666881122304
1280714964580265984
1280715003641729026
1280715086059827201
1280715531620962305
1280716030143270912
1280716362462064641
1280718961810657280
1280719214001692675
1280720589305479168
1280721084392681473
1280721121600561158
1280724657407012866
1280724813326188551
1280725014682034177
1280725053085290499
1280725537091022850
1280725806784757764
1280726126445428736
1280728635737903104
1280729456802508802
1280732014992330754
1280732462906212353
1280734779369861126
1280737241090883584
1280737681132212225
1280739228448522242
1280740667480817664
1280740785495760901
1280742906748301312
1280742932283371520
1280743888383287296
1280747302961868801
1280747827866611713
1280748611677061120
1280749036073414656
1280750260592279552
1280756963484135424
1280759050699849728
1280759160410263552
1280760231023255552
1280767927084437505
1280771714293645312
1280772477266919424
1280772527443369985
1280775363384180737
1280781247392804864
1280789784026382338
1280794199843983360
1280805482115014656
1280805574385467393
1280806761113563136
1280809394977079296
1280814835949637633
1280815279916941313
1280815962925694976
1280815991333818368
1280820921553555456
1280821898574729218
1280823047977492480
1280823387531751424
1280824395003502592
1280826102177574919
1280829419116994560
1280832573267234818
1280832769732554752
1280834996941570049
1280837954806657024
1280840109760425984
1280840734392844289
1280842564271329282
1280844211990888449
1280844891279568897
1280845974081019905
1280846753500000261
1280847035437064192
1280848179823607808
1280851166621061120
1280853561803452416
1280854682005618688
1280859458512596992
1280859714574786560
1280862814203260930
1280863392601976833
1280864554134704128
1280864776822886401
1280864827242618880
1280864831256616962
1280866043791986688
1280866148255334400
1280866152571441152
1280866557158187008
1280866914806329353
1280866936264392704
1280867381040967680
1280869392776036353
1280870854079938561
1280871420218585088
1280872339023048705
1280872947176148993
1280873869776166914
1280874650256408582
1280875090641653760
1280876659726524416
1280878827523190785
1280878890274226184
1280879561492832256
1280879846521032704
1280880684979171328
1280880876851621889
1280881239122219014
1280881382458359811
1280882459756974085
1280883315390713859
1280883558500962304
1280886104829411332
1280886310081830912
1280887262608310278
1280888730405003266
1280889783204577280
1280890065879814145
1280892325057777665
1280894313325563906
1280895348945362946
1280896934434217984
1280903599275405312
1280905046453092353
1280905210861404160
1280906098707501061
1280906496969183234
1280906606197313536
1280918942299516934
1280921193781104642
1280921420902457344
1280922474276929536
1280924234659663873
1280926294553669632
1280926835438768129
1280927007845388288
1280933286995529728
1280933768761610243
1280935773756444672
1280937115564617730
1280948406513553408
1280950813939171328
1280951737277394944
1280975123881906176
1280989330719334404
1280998033598173189
1280998608393973763
1281010235369574400
1281026861007601664
1281085619838619648
1281128447356608512
1281212506678181889
1281244856107454464
1281260496268570625
1281501510401003521
1281563003150835712
1281625446912798726
1281635647455997953
1281773201488359425
1282518032997330945
1282518519544979457
1282520093172412418
1282522625349058561
1282539756228956166
1282540574063636483
1289297958127587328
1280782749507489792
1280834325911658496