1288854528880779265
1288855336623972353
1288855631605248001
1288856929557557249
1288861271186710529
1288902178350997513
1289117384838504448
1289197038350082049
1290099275444051969
1290175234369232897
1301141826833985536
1288895178992783360
1288860399274778624
1288862496783204352
1288862643596517376
1288867332241133569
1288875462236819460
1288888409054777344
1288920045326917632
1288937054550872067
1288948480099209217
1288956759013376000
1289027991675129856
1289028348094554114
1289143456779120641
1289209105500889089
1289304334371446785
1288858246741139457
1288858336620945408
1288892662360297475
1288892903566139393
1288898244463013888
1288945606765867008
1288946528846053381
1289018835387940864
1289141033591341056
1290050457356754944
1288859314778669057
1288859517439152128
1288859518621884417
1288859520622526473
1288859742656499712
1288859884772089858
1288860688857862144
1288907778883559425
1288921863360581638
1288978376699650049
1288996311669379075
1288860042658287617
1288860116918439940
1288860272032129026
1289917326838468610
1288860365414109184
1288860431071825921
1289258224722485248
1288860504014958593
1288860752699445251
1288860802506731521
1288861846208880642
1288865306312613889
1288860842675576833
1288861804836216833
1288870352458780672
1288871672511070210
1288874026408935424
1289094658371403777
1289252088556466176
1289728502879498241
1288860931775254533
1288862919221022720
1288883203378499585
1288922856232030208
1288951939334574080
1288952074139574273
1289193051831902210
1289207008772595712
1289312366119620608
1288861490527842304
1288914799712247808
1288890861699444741