1287693977702064131
1287694564338225152
1287695271980220417
1287695549907468288
1287695651929759745
1287696287199039488
1287697059018084353
1287697297560739840
1287697659050917888
1287697790114521089
1287698287198445569
1287698747217055746
1287698997553971200
1287699027232829446
1287699117867593728
1287699231411539970
1287700335541260293
1287700394424987649
1287701551059017731
1287703691575930880
1287703711419174915
1287705473332977664
1287708248209068036
1287709891998748672
1287715438256766977
1287720467344785409
1287730655544188929
1287732038955683841
1287743527959568385
1287755443855659015
1287756518994120711
1287779602664808454
1287805775205867520
1287817179212152833
1287697378749878272
1288015636916994048
1289591336824213506
1287694428392628226
1287846569082003456
1287867422796419072
1288320852812083207
1287694777417445376
1287695327567458304
1287696081422290944
1287694869985726466
1287700253727129600
1287694990349664259
1287695949549182976
1288034298688344064
1287695487739592704
1287695631646154753
1287697834687574016
1287766852341567488
1290953199562698752
1287697151116472331
1287698568631980032
1287703560730234880
1287827778247823360
1287992050483449856
1287697001027637250
1287697974030729216
1287698779475513345
1287697572363026433
1287697965977501697
1287698317585993739
1287698431289339904
1287698459957501952
1287698560742338561
1287698636801884161
1287698665188950017
1287704244171223040
1287867887697326086
1287698032784314374
1287698066066137090
1287698095938007040
1287697959329714177
1287703485668945925
1287728646560587778
1287860798635814925
1287698127537963009
1287698575363837955
1287698909318406145
1287698964230180864
1287699345081475076
1287699366518480896
1287699466133180416
1287698778493865984
1287698838594052097
1287698851827195906
1287701032525533184
1287699002364956672
1287699517773578241
1287699299309096960
1287699411569713152
1287699814235418625
1287701978370506752
1287704940404781056
1287701683070476289
1287734396733272067
1287701773973696512
1287703244677025792
1287703245985591296
1287705070872797185
1287705350716764161
1287705535677071361
1287706280568582145
1287706889988513803
1287706991180361729
1287762607265337344
1287773462639996929
1287786788199620608
1288043361706942465
1288126915534962699