1280562720169881601
1280563499681415169
1280571530116608000
1280597734429356032
1280659435816247296
1280660415312064513
1280705248214962176
1280714683897409538
1280734807501217792
1280817414427553792
1280855511588634624
1280924964930142213
1280929402424037376
1281292092661215233
1281912275599851521
1282030729879187456
1282054491404214276
1282095637421600768
1282149488333922305
1282181785145810944
1282188643533238273
1282372784383905792
1282375177766989824
1282538040628518912
1282939825117556737
1283032774715285507
1283218985417203712
1283318701404459008
1280576879213199360
1280577165289910272
1280578808798539776
1280579840836419584
1280580153211604994
1280580708646432768
1280799384242761728
1280837711897587713
1280867943912529921
1281990481396862978
1288937340262588418
1288970118307840000
1288998118030221312
1289051459011727360
1289150260460187649