1281263554197250048
1281266272181895174
1281290997322838016
1280911471870971905
1280911714200911875
1280912122348781568
1280912248270213120
1280912268507492352
1280912595906555904
1280912826660540417
1280912876673347585
1280912964778950656
1280913153291964422
1280913208220561408
1280913384855216128
1280913560114270209
1280913678053838848
1280913732369956866
1280913946195759104
1280914114638995457
1280914447796707332
1280914592118583296
1280914609298341890
1280914656383639552
1280914705838727171
1280914804761378820
1280915175340740608
1280915844760047617
1280916131700711426
1280916202789969922
1280916472169193475
1280916736158687232
1280916828425007105
1280917344727060484
1280917428000743424
1280917641549410304
1280918010962812928
1280918304903827456
1280918451473780737
1280919667700350979
1280919981815930881
1280922045526794240
1280924012546347010
1280924566651617280
1280924784616828928
1280925153925496833
1280925816071892993
1280926647189819392
1280926844301131776
1280928505262415872
1280930483950551042
1280931890011287552
1280932153971412994
1280932313799499777
1280933316112285697
1280934590887211008
1280935060967841792
1280935307702087680
1280936319343091715
1280937267075387398
1280939061813719040
1280941130427830272
1280942463574835201
1280942866374811648
1280943189709541388
1280947798406389760
1280949761823170561
1280952739422486537
1280955843270389761
1280956770123472897
1280966299821256704
1280967390382170112
1280969311637647360
1280973057214099456
1280974058897596416
1280978665279553537
1280980212625350661
1280982987107176455
1280984113248440320
1280987162352267264
1280989582184648705
1280994443575693312
1280998616799350784
1280999354560581632
1281001309517250562
1281002433246834696
1281005621970681856
1281008418770374660
1281011425276805127
1281012051398266882
1281016748507049990
1281019219883278337
1281030154324672514
1281030716017594369
1281034827068633092
1281040132037115905
1281041596029579268
1281043784999014406
1281043973423931392
1281044108493180929
1281045441925316615
1281046319679844352
1281047992682844160
1281059937632825344
1281061745176399873
1281064258202198016
1281065637314510849
1281069945078636545
1281070499141955585
1281071874995294208
1281077013026086912
1281079453456764928
1281081618707480576
1281087340035833856
1281093282919931904
1281098642061836291
1281105068729737221
1281106825379581952
1281108914067537920
1281112325479686144
1281147745198198785
1281153102637195265
1281160051240116224
1281164993203810305
1281168079662309376
1281174791014305793
1281176030263283712
1281177918262083584
1281178296630349829
1281179345256579072
1281180108590583809
1281186825332297729
1281190933229428736
1281198626539294720
1281204263377608707
1281204822100922369
1281216108209397760
1281223990367916032
1281251432847400961
1281269707564351490
1281273251629391872
1281285473609146369
1281302700160942083
1281348946271432705
1281270688674955266
1281271226078572550
1281276406006235136
1281280469963812864
1281349860080398344
1281512652532064256
1282402706334916608
1282440686185447425
1282503428791504896
1282525695705407488
1282530515359162369
1280924365429731328
1280926403865776132
1286760290231746563
1280923182233354240
1281016824214114304