1278682627554197504
1278419652431896576
1278422532580880385
1278423188096061440
1278487974242549761
1278493342486183937
1278512365030408192
1278535525109043201
1278719839494737920
1278903558482677760
1279166402784489472
1280094195345129482
1280098338851958784
1280336365771579392
1280464618914078720
1281048075910316032
1278427284408582145
1278429274530287624
1278534535785975809
1278431342666100740
1279744310771101699
1278425696759681024
1278425740137152513
1278425952142442496
1278426162486788103
1278426388941373443
1278426443677077504
1278427466684600320
1278428489553756161
1278428637327429632
1278429423948226560
1278429916414070787
1278429989210382336
1278430469093232641
1278430641894445063
1278430721951096841
1278431072477425666
1278431606626299908
1278431653531127809
1278432121892241410
1278432986468417536
1278432994232057856
1278433157956632578
1278433550572929027
1278433943122034689
1278434357687062529
1278434403677540352
1278434404550000640
1278434714735513600
1278435986658263042
1278436019575181314
1278436501462925312
1278436534648287239
1278436779742330880
1278437998946811904
1278438181931794433
1278438200286023681
1278438315214151681
1278438657238749186
1278438690507890688
1278439307146125312
1278439847691194369
1278440175492833280
1278440825249320969
1278441043382489089
1278441245208129536
1278442478438428672
1278442544830054409
1278443610111868929
1278444378202275848
1278444782239526916
1278445971832176641
1278446114988068874
1278447595682217985
1278448203352989701
1278448937926635520
1278449142948401152
1278449562269749248
1278451700114825218
1278452661281570817
1278459528451969024
1278461552803418114
1278462170490167298
1278462183618248705
1278463623275347968
1278464746115805185
1278465891018178561
1278466524194516992
1278467589803565057
1278469760246861825
1278469984327475206
1278470139466350592
1278470773162889219
1278472800152555524
1278474857517322242
1278475874996817920
1278478315972632581
1278484023396925446
1278492881154478080
1278493888379080705
1278494182856732675
1278496337877704704
1278524090983370752
1278527778439286786
1278534928477622278
1278536716421337089
1278539346665066496
1278542994342379522
1278543763133079558
1278549541323714561
1278564381022777344
1278569873648447489
1278571348848238592
1278572886861774849
1278574104199790592
1278575026921504768
1278577853697794048
1278577966956466176
1278579171447341056
1278579418139627520
1278580805284114434
1278581813376618496
1278584850472001536
1278584988317843456
1278585324529164289
1278586318218506241
1278586942326747136
1278590173023010816
1278590595649482752
1278590697537515520
1278590709235216385
1278593248349630469
1278594043484798978
1278594345705193472
1278596005924085760
1278598335826460674
1278602028198084609
1278602422265483264
1278603488998633472
1278603531784683521
1278604509820919811
1278604533493493762
1278605320907038720
1278605327538233344
1278605836605145089
1278606031900327938
1278606526660308994
1278607013338124289
1278607825091125248
1278607923195908097
1278608346426245120
1278608604300525568
1278610058037714944
1278612430923247619
1278612615657410560
1278614331761008646
1278614943265406976
1278615719199072256
1278617001880104960
1278618955364683776
1278620228805591040
1278622544568807425
1278623049621876742
1278623432457019392
1278624208612966400
1278624991274242049
1278625044755865600
1278625842076270594
1278627513858699265
1278628231864897536
1278629094939385857
1278629834160300032
1278630291226099713
1278630308120866819
1278631079696572416
1278632261739413504
1278637938671341568
1278638021743607808
1278640458059702272
1278640521561473024
1278641397013401601
1278642277930450945
1278642471321456641
1278642785894248448
1278643385562288128
1278648939441541120
1278650062256701440
1278650917831749632
1278652525114265605
1278660929887121416
1278661141519118336
1278668508830806016
1278674997708374016
1278689665319669760
1278692055892602880
1278698016074076160
1278705117856960512
1278721873153527810
1278725405281787904
1278725471648256006
1278766366103867393
1278768052482367488
1278772938355982337
1278833569553625088
1278853206018330624
1278917387333578754
1278927839971196928
1278964947133882368
1279016733790007297
1279017784480063491
1279026434254594049
1279089719373160454
1279164888426954752
1279340440957915136
1279380778368016386
1279427711627407363
1279515930658254848
1279647859223166986
1279651017836171264
1279678047495565312
1279687429411295233
1279687797314633728
1279699225304010752
1279710924178407425
1279726690613288960
1279726737887289344
1279727667504451585
1279741736089268227
1279760954612494336
1279765497379082248
1279792896942751745
1279818201950572547
1279825388739465216
1279891916381982725
1279899167691812864
1279995824597057536
1280047824529391616
1280482231509811205
1280999253909950464
1281064144268144641
1281116868087025666
1281200082285498369
1281210504502018049
1281284379054977024
1281343145641377792
1299007134173220864
1299660740631044096
1278433167259639820
1278433443462995972
1278805096747298817
1291177849123201025