1281287528851673089
1281287540981395458
1281288357025325057
1281289972386054145
1281292540264800258
1281294080358653952
1281294432499875841
1281295636642570242
1281295984631390209
1281296026192642049
1281297597488140293
1281299238266208256
1281299277759885312
1281299686029213701
1281300533186301952
1281304671047553024
1281306470529851393
1281307329971941376
1281315584177733637
1281316914288099332
1281317115392331782
1281329168786042880
1281357163412283392
1281372018496110593
1281416072051093505
1281439447041662977
1281454903538450432
1281464177123627013
1281468925373489152
1281468973444296705
1281471198099124225
1281474557690310661
1281476101970124801
1281478247511986176
1281486465566818305
1281489275704487941
1281507570323124225
1281509017328644096
1281509627939753986
1281511018338963456
1281511816821178373
1281511933045141504
1281514157347569664
1281515785253347331
1281518177826926593
1281521313824350208
1281524039022972930
1281529407178334208
1281529939699945475
1281531206664781825
1281533311454793735
1281535389434474496
1281547144223055872
1281548143969161216
1281549324674007040
1281550293969317890
1281553451965718529
1281555172158664704
1281572843222978562
1281583113823498240
1281584238827933697
1281590995067580416
1281617771718205440
1281624155486654470
1281625057513668613
1281655940161449985
1281769475919028224
1283927217928646657
1281292541967687682
1281292543540559872
1281295493805379585
1281296827354984450
1281296844157407232
1281297050601021441
1281330318914531334
1281352750081757189
1281441854748164096
1281450645673742336
1281476671238021123
1281479556482961408
1281482152929107968
1281547885738418176
1281292546027786247
1281292547730673668
1281294458294853638
1281308022678028288
1281330817910833152
1281333855354408960
1281354369087283200
1281362191292260352
1281367783679369216
1281368512712376320
1281444057009405952
1281447337026400259
1281469437393043457
1281488356245790720
1281510913497915392
1281514483114848256
1281519259672285189
1281523438398484481
1281586335397142530
1281612483086577664
1281632719831592961
1281861964172410882
1281909097307049984
1282229393729875970
1281292549429362689
1281292551102828544
1281292880498364418
1281295632393596928
1281475326053318659
1281511781123239937
1282560806211563520
1281292552633802753
1281293594385510402
1281295556862595074
1281295590714834944
1281308353306652672
1281335922680901633
1281471051386560512
1281481948666294272
1281539092937936901
1282537084629073920
1282545073691914240
1281295297872871426
1281297297117249536
1281299637438230529
1281301680349421569
1281300636571783168
1281302110315962370
1283492168397500416