1283030573200613377
1283035706181464065
1282757005808226304
1282769921781321728
1282790540157878278
1283038029079347201
1285746703921033216
1282773214406598656
1282906447169245189
1283038056119971841
1282757968635854848
1282758396563738624
1282758642283012096
1282759113227866112
1282759817254379527
1282760646199738370
1282760774759440392
1282760921463562241
1282761558691643393
1282761587640668161
1282762202152394754
1282762753300729856
1282763593327554561
1282764524572102656
1282764896980078600
1282765904825262086
1282766352156102656
1282766378076909569
1282766809469538306
1282766942361792514
1282768027155599368
1282769402371416069
1282770500482150410
1282771393483026433
1282773767018762244
1282774439822860288
1282781813908307970
1282783686132404225
1282784560460308489
1282785528417574913
1282789535651225602
1282790119754346501
1282792323605303298
1282794307649515527
1282795765128138753
1282803092728111109
1282806257477443589
1282806756377157633
1282810187011837952
1282812175820771334
1282818761783939073
1282822364653391877
1282824406440574976
1282837880021360641
1282842705547190273
1282847594012606466
1282850377046675457
1282856786618281985
1282862062062972929
1282870428520853504
1282875345243385856
1282878160573542401
1282880581005697030
1282881557389336577
1282883855242809345
1282888961103282176
1282891653179674625
1282891858277007360
1282892907939278850
1282894250389069824
1282895009025597443
1282898083932770304
1282899367926652932
1282904805904506881
1282905684087103488
1282907096841740288
1282907513692643330
1282913238339002368
1282913602119360513
1282914461578407937
1282919952308219905
1282923019300679680
1282924570656333824
1282926185954017281
1282929431561023488
1282930039760105478
1282931239167627264
1282932623342526465
1282932960015134724
1282940274373795840
1282940710979870720
1282942160703311872
1282942386990125056
1282942802528276480
1282944653021544454
1282945625298997248
1282945851854393344
1282946786898915329
1282948763439575041
1282950843071787008
1282951396581613570
1282952349196210176
1282952969680494592
1282955286077153281
1282956153023090688
1282956287584739329
1282957185924976640
1282961253909045248
1282963887957200896
1282965545919356929
1282969420709715968
1282969833211072513
1282972932025663488
1282974273703796736
1282976172914012160
1282978161819627520
1282978442124816385
1282981101770874881
1282982233997860864
1282985656260521984
1282988559448911872
1282988902194782208
1282988969139924997
1282990471342518273
1282991761690959874
1282992631228829696
1282996665356615685
1283002051438546944
1283002688624562176
1283003527674105867
1283004261341831168
1283004652376727552
1283005277348995078
1283006903518400512
1283007134788190210
1283007642286333952
1283007726797414402
1283007743205441536
1283009327582806017
1283010289445765128
1283010751846928384
1283014223426211848
1283016920661360641
1283020624215121921
1283021395639902209
1283021622396571651
1283022557352996874
1283027217199620097
1283029314720727040
1283031554172821506
1283031659168837637
1283035659947712513
1283047941058498561
1283051489284546567
1283052038289608705
1283053644011778050
1283061317142753280
1283066857516408834
1283068031346843648
1283068735587332096
1283071878018543617
1283073727576539137
1283078671499235329
1283079708591173633
1283085304438521856
1283086591326588930
1283095817826574337
1283095850940608516
1283096288704311297
1283097249908690946
1283104188680015873
1283106397576732673
1283107777162948613
1283108351073804290
1283118641840631808
1283119762013327362
1283121119432781824
1283123850264412164
1283126320742924288
1283133525923954690
1283137129481043969
1283139310011723782
1283145344994422786
1283151259550142464
1283155047367479297
1283155584028741632
1283161504129462272
1283176413592510466
1283177861180993536
1283189541583630343
1283190845911465986
1283197543455883265
1283203646478409730
1283205001108742145
1283208021787709440
1283230905457348613
1283237618155544581
1283246583295991808
1283257975658995714
1283292708707151878
1283317345910480897
1283332771323301889
1283362044796903424
1283372605840535552
1283378703549050880
1283384014280114177
1283387600548646913
1283440121484914688
1283468441274458113
1283471758662799361
1283475726910595074
1283476599279685640
1283483121103499265
1283485759228395520
1283487276492828673
1283487974005456896
1283498066717421575
1283506179403112448
1283518942175277057
1283524517051150339
1283525324102225920
1283587157093998597
1283650727840305159
1283663401529380864
1283665147127648258
1283665409506455554
1283675133773844481
1283708483150520321
1283709429364461568
1283719288319291394
1283721215128018951
1283797295226671104
1283800752041926656
1283876229364547589
1284070714757328897
1284075028192137222
1284168755694755847
1284349949715419136
1284352596736540673
1284507713628631040
1284802898292084736
1284890482804428801
1284980973281648641
1285070280319283201
1285139037142110208
1285140619854307328
1285198424070139904
1285202903519633411
1285403210992291840
1285405420689948672
1285579250188333064
1285593105534722048
1285620781725212676
1286230345445257216
1286231323808600064
1287112856362614784
1287384326942982144
1287457845508575232
1289851679240642560
1291922321071058947
1296469286425366529
1306224708455718913
1282761040539852803
1282761296245592070
1282761340336078850
1282761469608722432
1282761939937038336
1282761965077749760
1282761998737059841
1282762011399446528
1282762288068517893
1282762448395616257
1282762506373562374
1282763104644812801
1282763583974252545
1282763676613664768
1282764168844775427
1282764838456848384
1282765098486906881
1282765684817170435
1282765917634600960
1282766282404888576
1282766743660879872
1282767233245224960
1282770504374345730
1282771044982554624
1282771368925442060
1282771821461479427
1282771960406081536
1282772904623702018
1282773520854876160
1282775002006388737
1282777269388357635
1282781284356337665
1282782501031878656
1282787684604416009
1282789627238084609
1282847449141387279
1282904231842906112
1282931692613894144
1282932570359988224
1283011321005572096
1283325386722508801
1283326925222621184
1282765583289856000
1282766046181699586
1282766305318191105
1282766440668569600
1282767384563064839
1282769603605811205
1282770764140285953
1282771414773366786
1282772752601174021
1282777132058517504
1282778962087772161
1282781640511512576
1282782370836418562
1282789291538690052
1282789559034667008
1282790809063034881
1282797029823877120
1282799722265100292
1282813349793861638
1282826348126511104
1282834489119592449
1282838939016081409
1282858924920705025
1282892131330187268
1282997777786707969
1282999919901437958
1283028178177601536
1283036884839653382
1283051644721205258
1283052216610426882
1283053953140350978
1283058349064556545
1283060817693417474
1283083047483711489
1283570203415257088
1284481144403251200
1301881688067366912