1283794426611957761
1283794447592022023
1283795762724257792
1283795994212270080
1283811510226165763
1283828207951720449
1283869114411503618
1283885527096123392
1283919754936283136
1283948073694171137
1284015898479730688
1284094890792701954
1284154914885627904
1284836924801384454
1285653569081880577
1283815683869093893
1284084186282893317
1284124912924295168
1284236523009986562
1283808686956216326
1283809463082917888
1283812298428162049
1283812311271120896
1283815053859475456
1283851788534394891
1284199710186590208