1287876709606252544
1288031986494222343
1288151268427538433
1288385616959418368
1287886104356585478
1287894103280291843
1287934318916931584
1287936363137032194
1288001548656586752
1288012021049561088
1288015745570332673
1288017591819218944
1288018160424280064
1288020977918578690
1288021955069612034
1288023527216435201
1288025595885113344
1288026981435670528
1288027091645140993
1288027801422123008
1288030189369188352
1288044341013946369
1288047535064580100
1288066460364017665
1288074026523545600
1288082037447041025
1288090782927335424
1288092636813959169
1288118158293782528
1288136777300094977
1288161770956365830
1288173171514933248
1288178967716012032
1288181349975638017
1288196751103414273
1288215050424066054
1288215411729850369
1288321595690418176
1288466663453622274