1286377778762285057
1287688713196040192
1287689144672481281
1287916156687286272
1285930388364427265
1285959907569631232
1285974614619893760
1286645253500542976
1285928432287744005
1286300326564450305
1286645446438531074
1285933555504349184
1285935987588239360
1285936209982881793
1285943838335352832
1285944805336514561
1286085133741592577
1286088007465017350
1286106524968919040
1286136425469972481
1286142779945451521
1286270567419609091
1286454513495416832
1286510851961180160
1286805764875718657
1287211584935194625