1282417904600915970
1282421278457110530
1282423657529212929
1282424113827426305
1282430099413925888
1282436750716153857
1282477236046659584
1282478681697460224
1282530238774284288
1282551094757842944
1282571005479673857
1282645875890814976
1282660211208196101
1282665563689570307
1282667499348254723
1282667933383237632
1282668337458286593
1282669353331240961
1282671141916573696
1282698819755544576
1282707561116991494
1282716687528321026
1282717660615045121
1282722483779641354
1282738510915678210
1282741094049079305
1282753379903713281
1282757531723423744
1282759461120151553
1282806741823098886
1282841535462039553
1282878221873291264
1282892038833348610
1282913539427127296
1283024469682987008
1283034599539474436
1283036348321075201
1283038168539893760
1283040866274287622
1283061860393246722
1283467450852442117
1283514314197020672
1283817838025871365
1283932305988476937
1283958415992270855
1284027196726624257
1284076088696680449
1284147641501327363
1284207087778705413
1284475435557040132
1284512648504266754