1279457012607320066
1279457738301616129
1279459588065169409
1279466353586507776
1279472661865922563
1279477317845217281
1279478309668052993
1279479888467111938
1279488170707558403
1279503759287042048
1279509064389496832
1279518879543447552
1279521147969662976
1279526416934043648
1279529325990199297
1279530660609306626
1279540882539151360
1279542791975186443
1279544028573417474
1279547152461676546
1279550659495432195
1279555062356942848
1279560667658219520
1279564996293394432
1279569236755648512
1279580795712221187
1279597306699034624
1279597404636012546
1279613300544638980
1279615170969395200
1279618746387054594
1279619299028529152
1279621824733753349
1279628922246713345
1279632280089178112
1279635465243635712
1279635713156358145
1279638971010736132
1279643026793488385
1279643425340620805
1279645111068979200
1279645140236283909
1279646634666754049
1279648715272335360
1279651245159002113
1279658787922575360
1279658859557240832
1279660789524082688
1279671608060203014
1279673640506793984
1279674369623588864
1279686170692055042
1279695354770776069
1279698072919040000
1279698117797933056
1279707975729414146
1279715944378572801
1279718869041655814
1279729258449891328
1279732907012210690
1279737129707372544
1279737441197359109
1279738510317178880
1279740748968210433
1279755722503467008
1279759109097742336
1279765965748617216
1279773545275568132
1279780246909267969
1279782243095982081
1279787629781774337
1279821220922437633
1279831393246142466
1279833573533442048
1279860081295634432
1280113869231456256
1289472021923917824
1279457246855024641
1279472846763417600
1279475241690038284
1279498537227522049
1279506157384728576
1279506816616013824
1279553703444275201
1279554794328186885
1279646849029169153
1279747456427790336
1279799147332165632
1279929027138969600
1279930574858342400
1280015200519745537
1280015620935831552
1280088373328326659
1287987844133216256
1287990375953526784
1287991441336283142
1287992711308611584
1287993936850456577
1287999107433472001
1288000033552556035
1288000097368846337
1288012001646538754
1288013713140744192
1288015090529181697
1288019202188685312
1288035128682450945
1288041893805334528
1288050500525531136
1288059018305589249
1288061704375431171
1288075372114976768
1288078006255321090
1288078249537527810
1288078719106666497
1288085988821151750
1288089083479126017
1288090325500796935
1288096750729940993
1288113590860357634
1288116871519039490
1288117475091992578
1288120238559510531
1288120965029744641
1288121216327245824
1288121597551730692
1288125385301831693
1288130754338332679
1288132649614282754
1288146017112797184
1288151951646097408
1288159996769906689
1288180712911314946
1288189976165986314
1288193022346362880
1288220566701240320
1288223649401647105
1288229513575510026
1288236995580493824
1288241470609260544
1288293266715156481
1288323017219637249
1288324069272821761
1288343396675989509
1288350826491240448
1288560754002722816
1288606304647471105
1288608891866095616
1288666530486652941
1288674257044672513
1288717005776986112
1288722349232095232
1288784906223521792
1288825624015110145
1288861632723128323
1288959749938192390
1288975813455630336
1289016804464119810
1289156173388640257
1289188800233484289
1289251055205670912
1289261056494313474
1289378778553122816
1289493626272153601
1289505101539733504
1289515847967358976
1289552972003700737
1289572264787111942
1289768055803797505
1289782580112289792
1289823437091831814
1290116887158775811
1290137448966586371
1290145245259157505
1290152354885451778
1290158038351884289
1290244450070007808
1290260433102807040
1290339658837250052
1290347569961250817
1290360798573924352
1290428578744668161
1290463663812481025
1290512699034464256
1290660943270207489
1290698711916396549
1291278013464752128
1291548567560167427
1291657531618734080
1291677386107498498
1291724136331522054
1291816188805144576
1291937778364710922
1291991230188945408
1292002161124147200
1292030052620795904
1292122846358114309
1292311682539192321
1292320192857624580
1292335266821275648
1292440535483985921
1292451428418482176
1292502288586637314
1292583637808893952
1292594525521809408
1292610804039081984
1292965697002315778
1293171611751899137
1293202570115198977
1293365372532318216
1293691819017089025
1293716111599587331
1293790968047493120
1293987449048375296
1293990574442385409
1294736526383906818
1294771826212712449
1294785948517949440
1294821290457673730
1294988970133204992
1294989649291681793
1295038869092683779
1295082545349107713
1295172768661737473
1295207040667836417
1295212372068462593
1295213060295135232
1295296861998329856
1295401783926198272
1295793918999633920
1297241239243251712
1297298969924702212
1297349939320758273
1297861132888276992
1297865972401999874
1298364943985774593
1298398528247652363
1298407752662790146
1298414059717525505
1299184591132069888
1279511445345099777
1279829672377888772
1280046456141942784
1288125582404775944
1289158928836595713
1290016295824420866
1291677236735750144