1473467855324827656
1473468150792343553
1473468271605129219
1473468432054030336
1473468488031211520
1473468541093433349
1473468671414738949
1473468714766913538
1473468773831086086
1473468963069825027
1473469046947516420
1473469311050137600
1473469468617625604
1473470096035172352
1473470479759548424
1473470524290445316
1473470723033374724
1473471392893091844
1473471677791014916
1473473048850358278
1473473527831482371
1473473900667363328
1473473924570648577
1473474167953510402
1473474202460200965
1473474562738302978
1473475352886497287
1473475506758729735
1473475717535047680
1473475980408889344
1473476613937549312
1473476853625020418
1473477148161675264
1473477178650243083
1473477612068487169
1473477791639289863
1473480053442981895
1473480350043103236
1473483560300552194
1473484663146663937
1473485867763306498
1473486548918226948
1473486775767158788
1473489179203891200
1473491435496345604
1473497576989028354
1473499784409354242
1473502991193985031
1473503197998239748
1473513709322608643
1473519435348512768
1473519988749176832
1473521879705169922
1473521881827450882
1473523758560391170
1473524130708279297
1473524573509505028
1473529533311688707
1473532240604790786
1473533668438286337
1473535751216193541
1473554250382913539
1473574793639247872
1473577290298576900
1473608539365068802
1473618040411541505
1473622630343262214
1473633808796708869
1473634167619571719
1473637652805074949
1473640943873974276
1473646093720301572
1473658620013334537
1473695054770409473
1473721846122139651
1473723543942795277
1473742751489564675
1473754467434745865
1473804493305397253
1473805403079258119
1473811081466318848
1473835822948532226
1473838618129027073
1474032250496765957
1474060208985067534
1474511287665238016
1475251990053728256
1475315994457432065
1475528351737655306
1484176551423979520