1467964811107573770
1467965121335021569
1467965353858932739
1467965492388405250
1467965799688290304
1467965867354845188
1467965969247182849
1467966018286854150
1467966522945642501
1467966523645968385
1467967509814939648
1467967631567335439
1467967868872671236
1467968087530123265
1467969278821416968
1467972892654772236
1467973767393685507
1467975945130762240
1467977354060664832
1467977716548911105
1467977719459860487
1467980250969780226
1467983308579647493
1467987455756414981
1468003406468071434
1468015117749026817
1468020731531440130
1468034724186656771
1468044235089850370
1468049663383244802
1468083857815703556
1468088054048907266
1468128344671764482
1468191809319092232
1468196792558891010
1468229732638593030
1468233433344323590
1468264487484600339
1468264937218789384
1468322141678587908
1468359388138254339
1468560899946385414
1468620228217212935
1468648465274134533
1468662413818044426
1469272989241856004
1469497317703172098
1469886978317561857
1470466122516353025