1475859321263173640
1475860316974112773
1475860926389751811
1475861238831849476
1475863168706650112
1475868325179764737
1475869178003435532
1475871712403206147
1475872248682762243
1475874074844966925
1475876105135562760
1475876896479096839
1475881654522728452
1475890905655742470
1475896040582701063
1475907769677058050
1475917831778840580
1475957017638436865
1475959249788411909
1475981397668077580
1475983431628636163
1475993718041677826
1476057460268048385
1476100731178561542
1476154451014701063
1476157046827458564
1476212691555528705
1476285323189620736
1476899939120816150
1479682418365718528
1475860878339850248
1475874845573406729
1475880936235581442
1475889827883192323
1475890894679248903
1475917715139354628
1475943285806018560
1475963368091619337
1476085584464592898
1476100735788109827
1476102222610001921
1476251580303241221
1476252160803364876
1476547591458508804
1477644963055915010