1472317533889961991
1472317792347037696
1472317854414520324
1472319494202736645
1472319734192525318
1472320110052483075
1472320317024444416
1472322288095621124
1472322302029172737
1472334225944850433
1472340863451815939
1472344306879016962
1472363245260271617
1472366088662966273
1472366564645167104
1472375035608326147
1472375473434992644
1472383819567321094
1472389434158899200
1472393385684127746
1472394822845620225
1472394855930281987
1472394890814365706
1472414022481989635
1472418990152687620
1472459545901367302
1472483145895268355
1472547737413595140
1472549167239241732
1472550102166294534
1472550642367488007
1472566091763392512
1472571218180153345
1472591574555148295
1472724340215271425
1472892276489736194
1472898876160057346
1472939558610378759
1472962162125594630
1473310669105766407
1473380839903924232