1471602286526963727
1471602554278756357
1471602758042243081
1471603586341556225
1471603759482486787
1471603778478559235
1471604318272958469
1471604924790325259
1471605243314061317
1471605678070538242
1471605943632805900
1471605994312519680
1471606317299216391
1471606340749570053
1471606659915075593
1471606992506540039
1471607294760783878
1471608010078359562
1471614095648559111
1471616188568551428
1471616640844394499
1471618419837452293
1471619216478556162
1471619541813764101
1471623966846603270
1471626730620305415
1471626953950208009
1471632767683383296
1471635175008260109
1471635604798685186
1471643461006905351
1471644085433688065
1471644149455765510
1471648983500177410
1471649034930561024
1471649640634322945
1471654481410596864
1471655204110037000
1471656448404774916
1471656893944934406
1471657241363234819
1471668498845765643
1471672811949211648
1471678308005908480
1471679241553125379
1471693364953325570
1471693403670863879
1471694346374107136
1471696082199527428
1471705213333614593
1471719669312602112
1471722543392321537
1471737689200369664
1471747225873178627
1471752264809426949
1471755575709024261
1471760407006121984
1471781372327043072
1471793418087108610
1471806957350793217
1471815450103357440
1471826115652116485
1471831427994034182
1471836587420012556
1471838087974203392
1471840511761780744
1471842536843100164
1471847793396436994
1471849695060312069
1471857167456256003
1471859398486241280
1471860679133044745
1471861990423511048
1471874208405803011
1471878938615894017
1471880596758532097
1471881036896350212
1471882507851382789
1471885213512962057
1471886140491763718
1471898525881581571
1471901950925021187
1471907472533303300
1471907488018714633
1471913475815444485
1471920687724048390
1471926838142410761
1471927594559819776
1471944517628616704
1472027563618824192
1472028464924475401
1472039044049776648
1472048831755923461
1472294676380196870
1472319111552282636
1472343049468620805
1472459854941982723
1472793369826975745
1472819682205835268
1472837822725996544
1472856079247753218
1472876868156198912
1472943553655541765
1472944324258193412
1473036468763250690
1473691724874665996
1474000518548803588