1471194421140107271
1471194943033118723
1471195124117999617
1471241942201733120
1471261549008461835
1471537202656075778
1471540324992491533
1471195627392487429
1471197432696430599
1471198329283674112
1471198616643584004
1471199434902065158
1471202204400992261
1471202975309656066
1471203853185863683
1471248101629382662
1471258556263501836
1471261190185787397
1471263557954195462
1471270920018870281
1471277573544030213
1471365921037979652
1471195079519973385
1471258605626314752
1471261330598465536
1471195080908316672
1471195082351169538
1471195350455226380
1471196066590699521
1471201131791626241
1471203241836756994
1471219105390743559
1471258626459377669
1471258652174696451
1471258673699856396
1471261361149784064
1471261393311653891
1471261422424399876
1471326131362144263
1471694404754841604
1471196234346078213
1471196606598770689
1471196928201437185
1471197074725085186
1471197958582734848
1471199578779275267
1471212016253775877
1471293896542109698
1472312648050036739
1487580238389612544
1471196236229353479
1471196237797990403
1471198912568602628
1471196239232483334
1471196240662695938
1471196242105491463
1471196982341373955
1471197942618931210
1471199279490473993
1471218033905610761
1471363104353124359
1471212293555994628
1471216943663300612
1471603125928833030
1471196958681350146
1471197445547692032
1471197809395310599
1471198311222755330
1471198430882115588
1471198503510712320
1471198793873952769
1471198949935652867
1471198950099087361
1471199568910028809
1471200161351311365
1471200494362271752
1471200518940893188
1471201767140515853
1471201890574737409
1471202209979326464
1471202539634896909
1471203247759273996
1471221130631389184
1471221152467017735
1471235247681458182
1471276598171254784
1471278426657021957
1471536368664911879
1472565625381957635
1471196960312938504
1471196961835565056
1471198768750116872
1471199045247029262
1471201232937447424
1471204168207671305
1471204469736198151
1471206893486067715
1471216538887680004
1471233167646461954
1471602444891213830
1471605037793169417
1471197870032310274
1471198067420450816
1471198521814519813
1471199302445764608
1471199513071263747
1471199553550434311
1471200187972407296
1471200351156150279
1471200703930531840
1471200897615073280
1471203144075993090
1471203626714423306
1471209529673142276
1471245481762332685
1472456733578702849
1473263539909496832
1471198202418192390
1471198925227016195
1471199237534732290
1471199354878783488
1471201107015651334
1471202120388935680
1471205387810775040
1471206990068293640
1471510437204217856
1471198903383044102
1471198904809148430
1471199238902009858
1471199440316907522
1471199578603020290
1471199809058983937
1471199824720666635
1471199862142078979
1471199897298870272
1471199984926273541
1471200032372273154
1471200294386216964
1471200581935149057
1471202884230557702
1471206804403142657
1471206928252653568
1471207969866067971
1471315731572797440
1471477589525024771
1476771136235089923
1471199586056216576
1471202421061795841
1471202931709923330
1471206450001330182
1471211650275442690
1471199990143852545
1471200036927246341
1471200290393182208
1471200387440910336
1471200394994860039
1471200692769419264
1471200738042957833
1471201029723242504
1471201248691040263
1471201786375688194
1471201892956999680
1471201945142501384
1471202463076204552
1471202647088766984
1471203338515476484
1471203740086521857
1471204048565121031
1471205142393331712
1471208483743797259
1471213484725751826
1471214630559043584
1471216108254359552
1471224111024283652
1471225497166266374
1471225703978856450
1471225802234765326
1471225959626027009
1471226172902096907
1471226540876832781
1471226919790297093
1471227352051036162
1471227384707829764
1471227639742480393
1471228629266976770
1471228660694896643
1471228824130097165
1471228900835573768
1471229927894642690
1471232162213109766
1471232473224859651
1471232603994968067
1471232972124835841
1471233115901337618
1471233145496293377
1471233492780523520
1471233504012816390
1471233608153133057
1471235342330216453
1471235761244676103
1471236586461401094
1471237478312865793
1471238244478197767
1471239202306072577
1471240589521784832
1471242133000515586
1471242135756328967
1471242266937286672
1471243856498802688
1471244454824710150
1471246344249479168
1471250367941906439
1471251118097256449
1471252151448092676
1471259450279440387
1471261531904090115
1471264700063268865
1471270139588980737
1471270255137726467
1471275199211483143
1471295728786059264
1471300665838379011
1471300668933640195
1471311407266381827
1471346748652204032
1471357107475828737
1471363704507834374
1471424198673408004
1471427208308830211
1471430573159821318
1471435294394265604
1471437613181587458
1471448122949783560
1471448881623932932
1471460779895541760
1471464406596870150
1471464888396619786
1471466915084181510
1471468163342774292
1471468675446280198
1471468938408173581
1471469586423984142
1471475152470757376
1471490673291317261
1471491143082803203
1471499641413722115
1471506912705331206
1471516335104569347
1471522988289843202
1471534016914280448
1471542022569746434
1471544707532656650
1471546867582308354
1471568439537975296
1471571592526413835
1471591621062012944
1471591770639278083
1471652880973279236
1471670112243621890
1471670605590183938
1471699004643762180
1471710325825277958
1471789560824680452
1471831772111458304
1471854649330180096
1471862511309889537
1471880636000464899
1472138873002147843
1472185798103556103
1472220453078847493
1472220914720903172
1472242215153983491
1472248476297797636
1472346633484619779
1472427591986470913
1472582806454915080
1472634666280792068
1473169793301680129
1476254733866262537
1471200973372772354
1471201292995473414
1471201513582309385
1471201674098364419
1471201791668850692
1471202113053208583
1471202777896341507
1471203278503350275
1471206042373664772
1471237099617755149
1471244337262383108
1471245031428091905
1471246216117719043
1471259120724590595
1471275834505842691
1471291011242541058
1471305457725849603
1471352531632766977
1471466907261755405
1471536994656395265
1471548356602130437
1471552295313702918
1471555719845535751
1471560049977815040
1471562235004784642
1471678918059036685
1471679142118793217
1471796623919366145
1472034429229015041
1472903302241304579
1471202222683967490
1471202641560616962
1471202694274506752
1471203370371358726
1471203407402881028
1471204858116067335
1471206262708871173
1471206861902946306
1471207777792147461
1471204851862454273
1471204950197817347
1471293750840369152
1471314673236594692
1471204087031021569
1471204484629995531
1471205224324993031
1471205438125494273
1471205868284825605
1471206256979365890
1471207453761048578
1471207909207990272
1471207989767979014
1471209390850015233
1471213892391116808
1471220607706705934
1471230423380291586
1471230708232425474
1471235186490851330
1471242244376055808
1471244632860151812
1471255058104864776
1471261089430130695
1471272248417800196
1471273208502439942
1471277634273296386
1471287159189430273
1471291516756709377
1471293776886788100
1471294173009649664
1471298764212109316
1471299025282351111
1471299518499020805
1471304543371624451
1471308730868416515
1471312679461691394
1471318094278795269
1471318814335791104
1471330642038341639
1471330855888908293
1471352429325299714
1471366409292820483
1471389831729225732
1471408740180103170
1471416209912459265
1471428616454033408
1471451276168908803
1471468729389232136
1471475423267667980
1471484321798275075
1471505947772080136
1471508308372557829
1471510294228840448
1471511306939162624
1471516089578254340
1471518616835219457
1471540542928560140
1471541701852413955
1471548369289969667
1471568018899619850
1471629201140822024
1471642615510667269
1471669314893795328
1471676134286893061
1471702443230519300
1471907968618749961
1471921950947692552
1471989342482489344
1471996542101987329
1472218569593298955
1472331680581046282
1472439028666429441
1472520985895215109
1472572942814953488
1472573577492938758
1472586086442582020
1472615430564974592
1472632931327746051
1472670488535126023
1472673150810873869
1472675491568144390
1472838126724952064
1473082238262816774
1473115112672268289
1473382340697206804
1475052891895316482
1471204411426971650
1471204858036473862
1471205439333441543
1471205609307619331
1471205639703650316
1471205841781104647
1471208466547154948
1471208889681076232
1471209987909242892
1471270033376497666
1471282402823524352
1471288904477204480
1471331277462724611
1471352400103489538
1471389836976263169
1471451711437000714
1471474188284317698
1471487116060377089
1471498058932244483
1471503418783006729
1471503627109896194
1471503795611844611
1471516598087340033
1471547225910255617
1471555603260743680
1471571942650044422
1471593800942428165
1471593964499353600
1471594023961993217
1471594174935973891
1471598649146634240
1471660730525130755
1471760142282596353
1471807242898866177
1471843044739538945
1471848919982354434
1471874311812177921
1471974884146356229
1471976288474779656
1472276220439973888
1472564863008399373
1479676653227761664
1471205090086248452
1471205091961188358
1471205740576608256
1471205854284234759
1471206982006853643
1471208048073273345
1471210199973351436
1471211276818952195
1471217474934919170
1471220128645853196
1471220949995380739
1471228800113557515
1471234310221053957
1471245877830463493
1471278157835685888
1471389841157931008
1471389845603950593
1471206895969054727
1471389851148771332
1471207211355586563
1471389857486458880
1471207212991328269
1471208530279641090
1471208621044338689
1471209103552917515
1471211071901999110
1471214617833652232
1471216545359712260
1471233942397366279
1471389866365792256
1471389870539030535