1468980275044622337
1469045484522283008
1468986329325350914
1468986496740999178
1468988296395214849
1468988499286269954
1469040967399636992
1469041143207714817
1469233783261990913
1469250937294405636
1469267927023161346
1469270049521225734
1469298375375953924
1469727057940824064
1470170045967912966
1470411315357392908
1471029123728486401
1469347789964517380
1468982673314037772
1468983308998656003
1468983920414756875
1468985180190871560
1468986812001488901
1468990687752429576
1468997907324018691
1469011676053843970
1469021936772472834
1469030016084332547
1469045235649060868
1469059700603899913
1469084664119844867
1469092063065092099
1469116284155613187
1469374893779296258
1471603104051302401
1473704545314390018
1474263056557432848
1474403396501131264
1479676819133501440
1479794565129416706
1479826276944949253
1480089666925830145
1483930853738573826