1468626732953575429
1468626737017679881
1468627326451818501
1468627939226963971
1468627959305097225
1468628083641135106
1468628094873395204
1468628123931582465
1468628733741264896
1468628879690682376
1468629100826746884
1468629619087527936
1468629652033921029
1468629925250830336
1468630614727401473
1468631375116918786
1468631587726241798
1468631679979958275
1468632394114732039
1468632433893560326
1468633979158814725
1468634547390668807
1468634825385029647
1468635677747298314
1468636396659245058
1468636533062316033
1468637396023398401
1468637559588732930
1468638686950604804
1468639745836081154
1468641592227549187
1468643124620795914
1468646602159976450
1468647015248797706
1468649173146816520
1468649529377538057
1468649533169029129
1468649856772235267
1468650323552215040
1468655765737119750
1468655977310265348
1468658957258534916
1468661035695423492
1468665892959621132
1468666010463096839
1468673287014297605
1468678082865283086
1468689882222501888
1468690648962256898
1468698827381170178
1468709699713486848
1468709753262010369
1468712645876273152
1468713185700192268
1468713586440736769
1468714472403570694
1468737032302125057
1468742782089150464
1468759388391452678
1468770947469504516
1468777863985786884
1468779550645657607
1468779916477009922
1468793915121840137
1468795432377589765
1468806440848531458
1468806600047710213
1468816503520727041
1468831929176842243
1468849633241841666
1468853127940038657
1468885885190082563
1468916025127280640
1468921915599470593
1468929668111814656
1468946924929753090
1468952523230756870
1468954122963415041
1468980370045485057
1469011459590008834
1469052223317581828
1469164496807682052
1469214500574285825
1469271904192192516
1469347132545150985
1469359260706521104
1469655506734178305
1471173640167190529
1468631411582279688
1468857027803947009
1468686214152790016