1473700450935398412
1473700517457059845
1473702101024919554
1473777969931849729
1473926405599772674
1474006319480905735
1474104245079187464
1473707699468746758
1473707790220906498
1473707971188248576
1473708076041707520
1473708348415647764
1473708377436049416
1473709767688347649
1473710322129281042
1473710384041373701
1473710412466204673
1473710887521472525
1473711022661898245
1473712815059972096
1473714373860417538
1473725512346386433
1473727402954137608
1473742556353556480
1473756057646239744
1473783536096317443
1473784816193576960
1473915349561004032
1473926411270463493
1474734280785809413
1475696943758196739