1471163425464078340
1471163477880451089
1471163955909386240
1471164301394452480
1471261608722710537
1471168627185369090
1471169540444893192
1471175193007640580
1471175475594612736
1471175640682582016
1471176987511345155
1471177043786280967
1471177087197265924
1471177547400593426
1471177693152649228
1471177716984684549
1471178174574780421
1471178654575124486
1471178760267444245
1471179568409034753
1471179612122091522
1471179822407815174
1471180592360435714
1471180933000839169
1471182542556393472
1471182834404507649
1471182850993147915
1471187031204130817
1471188044325793801
1471190797370466307
1471195392842743815
1471198114031747078
1471203903148630019
1471204257168867339
1471251001298628617
1471284982064857093
1471505277748858888
1471508965171163141
1471558817804689410
1471584514115780609
1471638479431999494
1471774465973534724
1472414118523158528
1471175491063267336
1471175689894252550
1471175714095476736
1471175781439135745
1471175894085611526
1471175971126476803
1471175987270496258
1471176125078548486
1471176182334955521
1471176190782283780
1471176320516296705
1471176708946640903
1471176802827710465
1471176809974800395
1471176884293677056
1471176952233009159
1471177017739649035
1471177242873106432
1471177650840375296
1471177667022049288
1471177681664421893
1471178105268191235
1471178252362338317
1471178325020270596
1471178547188449281
1471179272777838594
1471180013512835077
1471180274981429253
1471180964168704005
1471182827559419905
1471183120699379721
1471183187367763971
1471183586753662977
1471183719906041865
1471183840408485899
1471184204046254089
1471185878445821952
1471186048206188545
1471186757639188485
1471187095574106112
1471187349975486471
1471187616200486912
1471188017784123397
1471188924945022980
1471189190188564481
1471189754431434756
1471190174059020289
1471190280959578112
1471190867557842945
1471192376408518669
1471194808110792708
1471194820844523523
1471195806837313542
1471196064057151488
1471196324875976707
1471196531076206592
1471196885851336704
1471197795591737344
1471198164963061761
1471198584217509896
1471200709869776896
1471201611980566528
1471201684596703239
1471202458101862413
1471203909985316869
1471204035361394693
1471204182392725508
1471204399154356224
1471204697889464320
1471206588073533448
1471209584312344578
1471211048690724880
1471212209132867587
1471213249118887942
1471222926724591616
1471225765052231685
1471229507994632204
1471231695496130564
1471232751219220486
1471234021396992006
1471235309933408261
1471235746740654080
1471237426102382594
1471238570996293637
1471240281706184706
1471240966027755520
1471241093769539587
1471252934667255814
1471261847538081795
1471261876931682307
1471263606943715329
1471263629899087876
1471266891624820743
1471271080635600905
1471271110712995851
1471277142092746753
1471278044946092032
1471278070300659716
1471279634192994310
1471288556588974088
1471292783881293829
1471302305169424389
1471309510736293890
1471310537619230723
1471312135355572228
1471313970225106948
1471314225041747968
1471316560681836544
1471320479130656771
1471321834859683841
1471322273743265794
1471323547079520256
1471334249177440256
1471339626178789380
1471347715401568256
1471385490108698633
1471397023945474050
1471421107303452673
1471444500341948418
1471467057053151234
1471467275270115333
1471472339741204488
1471475583691407372
1471479097499037698
1471480172834611204
1471499982381355020
1471500489338470418
1471503068386639890
1471503625444679689
1471507458677825547
1471507483055165454
1471519535958274053
1471520232816750594
1471533211742318596
1471535215902351362
1471538826833285124
1471544833315680265
1471554735467544578
1471557083690672138
1471566823434985472
1471572894505308161
1471592286270201858
1471613462274924547
1471680220021202946
1471682133563305985
1471683731446374403
1471724364857069568
1471908009471270920
1471908302678278148
1471916896198950912
1471925194390491140
1471998146171609088
1472055439714045955
1472090371756806144
1472141277265383428
1472192860027908097
1472197492242587648
1472211061340352515
1472222955954491395
1472305398589833218
1472316207307051015
1472334918332174337
1472350735966875656
1472402014978117638
1472950519786315778
1473099135943335938
1473691891480858627
1474536272936976390