1473667049180311553
1473667207817269248
1473667735435493385
1473669530706747426
1473670840583548932
1473672731237441536
1473673109656203270
1473673641732812800
1473673987850911748
1473674093748756483
1473677904299110405
1473679613289193474
1473681869824790542
1473682921521307649
1473683077813747713
1473689506318622746
1473693926762725382
1473698735611858952
1473700721153433610
1473705492396580890
1473710431214739457
1473795491188002817
1475510071538995207
1473667232114917378
1473667946371338241
1473679430530781186
1473697174127104001
1473879228441452546
1473667484729454592
1473667950175473664
1473668523008266242
1473685192225312777
1473716482785910791
1473668187749163015
1473668807033901064
1474051302560649216
1473670719540240387
1473795530585083904
1473974680696545283
1474012822946340867
1473676020985307153
1473727565139431424
1473791411053117456
1473795591629000704
1473935898957864961
1473974600434335747
1474028124627247108
1474040733845786769
1474044019399344131
1474104919623974926
1473669292692545536
1473724846974636033
1473730534664777731
1473795348606849025
1473669647153217546
1473693494577352704
1473713133973868544
1473670129632399362
1473670696307879941
1473670706047201284
1473670892341248003
1473671758691676160
1473676096457560078
1473713857310908419
1473719297050615818
1473725961137008643
1473736544196435971
1473737881466425357
1473742416469544973
1473748927455408137
1473795274413797378
1473903308825935878
1474013147409305604
1474013862047494145
1474754884096475141