1467948121665814534
1467948394672889860
1467948977043939330
1467949002800910336
1467950808708825088
1467950818536079363
1467951563889123338
1467952050050940930
1467953322287984641
1467953627969032192
1467953857640624128
1467954477051170816
1467956444842663951
1467956505718755332
1467977771720790021
1467978836587466754
1467981626097696768
1467999081591156737
1468005850002472962
1468016660074442754
1468017809661710340
1468022112346595328
1468038147204272130
1468054832787431426
1468057060881440773
1468059180657524736
1468062842406543364
1468101148938620928
1468128339776966660
1468194479064731652
1468661873750990849
1467960383587721219
1467960455876558853
1467960964498833419
1467961416204255234
1467961504695824397
1467961551848153093
1467961635138519042
1467961859064094721
1467962000496021509
1467962396723474434
1467963100213223426
1467963113425227780
1467964064869629957
1467964176853348359
1467964729025085440
1467964748784357380
1467964763145658372
1467966836448845833
1467968396990074886
1467968604561944576
1467969610016333835
1467969848177221642
1467973668550557698
1467979813436772354
1467981397658898435
1467984366001393666
1467985016588222472
1467987133721976835
1467989156173340682
1467989836913020929
1467990796154589190
1467997080430026756
1468013014251102212
1468013909315670028
1468015078230396928
1468020626287992833
1468021852295421964
1468024558217318403
1468038821593890822
1468039553684488198
1468044437964087304
1468057464717422599
1468063310738305024
1468070451477991424
1468098808492048386
1468099293428998151
1468100157950468096
1468128575417114627
1468142029523890177
1468177506553454598
1468179566602506245
1468186416924409856
1468189177716084743
1468216426326601731
1468217152012492806
1468230733663776776
1468249289503944704
1468249300853473284
1468258830249349129
1467962538713395202
1467962708653854721
1467968698149482497
1468025741765865474
1468036401287643139
1468128581356339206
1468205756071944194
1468303949329575936
1468932588765171712
1467960532313509896
1467968725743808512
1468036447072669704
1468205794881646595
1467960533588586501
1467968768576004103
1468128590013341701
1467960602366820357
1467961675022274567
1467968790113705984
1468128594161512448
1468205857666404353
1467968826872672260
1468128597101711360
1467968855008063498
1467961015631429633
1467968871378341896
1467960807182974986
1467968894119780352
1467960871624351754
1467961698095177731
1467968913745096717
1468128607071621121
1467961638276022275
1467968937434529792
1468128608367656960
1467960977429782541
1467968960461217796
1467968979645960197
1467971833928503299
1468038897972269061
1468063065480613890
1468095812777361412
1468128611320401921
1467962756695478272
1467963816839311362
1467969004769787907
1468051594734292995
1468097840979136512
1468098149319204864
1468209980528787456
1468307621367087109
1468564330383773702