1469412178700779523
1469434458352848897
1469444521222197256
1469565205562728448
1470237643871072262
1470596744199254022
1469416046092296192
1469416047648333836
1469416411688747018
1469416610171658249
1469417063768891393
1469417555320348696
1469417605228339205
1469418120045637633
1469418141314949125
1469418147249852420
1469418452310007809
1469418788131164161
1469419003433000961
1469419234363121664
1469419409328377859
1469419775357067266
1469420113883451398
1469420159324639236
1469420265625079816
1469420886780432387
1469421131018891266
1469421292348657666
1469421348221030400
1469421519461748736
1469421615259738121
1469421860529917952
1469422143385452545
1469422346704404490
1469422931725934599
1469423431515095046
1469423649023311890
1469423814928908293
1469423983019839492
1469423983405813763
1469424035754909701
1469424094701666316
1469424375480913921
1469424556280586244
1469425170083364865
1469425249448042503
1469425593309663233
1469425618198487060
1469425623881945092
1469425653476999168
1469425978019663875
1469426174136881154
1469426292072222720
1469426307943436289
1469426358388334593
1469426502064345089
1469426721896251395
1469426820428689409
1469426832994816000
1469426990809694208
1469427192585080832
1469427222767362050
1469427280506093573
1469427415554342917
1469427431404670982
1469427645242699776
1469427651656007681
1469427819264499715
1469427821982453771
1469428086320021509
1469428088123674629
1469428311168528385
1469428429464522755
1469428465057337348
1469428654069350403
1469428672926994432
1469428698734604297
1469428708511465474
1469428720356061185
1469428751243091971
1469428847640600576
1469428862836744195
1469428873683091456
1469428895602688008
1469429055288012806
1469429382737371139
1469429404703014916
1469429606956482560
1469429638342463493
1469429760510025730
1469430022414880773
1469430032640745480
1469430139566141446
1469430251151310850
1469430431212785667
1469430438687092745
1469430507276361730
1469430525530189831
1469430673148563458
1469430705377533955
1469430815323041802
1469431145632866313
1469431168122642432
1469431179619311617
1469431278432927748
1469431413099229186
1469431542011215872
1469432262001238021
1469432281148248064
1469432370314940416
1469432403873644544
1469432430474014722
1469432469413892100
1469432957622489090
1469432977193115648
1469433099100565513
1469433199638073349
1469433333289472010
1469433535215943680
1469433634490826757
1469433691327930376
1469433715449380873
1469434017376313350
1469434323036098560
1469434686527127554
1469434946557296650
1469434989691420674
1469435394970329096
1469435592417107975
1469435780330401798
1469435953630564357
1469436406737080320
1469436504585998336
1469436644919234562
1469436864390217728
1469437115989639172
1469437121182277642
1469437221912653825
1469437376690802702
1469437520676995073
1469437742060867586
1469438512349036551
1469438721250541571
1469438904445116424
1469438912225427458
1469438998800224257
1469439925493903362
1469440988963905537
1469441336893968389
1469441662069915652
1469441989334679558
1469442148932202501
1469442346747981824
1469442671777353728
1469442806636855296
1469442858482642947
1469442989873324040
1469443156253069313
1469443224360173568
1469443660961878022
1469444939238940675
1469446418838523908
1469446473687478277
1469446582533771281
1469447108289826816
1469447170197798913
1469447175352553474
1469447258253021186
1469447392328093699
1469448638338408448
1469448837626429441
1469449231345848323
1469449374233251841
1469449621260800000
1469449874135523334
1469449883467726848
1469450325027213314
1469450479453319175
1469450797356306432
1469450942181519364
1469450947327791107
1469450985810575372
1469451948080435205
1469451975960018948
1469452517830389761
1469453019834056705
1469454201931583491
1469458020702773250
1469458543812222983
1469458577559633929
1469458603966926851
1469461330834903048
1469462110203695117
1469462471492599809
1469462763043012613
1469462812191707136
1469463004139958277
1469463168661573638
1469464357956460550
1469464447307681802
1469464698038988804
1469464950724706306
1469465600963403778
1469466140674043906
1469466228800380932
1469467657715990530
1469468673924644866
1469469267351453698
1469469623083020290
1469471380873920518
1469473641549090820
1469474020017983496
1469475132066471939
1469477417488195593
1469479330568814599
1469479817175126020
1469481277636153344
1469481309483511810
1469481447325110274
1469482422790205441
1469482863473172487
1469483948271149062
1469486591194255361
1469486984121012224
1469487015280484355
1469487050181259264
1469487213775884290
1469487571482914829
1469488078750375940
1469489861849722887
1469490464864751617
1469490798827823104
1469491215926059010
1469491251196174336
1469492781013995521
1469492808557940737
1469493980970708992
1469494179285766149
1469494805487046657
1469496998290198537
1469497896231972864
1469498102193156096
1469498354249789444
1469498722254045185
1469499345389170689
1469499955849187329
1469501733147656193
1469503027778396166
1469505656747335683
1469511772952539140
1469516198689738755
1469519093887811593
1469519752523624448
1469520211309121538
1469523331619643392
1469524199425384449
1469524842315751427
1469527050553905158
1469529668772675590
1469529983131471875
1469530069869547522
1469532419942457345
1469532488699502594
1469533565931212807
1469536328731676672
1469537017679659009
1469542208965693441
1469543866701254657
1469546591275171842
1469547642225152002
1469561467254939648
1469567804340899842
1469574051068743681
1469575188148736001
1469585801684021252
1469590665260589064
1469590902566002691
1469591948931518468
1469596891046285313
1469602117182709767
1469602931309699073
1469603858254942211
1469604526416035843
1469606702081142786
1469613113364336641
1469613790908059652
1469616934303981576
1469621449287684097
1469623977702215680
1469625073304670209
1469625970684354566
1469626020038856705
1469639594362785793
1469646966787387394
1469652476399955969
1469652644717375489
1469653314740670481
1469657078826508289
1469662822405705743
1469664116964933632
1469664901211865089
1469664912888803331
1469665050055094283
1469665330066694150
1469665623823241219
1469666693890904069
1469666829127716869
1469667878572077061
1469668062836281350
1469668347482681353
1469669522965614592
1469671400973783047
1469671497069383691
1469672858557161478
1469674345614098435
1469674537390325773
1469675166900887557
1469675345871843329
1469676009926447107
1469676860451733516
1469677267106283526
1469678197197447175
1469679230665506823
1469679708765708291
1469681988965707776
1469682004228820994
1469682447835086859
1469682900886982658
1469683939124076555
1469685576651530241
1469685782940114946
1469686762372927491
1469686851594330115
1469686905646325760
1469687143484305412
1469687527330267139
1469688222691336193
1469689712440795137
1469691410660081674
1469693500946096128
1469696391228407808
1469696952128450565
1469699548721332225
1469700021180407809
1469700751316373504
1469701775607439363
1469703708074295299
1469706625921470464
1469710214517510145
1469711398536040450
1469713294994857991
1469716035540508680
1469719540242264068
1469722610481180675
1469724216576692231
1469728585938309137
1469728640455872514
1469728705979187201
1469728788028219396
1469729987406225410
1469730022047064067
1469730041206644748
1469733475204825089
1469734607255863296
1469735553977524225
1469742658428051463
1469742686047506444
1469742714040172547
1469742923675680768
1469750777094811657
1469755486299951115
1469756169346596865
1469756246156840961
1469756859905101825
1469758618123780108
1469764825609912324
1469765016274493452
1469769337548554240
1469769940748193805
1469770471126278148
1469774431924936704
1469786131822743559
1469792016125116417
1469792039554498566
1469792521459015680
1469798434358104073
1469799430077435907
1469802428006637579
1469812588271726599
1469813754204282881
1469815577455828999
1469816137584160774
1469821414953914380
1469821971202465793
1469826371782422535
1469841825322180613
1469846067088867335
1469846513576722437
1469857309438394371
1469857967793217539
1469873870303809537
1469911188997918721
1469936194888765441
1469943256578465794
1469976570140012545
1469978958930354178
1469982899663429632
1469982930047021061
1469982960678019076
1469999770374656002
1470008851583967235
1470012167470534656
1470016954433949696
1470031695034212358
1470046148819922949
1470048631126384642
1470054305616961538
1470064397863297029
1470068053933101058
1470074340787965958
1470090382344081413
1470090497305817089
1470115310032363522
1470120126976606219
1470125439884701697
1470136114459594756
1470148848538554371
1470149753958772736
1470162127260368901
1470162219103146000
1470165200116633613
1470165223772413955
1470170024149233664
1470172992957153284
1470180518788583427
1470181254523936769
1470202583994228740
1470202611689218057
1470202637782073345
1470205264850735114
1470208661012115456
1470209866375385090
1470268078005104645
1470349201598992384
1470351873966231558
1470351894606450691
1470359529183449097
1470359556672872448
1470363756454727683
1470363827648749570
1470363877787549696
1470373348433698829
1470373462149636096
1470373577660715009
1470373624469200905
1470386386087907333
1470416140967063559
1470429407865155588
1470429594952085519
1470433027259916291
1470469392895025163
1470469833556963331
1470471896575717385
1470476743517655046
1470478525060767745
1470479237014593536
1470480719671697410
1470541881901649921
1470560207713493000
1470605355210186758
1470838887408975876
1470866506254888960
1470902316782047236
1471020046692413443
1471164609545621512
1476300056168828928
1484365378843144200
1486909019004485636
1487159558145556480
1469424252277469185
1469433707673104395
1469444464968151040
1469447624054951941
1469458157541986313
1469469753085501445
1469476765726822400
1469478516261457920
1469481255213355008
1469507608700727300
1469565130392444931
1469577775111720960
1470029420132020228
1470081524183846930
1470237582869110788
1470465012720234498