1473724542958854147
1473771007248842754
1473778003146649604
1473788510368935939
1473841997911842817
1474005311489024015
1473726749729071112
1473727058379481089
1473727139388313604
1473727774716313609
1473728227482996749
1473729126842474502
1473730281739796487
1473733756410372101
1473734618964709380
1473738150145048584
1473745343665913857
1473746237950087175
1473777678172008450
1473781111776067589
1473788005089488904
1473810359274381320
1473841803040198657
1473851487839141892
1473857993951301635
1473915113451102210
1473926418950205441
1474082706677895181
1474553337714331648
1474711454360248331