1469495667366187015
1467151924088692736
1467153899081584648
1467154292838645767
1467154435948400647
1467155299362557954
1467155397236731906
1467155484851511298
1467155530556846087
1467156289524584459
1467156321321504772
1467156511151607814
1467156536258707459
1467157016644931584
1467157019773841408
1467157074459168776
1467157408401272834
1467157961998942210
1467160113270214657
1467162812069732354
1467164543432470528
1467164574495428610
1467165492859256832
1467165830828138497
1467166451081662471
1467166650172538882
1467168344453226508
1467169995645849601
1467171548746469378
1467173853151510533
1467185003796783112
1467185037854584836
1467196023470800901
1467198422964965379
1467198853623390210
1467210471648509954
1467216177638215680
1467252611497795585
1467275888773500934
1467282922495483917
1467283234534965251
1467302254264963077
1467328546616061955
1467328718313910272
1467344234030239746
1467403394927271941
1467452154676125697
1467460121370320897
1467474160729280515
1467480202905366532
1467482845744619527
1467496301919186953
1467513626970013702
1467519313573777408
1467522797094199305
1467527084851576834
1467527403924819971
1467533195407241222
1467533221495808001
1467537352713248778
1467537424599371777
1467557675416399872
1467582067592597505
1467596972240654352
1467596993275084800
1467597001625845762
1467637920085467137
1467637943984607234
1467642585602793472
1467651816045391880
1467662148717277185
1467668956764946434
1467668999680966667
1467859564636815362
1467859593111998471
1467861121541427205
1467887460151705607
1467912614374215685
1467937758849163267
1467972665726189570
1467975820140376066
1467987818341441541
1468156833747677189
1468200145938432002
1468213956766490627
1470393784328495105
1470908076547006469
1471333401848422402