1469382520269463555
1469384156295708675
1469384513646174208
1469384738620149760
1469387002814484482
1469387023886790667
1469390123108388869
1469390348627681282
1469392455263002625
1469393185592033283
1469393993083482114
1469395230906593291
1469395918977908738
1469397376880230405
1469397449827520514
1469401243277795334
1469429737646866433
1469451238211264512
1469467375107989513
1469577763044667396
1469584024234442752
1469599084478668803
1469685600399859716
1469919866433904641
1470120889429676045
1470141423152287747
1470159696367661060
1470465163002138632
1470825769358266371
1471102268174909442
1471129434765811718
1471142797969350659
1479676754180521985
1469392370286219268
1469393260728696834
1469393334854725636
1469398237723435011
1469407099071475722
1469407282492588033
1469447485517090820
1469458635592024065
1469487016232382469
1469568140036222977
1469792069174669316
1470091299692888064
1470092458696478722
1470162281258442759
1470351921970130944
1470392760297562121
1470475635684515854
1471182667190353921
1471427032647024642
1470199017581678596
1469396148418875397
1469397064626941960
1469397469649768454
1469397990926397440
1469398590745317383
1469399301017280515
1469399698658242569
1469401201259208704
1469403122082717700
1469408153951518721
1469408187984105485
1469410672966578182
1469416516579905544
1469417583887716357
1469501470252826627
1469504743332581383
1469509716200071168
1469555820006363140
1469577768665034753
1469642777210277894
1469748470386991105
1469795475905785859
1469837306240503812
1469965799972642817
1470058813847916553
1470452165902839810
1470831681938591746