1466502084451315713
1466502194501410819
1466502293482881024
1466502330531168258
1466502655648301058
1466503145895387146
1466503218473709571
1466503705595940869
1466504226289426432
1466504511904575492
1466504990030135296
1466505108666126340
1466507085043183616
1466510478176186376
1466518107384528896
1466518552823873542
1466519718282489856
1466522902816305155
1466525788509859841
1466528295403487232
1466529074080202752
1466534526667014147
1466541545012678659
1466546758503342084
1466588497247031300
1466612203683921921
1466616235655843840
1466678735806074885
1466747856027537408
1466761166810607616
1466831883572895744
1466877754045915138
1466988950724165635
1467136422746357763
1467894198573711364
1469274366928113671
1469467571569115138
1466510575723335690
1466512010380775427
1466530581680848898
1466534866623909896
1466549827471396870
1466556879086108672
1466660522275704833
1466679077906046980
1466714942632083461
1466740440682668038
1466746408409645060
1466773017246142468
1466805864103354373
1467306307195596800
1468645049852477441