1472652302028787713
1472652440415584256
1472652908558757897
1472653256660770823
1472654251105021953
1472655454991958023
1472657790137159685
1472657955489202178
1472658665895337985
1472660016507195394
1472671526725902337
1472691545035849732
1472695224174628875
1472697603137708043
1472700617621712907
1472702375148277764
1472715947337297925
1472720436450545664
1472722813568143367
1472726041735147524
1472727693657530370
1472731231280414723
1472738927698059266
1472739686938398723
1472774973790076931
1472778312451866633
1472782385775353864
1472783312460689411
1472905802910478336
1472912217699930118
1472913016069009409
1472918686449418247
1473035994672861185
1473051156201066508
1473352138944180226