1469084897281298435
1469086798722875396
1469089120173576194
1469090310873657347
1469090598472855553
1469092944816787470
1469094057729273862
1469096050191388678
1469098369586909184
1469098750442459137
1469099076717318149
1469101142038646786
1469104787115368464
1469109200567603200
1469109659386662918
1469112905631088640
1469120321403772930
1469129125101252611
1469131648193150976
1469138832251576320
1469158799214710789
1469158820807159813
1469164806829748225
1469205370660786178
1469206864546172932
1469214331279527938
1469215479281733632
1469228431518875652
1469243998216896516
1469254148222824452
1469255707677581317
1469268737069092866
1469271517901074439
1469285528562552835
1469291102805049348
1469293524021612552
1469294119189102599
1469301199103053828
1469302089385975813
1469302408325046279
1469302677028884484
1469302840128679941
1469303047155326981
1469314559362183174
1469325836469751810
1469327358901604358
1469327853443502084
1469333020113055745
1469338518858125321
1469343049570467842
1469347544362733568
1469350201316028418
1469362907255218180
1469365936847302664
1469372005266907139
1469373368612835328
1469375733164384256
1469379643102810119
1469383280445190146
1469384076444323843
1469389810209112074
1469393757149831171
1469395758378016769
1469396484445687811
1469396707851096069
1469396926508511236
1469399128346144781
1469399610393309189
1469400421756194820
1469406606228135939
1469412982274854912
1469416089801183243
1469420439445327878
1469428559479554054
1469434033809539075
1469437133903446022
1469437463051444225
1469439259664736257
1469441272444112897
1469446031628718087
1469448470109073412
1469450742465536002
1469459742321885184
1469478887658639362
1469480256763486209
1469480396870062081
1469491755724652547
1469517676473044999
1469610659470004224
1469611115856420865
1469641830388097024
1469665966837616644
1469689893118951427
1469775914229764102
1469789776912031748
1469802574647738371
1469803637299978245
1469862928643940353
1469878654356312073
1469879466478477313
1469886811027738625
1469888408327700481
1469920508414070785
1469921414870630400
1469964716281901057
1470018864897396739
1470022183883661313
1470073253418913799
1470084451334033420
1470097557544001538
1470113696928075777
1470142724418453515
1470143508862300160
1470158430807592962
1470165985529376772
1470170286947454977
1470239788917796868
1470315040175755267
1470345546741256195
1470352744921903105
1470380053204815872
1470395610226380809
1470403132811317259
1470443647455932422
1470444403663777792
1470450328092954632
1470450947696611329
1470455723133919239
1470455935642574864
1470484728377757704
1470485000902619145
1470507147033255936
1470546629551804419
1470596234821967873
1470633865744044034
1470673794788478978
1470767317281820684
1470790136686252036
1470790937605513221
1470792678535270402
1470793944573399041
1470796650390163456
1470799631047016458
1470808663183011841
1470814842319691789
1470843010019590144
1470848031645908997
1470855153540481029
1470856943963148298
1470883065560023040
1470896047190908932
1470919087278592000
1470932382052012037
1470948516596002816
1470977449777324033
1470998722968535045
1471008805253095429
1471054644059291648
1471087612408606722
1471112589920907268
1471128120740753409
1471129190674087942
1471146962724524033
1471151319159353345
1471153048428892179
1471169366485991428
1471175270715428864
1471190834318041097
1471205970512597002
1471212935347273730
1471218969184849920
1471220901790236677
1471233659508305930
1471233684003033089
1471237119884492803
1471252093470068736
1471253128062242816
1471291902632804358
1471314601690157059
1471315512202182659
1471318549423661057
1471319622725029889
1471398115869663237
1471399019981115392
1471444581350846466
1471472827815669760
1471483996274057226
1471487516977025037
1471496322976915464
1471507045908054020
1471553009197150209
1471626700027011074
1471631719728132097
1471647860433178625
1471655019141341185
1471660192253169664
1471677505752948740
1471682374832373761
1471692729155530753
1471692803461861378
1471724716029140996
1471769737172590594
1471815671004778502
1471829488489091084
1471890094986391554
1471893141376569345
1471893607439212550
1471912801853587460
1471937211167821828
1471937514365669381
1471938250407301126
1471943913510481930
1471953474250231818
1471974136796700679
1471974665614675969
1471996895669239809
1472038138902200322
1472041847140851717
1472042526278397952
1472052451733913603
1472056736072798210
1472059261987561474
1472074958432002054
1472156676983771139
1472185185387126785
1472196590429523976
1472248833765740552
1472257274806607875
1472275992244850699
1472282641605046272
1472283304325877766
1472291744494411778
1472304056085487617
1472335860834131974
1472383300308283393
1472397123455008769
1472517136828583939
1472600444350332932
1472644675534209026
1472668985040814081
1472677171726405634
1472695202364198920
1472699729695821827
1472700269553078275
1472731940587712515
1472743488118689795
1472768364196028417
1472771081400246275
1472943366178590722
1472951340901011461
1472952062761648132
1472952466492768265
1472952959621337100
1472962030629965833
1472969007980449795
1472975678488432651
1472993124733566979
1472993342002798604
1472993671549100035
1473017793402576897
1473038572030677000
1473044702782017539
1473045331109634048
1473052499732926465
1473120195812200451
1473220744138174469
1473293258998616067
1473352255306756097
1473357134897156100
1473371493161529345
1473372123401908224
1473396059057627140
1473403684843401217
1473405701322162177
1473431508438466566
1473435619804262401
1473450301378207749
1473455122428661762
1473459775174328330
1473480855917981697
1473660020688568326
1473686580929904648
1473688095832915985