1470786153318129669
1470786280132956160
1470786424211492867
1470787181706891266
1470789081789612032
1470789865713414145
1470789924525776896
1470790164662272001
1470790470771036162
1470790892814487559
1470792074106748936
1470793024485703680
1470794275281645573
1470794491153973252
1470803810117627905
1470803871773585413
1470807905066790918
1470808798399012871
1470810686456578048
1470817823790223362
1470902726750056456
1470947699918876673
1470949314511867905
1471002284146393088
1471021984318373889
1471027301718581253
1471088588687351813
1471100169143959554
1471109706869575685
1471121098632839169
1471223050368696322
1471499228111249413
1471650227262263307
1472031699773050885
1472443573836693507
1470795096576696331
1470807690125451267
1472206516065226753
1470791720162017282
1470792227429441537
1470795127597719553
1470795808660496397
1470796126005649419
1470798492818100225
1470802591961464832
1470803022271950850
1470803084444147723
1470804314943901703
1470807650187235330
1470821915124240394
1470829127758352388
1470836958893154312
1470846949238747139
1470869101140656132
1470883301875453957
1470890885147680770
1470891053721034752
1470968041974353922
1470974612888453125
1471039094876631041
1471091271389356036
1470794551589752841
1470792182550437898
1470792851474763776
1470794140556447744
1470794755080695810
1470808548942790665
1470809797536718855
1470842980324061185
1470949121569824777
1471069813183234052
1470792295385546755
1470792759309123595
1470793070304276489
1470794008096120850
1470795774787158018
1470796761430061056
1470796995325530112
1470798108560957441
1470799974589943817
1470801313705324546
1470818191211470854
1470825093987287044
1470829483955560453
1470832106414747654
1470860215574679560
1470864357948985344
1470877178682392580
1470888804231745537
1470909376378531843
1470912087404781575
1470942079391965184
1470953167080861703
1470976224595906563
1470996132071280642
1471027563761848320
1471027668657262592
1471043311318097920
1471240338908061708
1471275550790471681
1470792486717202433
1470792997134651397
1470793005925765120
1470794029319303168
1470798229834973196
1470798902823641092
1470808301214609425
1470809081522831363
1470815809333346307
1470815914224353280
1470816701986050054
1470822168753848328
1470824431660400644
1470829813158055937
1470837348732710923
1470840500978655234
1470842436150870026
1470843973757550593
1470863012227543043
1470865752366497795
1470867851376402435
1470868892465643533
1470880307389734914
1470890000606801922
1470914778948259843
1470919911035781128
1470922534950481925
1470925455129731073
1470932491481620488
1470976180744429575
1471027673526935552
1470792599355154432
1470799313810997253
1470887438281326597
1470976116156342281
1471027678488809476
1470976070560063491
1471027682141945857
1470792841911750663
1470976031381065728
1470792993187708930
1471027693206528000
1471176897207980042
1470793162583158793
1470794045597401101
1470794855693447173
1470796344528932872
1470828547124207632
1470833293763518473
1470835402495782916
1470944202561253377
1470975531914989570
1471024153260183557
1471027698084499458
1471099663361134598
1472726764296224773
1473060564830195715
1473069674342588416
1473237114414321664
1473239840304951296
1473242552346169344
1473682271395790848
1481034672671010822
1470793441030324232
1470794134550102030
1470794589070143493
1470975442194632706
1471027702538850310
1470793680067858435
1470793901124595725
1470794052975083535
1470794865189572611
1470800350496051206
1470805541924397067
1470972503875067909
1470975358916694016
1473237301773971456
1473238203884658689
1474145110627696641
1470793837866106893
1470794052601884689
1470794984991375363
1470797017807040514
1470840876410748936
1470842546582700038
1470843063757152257
1470975289295466501
1473238517836881920
1470794005655040000
1470852892705832966
1470975233767079936
1470794391342260234
1470794599526453252
1470796869701935114
1470803751107715075
1470805057910280195
1470975181774413825
1471044524327768064
1470795397299785729
1470796774038294531
1470797512122548225
1470806619944628232
1470807087617912836
1470814675172528128
1470830761011986446
1470848724792487942
1470862071436914688
1470913802455511040
1470954311781781510
1470975109414342659
1471114525545885701
1471115547551035392
1471117308470824960
1471137884409315335
1470794816653074433
1470795378748530688
1470795809503412226
1470796500540162049
1470797176380870660
1470812710376030211
1470823429540614151
1470844590466818048
1470920156834639872
1470929650436038663
1470975071493656578