1470756764979138564
1470756937805484044
1470757021125328910
1470757629286879240
1470757738212958211
1470758358110150658
1470759132202422278
1470761255950553094
1470763622301380621
1470766018012319756
1470766441360154630
1470767223954366475
1470768491791855623
1470769260091871255
1470770377232195593
1470770526104829961
1470772299792109582
1470779775274864640
1470785400448892941
1470793008878657537
1470796761576914955
1470808647886245892
1470843673822834694
1470844244491440130
1470878841442746371
1470882429183438850
1471027290633084930
1471031887531417602
1471060080351141897
1471112278221021185
1482946381190942723
1470756927122460672
1470757413657583620
1470757521719627776
1470757738217103363
1470757908673712132
1470757915199950849
1470758057420361736
1470758293186482186
1470758364573409282
1470758585584042000
1470759854629441536
1470760033113677832
1470760310365696005
1470761858957250567
1470764788045291521
1470765230837964800
1470766032142929923
1470766195976679428
1470766543348932622
1470766775549706246
1470766799314583553
1470767370973196290
1470767374466957320
1470768064249561089
1470768496388849667
1470768880910016519
1470769226034122756
1470769426312142848
1470770351604965378
1470770530269736966
1470773038945812491
1470774656202330124
1470775397222658053
1470775804477026307
1470776255758884873
1470777255848816651
1470777315827277831
1470777317718994951
1470777399856050182
1470777514138247169
1470778684500062210
1470778898497605642
1470779518658957314
1470783242043371524
1470784377168838672
1470785213710192645
1470785584289529874
1470792821338783760
1470801587740327944
1470806005621530624
1470813417359364096
1470814025936158733
1470814189258223621
1470814238423883779
1470817064596041730
1470818969556860929
1470820738412257282
1470820765985644552
1470826708693491712
1470828267569569793
1470828831762178049
1470832453216575499
1470835893376204800
1470836987930333192
1470837134454050825
1470837511794614281
1470840058101972993
1470840590187249669
1470841025681936390
1470841780337737728
1470842094617042949
1470842910488809473
1470849059296579596
1470851420890931201
1470852247357509633
1470852942387286018
1470854430660648964
1470860286433320963
1470861376688214024
1470864286784311310
1470870188283371520
1470873531638423553
1470877354377584646
1470877457733541900
1470878961194319872
1470879602835062786
1470881647339913224
1470882378201677829
1470889586482192386
1470890290609377280
1470890901354565635
1470895279587184642
1470895421757210625
1470895506528382980
1470900801069531140
1470902410914713604
1470908079189356545
1470908199234686988
1470908470853607427
1470908892905361413
1470910100286185472
1470924632148660237
1470946210047348736
1470965625615003648
1471001238313611268
1471027295599136771
1471035368984047617
1471042595224752131
1471100864970604554
1471202936013344780
1471479412881297416
1473062029304860672
1470826654914134019
1470801356546093061
1470848699559415815
1471080033469046785
1470772579795415044