1473088299547955204
1473088577542123520
1473088833138872321
1473088886620393473
1473089095844999175
1473089264267272195
1473089752442322949
1473090151408496640
1473090490455187458
1473090766541099009
1473091051787210752
1473091293073006594
1473091324408594432
1473091573525008385
1473091863653629955
1473092721594277890
1473093374555086852
1473094885402152962
1473096283221024770
1473096773338116099
1473100818479865858
1473101805609316355
1473103188073005060
1473103245610471429
1473104408678481924
1473105700968673281
1473107409073848328
1473107537771782144
1473110579610980353
1473110951654150148
1473111137893896198
1473122119072550912
1473123558926729216
1473123778146177028
1473124570869559296
1473124649118867463
1473137960874766339
1473142061977198594
1473145835890294791
1473163226716246019
1473165998471536649
1473169340061007874
1473204385958273027
1473234895388483588
1473243481707622400
1473248171606548482
1473258485756399621
1473259268770091008
1473261254340927492
1473261329087713286
1473264190802509825
1473273241519235073
1473274468973879296
1473277750786023424
1473277869291970562
1473277895141466112
1473277934500827142
1473277979199479821
1473278344787644421
1473278385757564942
1473289440487485445
1473292420058132485
1473299625914388484
1473300257060667392
1473301246614376449
1473303155840540679
1473307035978579970
1473307751749234691
1473308170005196804
1473312660594769921
1473314191905800194
1473314211971403777
1473314225208573963
1473317787934277638
1473317816317222919
1473317842963607563
1473320732528726019
1473320757438656518
1473321137383817224
1473321629925138433
1473325077328535557
1473329896420253704
1473332397311729664
1473334785368113162
1473337093355151364
1473357690655096834
1473358095095144453
1473365260103045129
1473368644201689089
1473380936876273669
1473384061620166661
1473388111140950020
1473389490496487429
1473391090266828802
1473396198006398988
1473415829442031617
1473421436354285579
1473432760744386562
1473432800657387521
1473433135484321793
1473435495107424257
1473442778969518083
1473446915928961025
1473447523251625987
1473448815999004673
1473450213553627145
1473450242033045504
1473455406127140865
1473461688804515840
1473461950751334405
1473462689393528832
1473464741507084289
1473476634162442245
1473484688572489734
1473517085095518214
1473618299204378628
1473622692406386697
1473634210929954823
1473658709326942214
1473659306553790468
1475316016439779330
1475316041546964994