1466468850208317443
1466489010151469065
1466472572690776071
1466472699434356747
1466473017786126343
1466473672588337161
1466473757430661120
1466473807846293505
1466474554600087564
1466474578054729733
1466474687291183112
1466474730286899204
1466475174115651584
1466475443318575104
1466475498922520576
1466475531889786888
1466475847095930883
1466475849822228485
1466476166081044482
1466476397120004100
1466476499461193730
1466476570995007492
1466477660121538571
1466478168169234434
1466478349115551750
1466479142212358144
1466480214947598343
1466480372968005633
1466480424964829201
1466480556976349197
1466480639922823176
1466480845011795973
1466480880554283015
1466481608786022402
1466481824658558979
1466481892144955405
1466481899183001607
1466482032888975373
1466483219872763917
1466484001670107137
1466484419540275204
1466484518068568071
1466484989327908866
1466485875995459597
1466486725564268544
1466486855579455501
1466487487220658184
1466487895129264130
1466488440485302284
1466489295263473675
1466489508791308288
1466489565783363584
1466490794957844482
1466491979781619714
1466492901781868551
1466492922241568768
1466492992395612173
1466494701297553408
1466496435914948618
1466496463626592259
1466496713519251457
1466502037294575616
1466502905565954056
1466503003985350664
1466504308522983432
1466504643345797121
1466504734592880641
1466508378507821059
1466509340215439360
1466509449699360768
1466512321459675143
1466516109255925766
1466522281530867719
1466532949101187078
1466533417865076737
1466547627571429382
1466552869796999168
1466559831347630080
1466572314900938757
1466578216370405383
1466584816334299143
1466603464591495174
1466620044092198913
1466637209964998657
1466668884073725954
1466673845448835073
1466735961505558528
1466744206051979267
1466744749877080065
1466746179920740355
1466753618728652805
1466755705592025098
1466782430916927493
1466790212713861122
1466824952712204291
1466884502882603008
1466939971839868932
1467052396799053827
1467118782644690947
1466475635140870155
1466475726346108932
1466475736315752451
1466489609093849097
1466678725844652036
1466483564120317957
1466506031815696392
1466791060915564549
1466481716344803330
1466481752206196743
1466482286187225091
1466482318881656833
1466486944880336896
1466489581826678793
1466494186186809346
1466503772100780033
1466504813378785280
1466517703544373254
1466541451786207232
1466567776357822468
1466678730810695682
1466686142363832320
1467987166374494216