1470457879459024898
1470458121416065026
1470459160777142277
1470459318243713024
1470459392285974533
1470459934043254794
1470460768554524673
1470462263224111112
1470463563743600647
1470470530365104133
1470473655603941390
1470474452114808832
1470476183989100561
1470478219589607429
1470494220343549956
1470501467832438788
1470502303069257732
1470503486005694464
1470513812684128259
1470546813643939843
1470596414753411077
1470649760939917312
1470664974641123335
1470673949809909760
1470745001751678976
1470757043544141831
1470833270208462848