1467222035256561669
1467222057100492800
1467224049499709450
1467236044655325187
1467236801618272261
1467238888024702976
1467245134261760005
1467255526081929218
1467290883510972421
1467317756634681345
1467325686406864906
1467341098897096704
1467347648709423108
1467349021266264065
1467403406386077700
1467467781604007942
1467486060317917187
1467528379696041985
1467533042533154817
1467533885730869256
1467563671111020552
1467597136980234243
1467607723361685508
1467638263519322121
1467697869821992967
1467729048474431491
1467907957954392074
1467944266202857472
1468097568093753345
1469484919378350087
1469782586759262208
1474490714679435264
1475139923283902470