1467984214226501633
1467985084103933955
1467985203343683584
1467986160425181186
1467987764637487106
1467988269120032781
1467988435420033024
1467988869715050513
1467988985259692032
1467992972797091842
1467994899966484485
1467995027649531907
1467996186376343552
1467999802566787074
1468000163205681162
1468000620959318017
1468000638235668481
1468000795295506438
1468008455537631235
1468016143092830216
1468016933048131586
1468017788702928903
1468019248404467713
1468022374964596738
1468025945407856643
1468037669397618689
1468056530163585032
1468065126523621377
1468068838235201540
1468070614116323328
1468091501452222468
1468139330380124161
1468172053836664832
1468195702492696576
1468196106018435072
1468198090423349251
1468213924571095049
1468214692615229447
1468216523642871808
1468219779097919490
1468255609241800705
1468272277078872073
1468293662807404549
1468371988481777672
1468372397321510912
1468559154923163663
1468586418243256323
1468750996734103552
1469011909588492288
1469058577142853632
1469061499029184512
1469062298132172806
1469098330072522756
1469228310752374786
1469842487095308292
1470393422842318848
1467986838887534594
1467986923759316995
1467987377360674817
1467987961467838471
1467989670403391493
1467994887131832321
1467995745496276994
1468010822706163714
1468015782252748806
1468034676111523841
1468036245905616898
1468041770554601477
1468043812471816202
1468057549454946308
1468065730767826944
1468066734829678594
1468068068005842949
1468074642434768898
1468079508993437696
1468086694209417217
1468102046675054592
1468176376872292353
1468189307118702597
1468195694263832578
1468214540403937281
1468216649711067137
1468217669723770881
1468236874221293576
1468236933671403521
1468254412082585603
1468256278526849032
1468266237482385410
1468271342982246416
1468273720661721088
1468275682753093640
1468283746428325896
1468290355594465281
1468299320654897158
1468313363113562112
1468322051123556358
1468395910099054592
1468662187032039429
1469272668738400263
1479676854697017346