1476617208847642627
1476617292179980299
1476617308206477312
1476617544832192532
1476618265933844481
1476618586764496900
1476618717979152390
1476619507762352130
1476619633352482819
1476620226582118401
1476620307288903681
1476620314083827718
1476620591230685189
1476622079785066497
1476625821473247246
1476626705393627138
1476627387861377024
1476631528537010182
1476633984230731778
1476635495513866245
1476637373928808457
1476641727612133381
1476642693736505352
1476645037056290816
1476646332785848320
1476653941207154704
1476661525880397829
1476669770560946181
1476671151141273605
1476671576921804805
1476672883233419290
1476673116323594240
1476674577103216648
1476675961798152192
1476677229555769344
1476677756234571776
1476681132313821190
1476682499698966542
1476688730769756160
1476693459901714443
1476693968968720388
1476694156399583243
1476694521861844996
1476695324823625733
1476696644146008075
1476696765764018180
1476697589081047041
1476698716421734401
1476706520045817868
1476712763435237380
1476713060253327360
1476717450100187138
1476717934240272390
1476721092282650625
1476721460739772418
1476721650351497217
1476723071734009859
1476723821696602113
1476724572334735362
1476735388735746084
1476737317062815778
1476743836667768841
1476744421542612998
1476750129050931201
1476750644417605632
1476752553165606926
1476753831065178131
1476755183686275087
1476766980610920449
1476784345037877261
1476784698890334253
1476786745123368963
1476786852166316038
1476786991962468360
1476788486317486116
1476808467562258442
1476812013925982214
1476812036575150080
1476814598246391823
1476816312345190436
1476818829145968641
1476822963957604352
1476825579982921730
1476827268408352769
1476827968118960128
1476850733572104214
1476874562335920133
1476883936575897606
1476885699794067458
1476887358821728258
1476898290209890327
1476914216791679024
1476916695428173824
1476918498223955971
1476922874611044358
1476930533217259521
1476934636299243524
1476952873770565636
1476956297949970434
1476967969657872384
1476971478491049987
1476981160886501381
1476982929955991561
1476993985717669892
1476996565214679040
1477010283960930309
1477018084661731334
1477018525604720641
1477019125851504642
1477020134921412615
1477023070959267841
1477028377986961410
1477029370476826625
1477040433259692034
1477093827274022920
1477283361928396806
1477291971160989700
1477512301041307653
1477604776238063616
1477638701241012226
1478002282046312448
1478002969060728835
1478044158300463104
1478129248133165058
1478193352700928004
1478870673900646406
1479583996900040705
1480540625858617353
1482393007336927234