1471849197389373441
1473104506334310400
1473118216356573191
1473195780315955200
1471851692916461574
1471851700009029640
1471851773053009921
1471851778438279172
1471852050552180740
1471852550437720069
1471853691137400848
1471853827603279879
1471853914991513601
1471855054168760322
1471855638829572100
1471856731147882506
1471857446700580871
1471857836271546372
1471858222428409862
1471860507334356997
1471860796950994948
1471860803133317121
1471861037708234760
1471861284480196610
1471863002223755273
1471863715628781572
1471864689294557184
1471866212862685193
1471871635284107265
1471872584706924544
1471872634904317959
1471876802326974473
1471880369259655168
1471881836863311880
1471884630357803009
1471886508462198788
1471893063299649537
1471894728497057795
1471896929894346754
1471897117845299200
1471897458435407880
1471902682432425985
1471903453668462594
1471903956548784133
1471909358699118594
1471914390064562179
1471917725299589123
1471921160048758786
1471925505293180936
1471930595458658307
1471931235643527173
1471934469548351491
1471937294491951105
1471940883222302725
1471946345510584333
1471947318916169738
1471950444159246337
1471950678042062851
1471962452627804164
1471968744238948352
1471968809686867975
1471972544446148614
1471978066977214465
1471989661753040897
1472010211816787981
1472035992785854469
1472052578317918209
1472068530887696384
1472086798209802242
1472092535703195648
1472097376387026944
1472101891383382016
1472105143797575681
1472114758199427076
1472198956054499328
1472228375427170309
1472237218362118146
1472307549005398017
1472366944456044547
1472449198976946179
1472564801620615169
1472917082119413761