1469019570535116800
1469019672653803520
1469020200502706182
1469020509866233874
1469022628128202760
1469023396969148426
1469025720781451274
1469028491291103234
1469077526177718274
1469187187572838401
1469215453486665728
1469375265830801414
1469030397740601346
1469030607435010048
1469030835626127362
1469030995005698048
1469031034008346624
1469031160399290371
1469031292180344835
1469031869643735040
1469032173688610816
1469032333365977090
1469032829703106566
1469033266304876547
1469033839481835523
1469035299649036296
1469038738751639554
1469039238729682948
1469039609719963649
1469041279669473282
1469042461796409351
1469043752643792899
1469044305998364681
1469046719329574915
1469046836094767104
1469046862745325568
1469052542789300226
1469053930478919690
1469057067226832896
1469059738977677313
1469060536339886082
1469061034136813578
1469062209531564038
1469064934050996226
1469069752337408010
1469069854003060739
1469069873426878472
1469072840397885450
1469092198159376386
1469099939233820672
1469108749767897090
1469114997376790528
1469116235434582017
1469127319574958082
1469146743535243266
1469147860146876421
1469149991084118016
1469150567670898707
1469178878555873280
1469215457555193858
1469225285056929793
1469243480501334019
1469272231318536196
1469284045116817411
1469331692934479873
1469335218641199104
1469360264273346567
1469390495067652097
1469400865152946176
1469432991395069953
1469455425762439171
1469458908016218118
1469509025901334536
1469036963625934851
1469041268567203854
1469044366069186570
1469045373276729347
1469046374700359680
1469058973236084737
1469068925937676290
1469088452440465408
1469090452162891780
1469197855336316930
1469215703832088577
1469259779524763648
1469270179318272002
1469411005587496962
1469503849069174784
1471254960012546048