1469015017052057600
1469064058917773312
1469032167598612485
1469045452389732358
1469505810552143872
1469255005001723907
1468995573009244165
1468996460570038272
1468997429903212551
1468997927314116613
1469001559052800000
1469002943861035016
1469004233714323465
1469015018574422026
1469015988720963588
1469020603944480773
1469024731353554949
1469028689191272448
1469036816514924549
1469041451870744580
1469059340040609801
1469075046731812864
1469102446861561857
1469118027497095168
1469132783620554754
1469215445865709568
1469271706812432388
1469516310698766340
1469696703632744460
1469711276582522883
1469779722565570578
1471892706569953284
1469045425139245058