1469034844424491020
1469037556587245568
1469038808834392064
1469038985347579919
1469042457417555971
1469051919209574412
1469063003438002178
1469380417979510788
1469381203841089538
1469041262896590852
1469041295448489992
1469041778921652228
1469041901013766144
1469042062779629575
1469042160460873739
1469042436005679118
1469043256520491010
1469043267152932869
1469043461571727365
1469043462532210692
1469043551749263370
1469043574498942982
1469043713867501569
1469044024598319105
1469044042503700490
1469044471702736899
1469044683275792391
1469044765283041283
1469044984829591556
1469045093583794176
1469045100835713025
1469045154690572288
1469046082286104590
1469046617571532808
1469047434231779335
1469047723877883905
1469048101835051020
1469048282273837056
1469049034602004480
1469049385396813827
1469050794477428737
1469051623947345920
1469053201685045254
1469053227001958408
1469054758329724933
1469055843329056775
1469058271143149575
1469058365720563717
1469059518046916608
1469060812019060739
1469062471960825858
1469064461344395265
1469065130541469701
1469067605281542146
1469068096749006848
1469071027279994881
1469072932420866053
1469073145923518469
1469074720150671360
1469076067176570891
1469076430378061824
1469080668097363969
1469083587123322885
1469084323794104323
1469091874770141184
1469110107413917703
1469135414493528073
1469162378440941570
1470190204388769792
1470223386949398538
1470456357472112645
1469046027919323137
1469047754106150912
1469048057627123716
1469048409575280640
1469049534563045376
1469049985282936833
1469051992031084546
1469052683990573060
1469053486503501829
1469053563091537923
1469055016145088517
1469059399973060613
1469062195287896066
1469062949323030532
1469067531625373698
1469070235013509120
1469080610626932739
1469207219547824131
1469215465113329668
1469330307803455493
1469750535473418240
1470562915619069957
1471286289701892096
1471346732315336705
1471400107295666178
1471415494867623936
1471416174256734213
1471438267035836422
1471447940510236677
1471458628527955976
1471460050606637056
1471465871709130755
1471472267498508291
1471474043287183364
1471481545621970944
1471485371749965827
1471489414819893248
1471494193918791691
1471497015028715527
1471497841323372549
1471512774320742403
1471523566546046981
1475123336971698180