1466136519320690702
1466136620860514308
1466136746840702978
1466137421695836165
1466137524229877760
1466137580127334401
1466137926249725955
1466138246505635845
1466138294068998146
1466139042073001991
1466139612758302721
1466140265949933576
1466143425225502726
1466143508461494285
1466143510890008580
1466143586735443970
1466144737627357186
1466146544105701376
1466147631139373061
1466147843341754368
1466148026691596289
1466150281989832709
1466155774980210690
1466163150294814728
1466165099715088389
1466168451127459842
1466195086308483074
1466209774039547905
1466216239081172996
1466217465860476931
1466227222688276480
1466248018441773059
1466254647941869574
1466257899722657794
1466269335102623747
1466272983924813825
1466300304203386885
1466302041769144323
1466311647442657288
1466314211554848768
1466315054295371776
1466316236774596614
1466322024192745479
1466325359624916994
1466381597813452808
1466388501738536972
1466389409209663494
1466395076750454784
1466400908582006790
1466404176154480642
1466411005563621384
1466431286243954693
1466453658183233537
1466457826813956098
1466470971234140163
1466473267233968131
1466477184936259594
1466487020960759815
1466534716719476739
1466562669851254789
1466583811446087680
1466595674699407360
1479809368887599104
1466143901551669260
1466225779436568580
1466136718474719243
1466136815723851781
1466136862028873735
1466136931134173188
1466137150794125318
1466138290369744903
1466138362377654279
1466142709547077632
1466142967748509702
1466143638015127560
1466144155332231170
1466144937171374088
1466146675123236871
1466150480879538177
1466194769772744710
1466219737587884037
1466252824816218114
1466297313362694149
1466316240016883714
1466325494522122244
1466370600176287747
1466386841125466117
1466396373775962120
1466408757236228098
1466431500950380554
1466533703916535811
1466574706430169089
1466577717692973058
1466582299709902853
1468563042078269442
1482272073137496066
1466155953301204993
1466189770128871429
1466191760909123594
1466204812400336896
1466205504519217152
1466214388805910535
1466215881898283012
1466217046291750923
1466235118939484160
1466372419267051521
1466374470738882565
1466395040238944259
1466450651769094152
1466468593240092674
1466496741864263692
1466503037002866699
1466547675436781569
1466746211428442117
1466760406941282304
1467665175566336000
1466149676701261824
1466150662769504262
1466158373720797191
1466160293755641866
1466193020701884422
1466316242705338369
1466325206268624898
1466499913475399692
1466855443704205313