1466890964702801920
1466891452982640640
1466891550772764674
1466891924040818689
1466891988041613321
1466892130547159044
1466892593124544513
1466892661965664259
1466892884351668226
1466893293434855441
1466893414037917696
1466893692468350981
1466894210787860480
1466895920868507656
1466896230173319170
1466896573544075264
1466898283629006854
1466898989257793538
1466902051280105476
1466904992086904834
1466905802925608961
1466908249156902913
1466909034519437312
1466912434644557824
1466914471369412610
1466923565836607488
1466924505138450433
1466934569932886016
1466946851886800898
1466948531978178561
1466954688218161153
1466956664507367426
1467008491147513856
1467019137759289352
1467019672855867394
1467041104038174721
1467042031184711684
1467043279086637056
1467048234145259524
1467058413829984258
1467063769213906948
1467064252271841282
1467083363173421057
1467118152462966788
1467118490448539651
1467119766880067590
1467120930933682181
1467125721340555272
1467127415356805120
1467128587916660738
1467130995325472771
1467134096547663879
1467141668625260545
1467151450207920133
1467151722447581188
1467158850684035087
1467165750926393366
1467191611708751879
1467219084546875394
1467223903223394310
1467229277494071296
1467245731853578242
1467255219302117378
1467270301801082881
1467271255552233479
1467295185948200960
1467347328399028229
1467350019242180619
1467351689636294665
1467386400244969472
1467405036737159176
1467502039236235272
1467513498586562560
1467527980373078017
1467543218774589451
1467589341807398918
1467590872380420105
1467591077314002946
1467594628174168065
1467596204380934144
1467645158913032193
1467711388843843584
1467871884721143813
1467885237720031232
1467890637383118851
1467901632591671309
1467912422216413193
1467916770962927618
1467936282567491595
1467999154127441921
1468252043806658569
1468325022137729030
1468662272402903045
1469008642238156800
1475350154228088833