1466763006482821124
1466763033414352903
1466763831644991489
1466765242503995398
1466765621199130631
1466767447118254083
1466771529073627142
1466773533489602563
1466773736393170948
1466780146619273216
1466786051775733762
1466789702162386948
1466790381891342342
1466791252163276806
1466791445382283265
1466792646643531780
1466801732881690631
1466804331550703620
1466811952869609480
1466819120452747267
1466831391727906818
1466831865017507842
1466834263177900036
1466840753129336835
1466844253452226563
1466855865437282311
1466915321588105220
1466935693553381376
1466938592551489542
1466939962423750660
1467004520408305665
1467100284627341313
1467129317301923840
1467181358023798787
1467533270606823428
1467597030453399563
1467669029921996802
1467722964900663301
1467859626435788810
1469148123326861315
1466769021861343236
1466774940816969732
1466782298213437441
1466797841393893376
1466800946252505092
1466874567964561411
1467041304785915904