1471095468251914241
1471095625504727047
1471095796162387969
1471095861434368009
1471096173410897926
1471096490105794563
1471096880616591370
1471097285862109188
1471097633632665607
1471097857302274056
1471098860588130314
1471099350982053891
1471099424520683525
1471101268114526208
1471101281095888904
1471104904366202884
1471107044564512773
1471109486970429445
1471119248642637826
1471120063457644549
1471125981423226882
1471131910910918662
1471138293295235081
1471172435319967762
1471173699478986755
1471176080165945347
1471179974598184960
1471209687743873024
1471277101261246470
1471314028953702403
1471502481611915267
1473906706203611136
1473919215958593542
1474063009740103680
1474533256150216708
1475159257226039298
1475160819180752896
1475294771610456064
1475299539984818179
1475311684055011331
1475520158382784512
1475808614866554882
1475832259211104272
1475966546812022795
1476331258645213184
1476463553166995456
1476646438637498395
1476781658917543936
1476841231715950592
1476907391367061505
1476966669193216000
1476986612705751046
1476992185107050496
1476993192503300097