1467772623845457920
1467778486031032325
1467779876706992135
1467849458817933315
1467865730926329861
1468036490886275072
1467778609473630209
1467780449028251652
1467790430733488131
1467778705565093889
1467790398533812228
1467778787224043524
1468329326655516672
1467778858950742025
1467779156100452359
1467790367470850051
1467958241690750976
1467778972595499012
1467781584812220420
1467790336860827657
1467958135872647168
1467779934026448904
1467780655429812227
1467790305923637251
1468172480485462019
1467779345036963848
1467779983355658248
1467781641636814851
1467790174709063684
1467780352173293572
1467781371032739840
1467790128466833409
1467806825340887042
1467780603995164683
1467781047760736266
1467790089107431429
1467780990462476298
1467781519192252421
1467781567015755776
1467790045868445704
1468142546652180486