1475935425189580804
1475935526792269824
1475936098425745409
1475936189333086215
1475936566983933962
1475937106883059714
1475937192501469192
1475937290438385665
1475937715313168389
1475938224677793799
1475938342109908995
1475938490407956485
1475940902107549706
1475941313182937088
1475941843544076289
1475943127802204160
1475943476810244097
1475943534775652359
1475944831797059584
1475945170583502848
1475950228897423365
1475953215648772096
1475953909944381441
1475956453223673860
1475967472692076544
1475970885215477762
1475982930828840962
1475986369512194054
1475989470553862144
1476002547978711042
1476003965300924423
1476010761822486535
1476014031144116230
1476018944565604352
1476021056058306569
1476025479966896129
1476025510102994948
1476028097409556485
1476039619410018307
1476083355925970946
1476090649321476098
1476100770256850946
1476114923709255683
1476115600875393030
1476148627013779456
1476154389639348226
1476160237048582145
1476177222042013706
1476178524285325316
1476187310643458060
1476212022446600194
1476212994426105858
1476228000618270722
1476233463359545351
1476238115677351943
1476249342768001038
1476250722354089984
1476261393196216322
1476283204218855424
1476293157943975945
1476294267169562624
1476589307767193600
1476621104492040199
1476680182270500864
1476728459300941846
1476730120240988161
1476829373479243784
1477550504460881920
1478012584339156992
1478497037360394242