1477532522418520071
1477623032763936768
1477857370722209796
1476965141077843968
1476965167963377665
1476965192147869696
1476965238230511616
1476965491872837634
1476965732923719686
1476965765832224780
1476965957721636865
1476966017335279617
1476966070338605059
1476966173300436996
1476966492352753670
1476967106654707718
1476967161289527299
1476967839009366017
1476968277154971652
1476968309413359626
1476968753153953794
1476968753439068169
1476969327731564545
1476969407394074629
1476969606367617033
1476969957518983176
1476970478774358021
1476971123543707648
1476971913096347653
1476971985389322242
1476972364143464462
1476973737606008832
1476974643080679426
1476975073252630528
1476976907820408839
1476978945975148545
1476979851781414912
1476979859200954374
1476979903492939784
1476980527030841354
1476981785183485953
1476983306973368324
1476984860879302659
1476985869634617344
1476987071340421129
1476987500086317056
1476989056995184646
1476991514144243713
1476991848967200772
1476991963652055044
1476995913516306441
1476997229416177671
1477007270689058818
1477009976862420999
1477010626782314496
1477012822718500867
1477015272326320130
1477021460346462209
1477021571092869121
1477023406872838156
1477029231225942021
1477036175365869569
1477038727599988742
1477039932719964161
1477041076204711943
1477041320937934850
1477042870641065985
1477043458896547849
1477045228460724228
1477046388982640640
1477049094308728834
1477052061166485515
1477054265407410176
1477059919358488577
1477065033863544836
1477076791793786884
1477077512454819845
1477080652394631168
1477089900793151488
1477123049979887619
1477167978823229443
1477173219220238346
1477173334336937986
1477211267278327811
1477211879638401024
1477216155693563906
1477258470718017538
1477271009984229382
1477280420932820993
1477300277871054849
1477312808840835075
1477314097360351236
1477353350211334144
1477356019806310411
1477362239573168128
1477374677160972294
1477385039885348871
1477409560684027910
1477412913367465988
1477488422138822659
1477505867113193472
1477546534203912194
1477595199115309056
1477682404068409347
1477696997100507145
1477729836407963648
1477774415266037765
1477778376295342083
1477782436830486537
1477790965607895052
1477931950103056389
1477942292631666694
1478009670799437824
1478047040693223430
1478056223962505217
1478061720413294595
1478124894592380931
1478151694361976838
1478172257180651523
1478261910747242497
1478494088739672064
1478515362585055232
1479138597496397832
1480505675390324740
1477188344513769474
1477292910710304772
1476971694275321860
1476971814924414976
1476972497174245385
1476973296067436544
1476973650851074051
1476974176774807553
1476975185425317891
1476975269768536064
1476975796585742338
1476976373696655361
1476977602870984704
1476978039103889417
1476978545586958337
1476980458135162901
1476981046822551554
1476984906324398081
1476986618892505091
1476991718939627534
1476992156313268224
1477002371121262599
1477002842011484165
1477003415771353088
1477006178131628042
1477057078933872644
1477066187863437320
1477122103484862469
1477122339859050496
1477155802167324673
1477168733508538371
1477188030469394445
1477297100627054592
1477315520793829376
1477322074091884547
1477408579799953411
1477486553890963463
1477533476349960196
1477580570578362368
1477662568873443343
1477674146599510019
1477756777328521221
1477766269545840641
1477788164328677379
1477956015337488384
1478013342883139590
1478025398252408840
1478068811429523456
1478075685113499649
1478325975188398081
1478556678639349761
1479052179788996608
1484320085254623233