1473405837959962627
1473405943584989190
1473406338617196545
1473406500789960708
1473406550308003840
1473406850469187588
1473406889459433481
1473407308097069059
1473407547323273217
1473407615396839424
1473407779658293265
1473408685015633921
1473409073274044421
1473409171584344066
1473409352648347660
1473410710109630481
1473416041405444098
1473418291448365064
1473419881311727619
1473420060802879489
1473423223589154820
1473434812375519233
1473437818873520130
1473448127797637128
1473450362778574850
1473457715997413377
1473457762856157186
1473457808255303683
1473473308683288582
1473483904648720385
1473488976422084609
1473489434746126341
1473499950444994562
1473500168590929924
1473500372840841216
1473507539060932614
1473543011967582213
1473564272299020289
1473617860031303680
1473621696955523074
1473623333392556038
1473630342724698121
1473654593066315778
1473661270276591622
1473689551684222979
1473694323250237459
1473699349234434053
1473714502633984002
1473744109726752771
1473774755073380363
1473777177837506560
1474021634038190090
1475991092914843649
1476610259166932998