1471239389896482820
1471240439453786121
1471243854502248455
1471248581810077704
1471263924951650312
1471268957533396992
1471270368593813506
1471277672080855040
1471292069033529356
1471295027246555137
1471336803298852866
1471337224390258689
1471472850540417033
1471479713596002304
1471495698302394379
1471497667180056582
1471507408455278608
1471531345591484418
1471240859869859841
1471243653251174400
1471263947852550146
1471263969721688073
1471270396091580420
1471270425422450690
1471275440723660807
1471277697192050700
1471277779832475670
1471280638523281411
1471336868574900228
1471337443139932162
1471337483921199105
1471395669541797890
1471425276781359105
1471472869364359170
1472222205622763525
1471558265377103872