1473248753918300160
1473250398169444355
1473252966866079750
1473284543830364162
1473422525585575945
1473445166514118660
1473513476815572994
1473513603269644291
1473796620252696576
1473250115792027648
1473250508353777664
1473252510416707585
1473381549181706240
1473382921486622737
1473466103313539073
1473513436285919236
1473513834493071363
1473514915956768769
1473531206285373440
1474871378381787136
1473275662861484032
1473278790528905219
1473284471264661505
1473275633102954498
1473278760023695369
1473314527789957133