1474692263230021632
1474692556600582148
1474692984725811200
1474694332632420352
1474698443398561798
1474700674826792970
1474701135797645312
1474706256107491329
1474707583063707648
1474708127186620424
1474712497886089222
1474725926516654083
1474726404415795201
1474727294715367425
1474727750070013954
1474752443091144716
1474754174441058306
1474760528568504322
1474762197091987458
1474762256248455174
1474764599849197570
1474764620535668737
1474765808408662020
1474820545774505994
1474835482471059456
1474842717532266499
1474843599238012933
1474923745638862854
1474977554268246017
1474987751179448323
1475005925220040706
1475013837468450816
1475017947647291401
1475095791521964034
1475140792003956741
1475148760661446661
1475153337309806597
1475194968981524484
1475296927583379459
1475712216561242113
1476057281200472064
1476364467780923392
1476642514400690185
1476985140328878080