1469372225128128519
1469376104347561986
1469380016379211789
1469390413211525133
1469392482915999749
1469401892975484931
1469408202638991373
1469410178806206468
1469411313835286530
1469445192314937353
1469448721188499460
1469481312968925187
1469488284690755589
1469499297792102400
1469562509199880193
1469565394822352897
1469577756933558273
1469678518866960388
1469775709589708815
1469921230530641920
1470009977108529152
1469416044548739076
1469418525337034752
1469425753104457728
1469430837976338432
1469438280122912779
1469460610525978624
1469461657684516870
1469463895475556353
1469475072175976455
1469488910602489865
1469497109858684930
1469523415296094208
1469524298851307523
1469544940451483649
1469622839888203776
1469644331934011396
1469751519566340109
1470074718535380992
1475892526989164559
1482803685541302272
1482881878080331777
1485266517554040842
1487906543030972422
1469376202951462912
1469376831438610441
1469376888372035586
1469377035780898823
1469377168409083907
1469377318632185859
1469377501952675848
1469377551860744192
1469377665866113028
1469377992648536079
1469378076739993605
1469378240682856449
1469379087122804741
1469379218983297028
1469379344057475072
1469381558213783559
1469381751219044353
1469382354452074502
1469383179685400577
1469383409424220160
1469384125152964620
1469384272238759937
1469384480523755528
1469384888260431877
1469385670770712583
1469386152981549060
1469386546071719939
1469386984439181315
1469387396563095554
1469388475136892931
1469388564446076933
1469388816163221510
1469388934266298368
1469389432625188878
1469389449566040073
1469389527194214404
1469390095371309057
1469390567373099010
1469390586851565570
1469390728891674626
1469390806020669450
1469391199010054147
1469391360235126792
1469392077289148419
1469392209103691776
1469392619793002502
1469393641588330496
1469393914087895042
1469394585579315201
1469395319263748097
1469395572771770370
1469398915883704320
1469399415546912777
1469399940006920192
1469400350058856452
1469401008639938566
1469401667275788294
1469402609828216846
1469402864854437897
1469405818198151172
1469406463051243533
1469407508624142336
1469408142404558848
1469410988697038848
1469415855754661890
1469415883533602816
1469419581412233218
1469419635179094024
1469422175308238849
1469422574891376648
1469425871966511105
1469427202672451599
1469430039867363328
1469431391926382596
1469440810924089346
1469441244984221700
1469444380150972423
1469444439546339329
1469449452050132994
1469449991231995904
1469450539444363265
1469452887650705419
1469455693530861568
1469456399256408066
1469456508412784642
1469458725241032710
1469459334556000259
1469459662869311490
1469459999738892289
1469460330350796801
1469461653775433731
1469462716930793477
1469462914256019457
1469463189481996288
1469463824516276224
1469463873845530632
1469465621515497473
1469467848489807874
1469468774843645953
1469470010515013640
1469470082426355721
1469470797701992469
1469470873048563715
1469474046920335361
1469474544218001418
1469475238043869184
1469476426336415747
1469477293970100230
1469479497476890629
1469481701026013187
1469483773456699397
1469484484298956805
1469487377848868864
1469487505783283716
1469488055039913986
1469489431455608839
1469490481251991558
1469490491079200769
1469491136334995456
1469496784841949187
1469498900209815552
1469501385133723659
1469501753599082496
1469503149421600774
1469505917645475844
1469509558729019394
1469511752274558976
1469512509279604736
1469512576987971585
1469516631281917956
1469516751213838340
1469518019877502978
1469519328957583363
1469520146595303428
1469520883794518016
1469521804104400896
1469522386252812288
1469524410742706187
1469524530007666689
1469526010727124993
1469526325425848326
1469526671720071171
1469529847106052097
1469531651847901186
1469539238647640069
1469540373945016321
1469541407920689153
1469542496967479296
1469548243851919361
1469551159274786819
1469552916658679812
1469557863072808973
1469559297247887362
1469563097526325248
1469563497914662912
1469563686117199873
1469569094642974720
1469570781000744963
1469572762251390976
1469574186037219330
1469574385405157378
1469576796823703553
1469578513774571524
1469578712135860226
1469579083033899010
1469580232780922885
1469580500788518914
1469581853690585091
1469582606203334658
1469588015571877888
1469588748266471424
1469591855398625282
1469594853910925316
1469606499823415297
1469607219595468809
1469621213785907205
1469621473526571010
1469626390097973249
1469629380557213701
1469636369236611072
1469639046964162563
1469642118272626690
1469643924864122889
1469644573190328324
1469645634894544896
1469650563596005376
1469652592233955330
1469653383518769153
1469654777869045762
1469656169090322441
1469656595936288772
1469656759220514818
1469656808742473736
1469657380698963976
1469657400781193216
1469658085648183299
1469658783001546756
1469658964337971202
1469659219859161089
1469659433139593217
1469659652984090631
1469660683524612099
1469661003520491520
1469661168444792834
1469661239223668739
1469661828955340800
1469662010648539140
1469663136701722625
1469663509667586054
1469663695651303425
1469663798189506560
1469663811909128197
1469663961868025859
1469664294669271044
1469664604993343488
1469664675038126087
1469664845419143177
1469664980073168899
1469665026898382859
1469665105101180930
1469665107248443393
1469665248877727744
1469665344998543361
1469665455099031559
1469666567155822594
1469666573728329729
1469666833221488641
1469667251641106432
1469667347371864064
1469668057224458242
1469668287579570181
1469668538730352642
1469669347417333761
1469669543706607622
1469669824112562179
1469669841632055302
1469670224827928581
1469670354792722434
1469670407938752512
1469670799930011651
1469670854267215874
1469670913046196228
1469671003676680203
1469671059934748672
1469671085763350532
1469671520918282247
1469672452380844036
1469672553513996289
1469673163982319620
1469673236652822533
1469673279296258059
1469674053476757506
1469674081511485443
1469674166307766273
1469674729485180932
1469674776776036352
1469675507197390848
1469675844616478720
1469676007212961800
1469676816059318274
1469677354175762432
1469678359483494403
1469679064051077126
1469679802684739595
1469680166570008576
1469680238351241219
1469680888359395333
1469680990595563526
1469681277410422788
1469681475444477963
1469682317698338818
1469683361635524613
1469683897407623178
1469684299800748036
1469684439026483204
1469684575559467010
1469686264672751616
1469686726725709827
1469687083107241988
1469687099540615172
1469687148521693198
1469688595262885889
1469689608912920580
1469689732049293319
1469690770420428804
1469691464884146180
1469692044104851457
1469692515062267916
1469694152229195777
1469696532903571461
1469696603795636233
1469698064675835907
1469699861515849732
1469699915953709061
1469700540820967425
1469700610731741184
1469701177596121093
1469703909061058567
1469704301442387969
1469704807573295105
1469704948682272780
1469705225791549442
1469706070427901962
1469706978335375373
1469707178978205702
1469708289034305539
1469710765573685252
1469711145971990528
1469712678931206146
1469716069501702146
1469716321646653441
1469718101579243524
1469719327288946689
1469719537708769280
1469719696584978434
1469719834221023234
1469719852604608517
1469720030501904391
1469720073002749956
1469721685611921414
1469723353070063625
1469723791643209730
1469724072099545088
1469724305030144002
1469724604314890248
1469726122275491840
1469726301200293895
1469728332656914434
1469728692473581569
1469732038538240009
1469732056905261061
1469732836538302471
1469733468645040139
1469733504288178176
1469733646093500419
1469733735339806728
1469733944232841217
1469736089850159108
1469737150874800136
1469738005300756487
1469738929968582658
1469738991125737481
1469739379165999108
1469739523387293696
1469740765827977226
1469741080690278414
1469742375912321028
1469742661418504204
1469744175730274304
1469746525983100931
1469747497841139714
1469747846824013824
1469748350543175685
1469748398312071175
1469748500187467780
1469748770103607298
1469749731597373446
1469750212285456385
1469750375028776971
1469750460282073089
1469750468272439296
1469750594906865674
1469750919747280903
1469754371583975428
1469754429570121732
1469754911843885058
1469757758627004425
1469758103063257106
1469759988709085192
1469760921279021059
1469760998378778629
1469762717393244166
1469763519482454019
1469763798680498178
1469764250897899529
1469764310234718213
1469764406980448258
1469764767892086786
1469764891762434048
1469764936930938880
1469765342880796675
1469770920839593987
1469771015240757261
1469771783268040708
1469772790450454531
1469773717345640448
1469774177766985733
1469774385754128389
1469774781499199488
1469785238633123843
1469785930810765313
1469786560010797057
1469787637275840517
1469789974304374789
1469796897829240835
1469799387689897984
1469799783061667850
1469800213573476356
1469801010004742150
1469802328589053954
1469803591867191302
1469805260629626886
1469808086814760961
1469809407131152385
1469810831944781826
1469811502211231744
1469812955315261445
1469813508321726464
1469813744184307714
1469813877252657154
1469815363873431552
1469816699625029635
1469820822466531330
1469821094307655684
1469822156095860739
1469822693251891201
1469823296342528005
1469824503865769987
1469830665424277504
1469833290060234752
1469833675210588160
1469840485615382529
1469844406975016968
1469844557441372161
1469847972775174147
1469848075183304704
1469849883297431558
1469852209462452231
1469855787208134656
1469857545749770243
1469859821620850691
1469862696027930635
1469863614282551298
1469873069908975628
1469875816704233474
1469877102937784323
1469877284194729984
1469881611713974272
1469881911002923008
1469881955583987719
1469882810320228357
1469886442423951365
1469887023976570882
1469889957279895558
1469890098053345288
1469897650954809350
1469900712943316994
1469905933748740100
1469912727875465217
1469913535215898626
1469913544275550210
1469913892973334528
1469913998564933633
1469914217704660999
1469914272478212099
1469914490900672515
1469914613282082820
1469916776880291845
1469916867435237377
1469917649832398858
1469918091077472257
1469918529541394437
1469918556779339779
1469918833573908482
1469919253327458309
1469921077396586500
1469922798051028995
1469922912979361795
1469923332665626625
1469927819371294723
1469928684014292996
1469929594648203265
1469930179539529729
1469931436501209088
1469936010121211907
1469936595595788291
1469936629104234496
1469939689553645571
1469943198252417026
1469949806294544386
1469950888433311744
1469951336254824449
1469951573606469634
1469957353680240640
1469958996014493696
1469959234041176072
1469964370272833537
1469969542487199745
1469970105056612353
1469973936649744386
1469974053817626624
1469976603505709060
1469989829677096960
1469992120488505344
1469992570663092231
1469995483716370433
1470002439692722187
1470007562506366977
1470007588922310660
1470008550160310280
1470008749997936645
1470008994114813958
1470010246961709057
1470010996706185220
1470012604932403202
1470014334696886272
1470019178660864003
1470023059390492673
1470024349323350027
1470025044483096584
1470025692150697991
1470026345111556105
1470026673928159232
1470030183168159746
1470030637268619273
1470031039812841480
1470031371888386051
1470031652445433859
1470032205971922945
1470032455893757957
1470033567640023040
1470035832832679942
1470036469817425920
1470037257260351498
1470038391924342792
1470040216752820233
1470040628591529985
1470040855797022720
1470041518526369792
1470041928347623432
1470042631384276995
1470045164588748801
1470046219082809350
1470046454471434241
1470048508426309638
1470049259626147841
1470050139876302860
1470050557427552264
1470051892805918735
1470051961256898561
1470052411049979914
1470052598216421378
1470053010986475527
1470054817083052038
1470054990253228036
1470055246265204739
1470055252103729160
1470055414385500168
1470055873670123520
1470056553554321416
1470056748983754754
1470056992941162504
1470057596631633922
1470058613775351811
1470059195554693123
1470060455682985988
1470060673187069957
1470060862232748039
1470061015769530377
1470061224071213058
1470061276227416064
1470061428551782401
1470061989934231552
1470062182444326913
1470062233522745354
1470064213334769664
1470064474132471814
1470064492054818820
1470064692991303689
1470065461005983752
1470066135928242182
1470066691736580107
1470066952722866189
1470067047581290497
1470067318076104705
1470067611698409481
1470067763960070149
1470067782054252544
1470068266039185409
1470068288436813833
1470068449380470784
1470069087644569605
1470069223942721541
1470069319610638336
1470069534019100674
1470069900873895942
1470069912605708288
1470070176645222402
1470070417087815684
1470071117473792007
1470071413751132166
1470071838978068485
1470072193195421704
1470072396191346689
1470072556551950338
1470072559689510915
1470072593768235016
1470073160238125059
1470073274969305095
1470073965934698496
1470074022281027584
1470074180179791875
1470074442084614149
1470076880770502668
1470076900080975877
1470076904010969088
1470077113566994450
1470077332467580928
1470078435150073862
1470078879314370560
1470079239512801291
1470080234598936581
1470081796536737798
1470081886353457153
1470082237383286786
1470083823350292506
1470084430261805057
1470085699911180288
1470086444442009600
1470086578940829711
1470086955148857347
1470087818365919233
1470087858396536845
1470088699232804867
1470091653063053316
1470091719706222596
1470092358154960897
1470092839614775302
1470092879368536070
1470093178845876224
1470095492172427264
1470096179803222019
1470096609216286725
1470098682389442567
1470098758054653952
1470099391960731652
1470099423367684099
1470100016261853185
1470100056569257984
1470100629091721232
1470101102997606400
1470101191904354308
1470108186413879305
1470114729028984848
1470115154675347460
1470115818512039945
1470115903090135041
1470116208565489671
1470117545730576393
1470117765780488210
1470119470156988421
1470120247600504832
1470120720642363395
1470123883437166593
1470124686008795138
1470125938297999362
1470126132418723841
1470126713208074244
1470126869659934727
1470127303338438662
1470127893644722178
1470128177833988098
1470128403349184519
1470128847509151749
1470130480838287361
1470130683410587651
1470131164698628097
1470131827029340165
1470131868733485057
1470132517839724551
1470132902000267280
1470133005092016128
1470133051808104453
1470133215964848129
1470133294561841152
1470133754593173509
1470134865140015120
1470135103590387716
1470135104697634816
1470135174000259074
1470137284955557889
1470137745452396545
1470138021190193152
1470138177449041933
1470138262228332545
1470138474141528065
1470138744909234178
1470139896895574018
1470140640583319562
1470140821584453641
1470141142117359622
1470145628382584841
1470147249929924612
1470147397464559617
1470147516306014217
1470148089235361793
1470155223754752005
1470155336799559682
1470156282808176643
1470157878606577674
1470157970390589448
1470160037523771392
1470161596991352834
1470165690191544320
1470166052550201355
1470167155358507014
1470169949834407936
1470170544855293953
1470171358130753540
1470172657417170951
1470178125006848000
1470180040394555393
1470184076770525186
1470184209092329475
1470187505039200257
1470188347687637000
1470190044791066636
1470193626269556738
1470194247764611072
1470194320397389825
1470195030619000834
1470195099476897798
1470196166386016258
1470196829170003968
1470198495688617986
1470200104669921282
1470210052028047362
1470212960547188743
1470214964040327170
1470215756612870146
1470218947819552771
1470219701007519746
1470221245430087680
1470221777125081090
1470225027291361280
1470225835898638338
1470227641999544324
1470228413638066180
1470228482424725506
1470228754563842056
1470229396640382978
1470230328598056963
1470231139616964612
1470233233010925569
1470236155543056385
1470237191766876160
1470237574727880706
1470238583416102912
1470239531257450497
1470240945887223811
1470241321214365698
1470242750490718220
1470242803783548932
1470242811618361346
1470245170775998464
1470245592097976322
1470247121261637635
1470250291190644740
1470250785841860608
1470254133449875456
1470254191897559040
1470255221762715652
1470261795688488961
1470265519307591685
1470266864727035906
1470267158047301632
1470269691545284608
1470270255230447619
1470270871205937156
1470282953318146049
1470287406117134338
1470310757753569280
1470310989983797251
1470311728625987588
1470313202688802818
1470319768829890561
1470330078064115713
1470333311910174722
1470344047902564352
1470356136922472448
1470358681468514317
1470380285661532160
1470381865127354369
1470383656447483909
1470391619048423427
1470394521318195219
1470395482161700868
1470396570155819013
1470399248558526465
1470401958376882178
1470402028971118598
1470403058073059331
1470415716486717442
1470421951156035591
1470422254131556360
1470423817344405512
1470426323097169926
1470434956904054786
1470435710503170052
1470443198002647041
1470479353175760896
1470483699716313099
1470501238521405443
1470509269195931649
1470598250331885571
1470602204319223809
1470678853366337536
1470773422829543428
1470773914024517638
1471016170685964290
1471033591295451140
1471373714755399681
1471486068671193094
1471486890876583937
1471488265018556419
1471489175983583241
1471493237181333511
1471493333251854345
1471495553099857921
1471496705916878851
1471524466178113542
1471532749710413831
1471532862126104585
1471543044658847744
1471568140798730257
1471577258791997451
1471583927831707650
1471654287273041927
1471686623016329216
1472282385748303875
1472311811512975362
1472553867242094603
1473199891241320448
1473200724804702209
1473654820355682308
1473795524478349315
1474382476332122121
1474770160095567881
1475594586806444038
1475606074275373061