1473760650216325120
1473760663902343175
1473761026080272384
1473761484803035137
1473762505398755328
1473762795598618629
1473769203203252231
1473774460717178887
1473780793067536384
1473789084137054211
1473820280007053315
1473831157410283522
1473842683366027274
1473851820963352576
1473914772521242630
1473925281975046145
1473926462944288774
1474006164635455492
1474059638576455682
1474065120183537679
1474139944868319242
1474413882751995908
1475474704173613060
1475475077986668545
1475475502790070276
1476172347681955845
1487293587628838913
1473789202424811523
1473793458166919171
1473895068234702848
1473960079246430212
1473789170887835652
1473793392525991937
1473895037540790276
1474844494948352002
1473768199632084993
1473769022256820232
1473769832520863752
1473772664363700224
1473773016450535433
1473776657488035850
1473777024275673089
1473787960814354439
1473788997075980289
1473792857106534402
1473878073045139465
1473926467910254592
1473993904777306112
1474006109669269508
1474038538052288512
1474065741565644804
1474094140178710534
1474305296357117970
1474728521809465346
1474745397507727366
1479676531735621632
1473803276118368256
1473835733680934912
1474005210062364676