1472956512481992712
1472957094190010377
1472957333303177217
1472957661427736578
1472957919574609926
1472957956991946758
1472957992748335125
1472958516021415941
1472958634204221441
1472959130935644162
1472964556951457795
1472966485769392130
1472972644215517186
1472972920188063748
1472973135657848832
1472984588544667648
1472991546156933123
1473005288185860104
1473021657434394626
1473027841763602432
1473034987079409664
1473073681618415618
1473079018622705670
1473092320849448962
1473102505693220867
1473115139029172228
1473142987735683072
1473154892088893441
1473159515612725249
1473159833566134274
1473164163916525569
1473201990683566081
1473206167556001797
1473207373036929024
1473208142079082496
1473210671030542339
1473215462871904265
1473215877831036928
1473222346815287298
1473224496081518595
1473224974961893378
1473225938473295872
1473229002961612801
1473249337685778434
1473251500415766529
1473275608134303745
1473275856193679363
1473278730529345541
1473283201003044874
1473284428151472129
1473288822284865540
1473293141948129287
1473294010957676553
1473306512915251205
1473314470751617028
1473316385237385217
1473318413053353993
1473320897402527753
1473321943671590912
1473326298571358218
1473338603791134725
1473341999172534278
1473353577049427971
1473393515929296906
1473412330847416326
1473455789385961476
1473467370236624898
1473467494220271627
1473467810676240384
1473477402349158407
1473484031262179329
1473490936835543050
1473552495137812488
1473596410297827330
1473621804375752707
1473640449189597194
1473660317578285063
1473666687891570696
1473986077446660097
1476778995677081601
1478434457870692352
1480058035242344451
1481500269653504005
1481500667692859394