1469070364194099202
1469070650686021632
1469070842084700163
1469071010485858306
1469071050361032704
1469071096813178889
1469071476729040902
1469071797811351559
1469072019480354829
1469072061091958786
1469072081841274882
1469072091144146946
1469072109997490182
1469072638257549312
1469073567136595975
1469073616344174592
1469074532828856326
1469075726280318979
1469075945504272384
1469076934474801152
1469079235579060230
1469079247968944134
1469079452244058113
1469079567381909507
1469080088830304259
1469081107710758915
1469081277189869570
1469081736436805639
1469081895648391168
1469081938870816771
1469082277057552384
1469082498164477965
1469082583787089926
1469082816142929920
1469083057328037901
1469083124998938625
1469083259904696330
1469083422224261121
1469083643209388033
1469084002560606213
1469084018624892934
1469086594934222868
1469087651471007749
1469087895881322499
1469088555658100745
1469089227090677766
1469089594733842432
1469090006228631552
1469091298992918533
1469091480488787971
1469091719396446208
1469092574098980869
1469092915901313029
1469093389601812483
1469093395872235526
1469093627687317508
1469097278623436803
1469097820246495233
1469098106260267013
1469098126434787331
1469098876250595334
1469098908471201798
1469100276493668355
1469100404558503942
1469101063072411649
1469102154480816134
1469102881366282240
1469103812442947586
1469104041259057155
1469105025188347907
1469105081454927877
1469106500190752769
1469107430852341766
1469109707201777664
1469110253547630597
1469112934185926658
1469113756672266240
1469119208193769476
1469120753627025417
1469121295518519296
1469122306597392391
1469122595597565957
1469128249984888834
1469128664663171081
1469129344605986817
1469129751705100296
1469129968902942725
1469131306193723392
1469132264848171014
1469132534546108425
1469134470548705282
1469138033983520769
1469139349954514948
1469140467149262851
1469140490821980163
1469142265926934530
1469142718546911232
1469145279475630085
1469145663992696832
1469145668988162050
1469147152878292994
1469147193072312321
1469147573092962305
1469155634180411399
1469157475941191683
1469161263716614147
1469161632014094338
1469163535305347075
1469167731798798339
1469170162855137282
1469171552256028675
1469171897011109890
1469180319291121671
1469194016394727424
1469200800576466945
1469207968726065156
1469214152078069760
1469215473313136644
1469220007007633408
1469225229964783617
1469232476899844099
1469235035463045121
1469243132868849665
1469243336888258560
1469266416511688708
1469274490018410497
1469284802322911237
1469285300086181897
1469302365572370437
1469303463213469707
1469309347591245824
1469310024589717514
1469310597598691328
1469313455467368449
1469327995349393409
1469328991588913160
1469330814550872070
1469332218053079050
1469333908307292162
1469338702904279042
1469341240105656323
1469341720265515010
1469349274651701249
1469354693000368131
1469358905880887304
1469363595653758977
1469365390446776320
1469367411954491404
1469367803878645762
1469368648880254978
1469369011859345414
1469369032985829376
1469370280220839937
1469370705099714562
1469372584403812353
1469376832428412930
1469381130776416260
1469387519762616321
1469389403491602433
1469389520642707463
1469392559671676932
1469394475248238593
1469395564450222081
1469400535920959488
1469424620231176196
1469433097066270720
1469442941353660422
1469634505690464257
1469668090346627076
1469753533704679437
1469808998035697672
1469813210903715841
1470197478175744004
1470228736859676674
1470231291962576899
1470234468736663553
1470238360631451652
1470241244727152641
1470264587425501184
1470355518011158536
1470392945232723974
1470405399241240585
1470734440078970890
1470933940487688193