1476875723319164942
1477186081296687104
1477188331679236097
1477549504878448642
1478334796526936068
1476878841519947786
1476879607164923905
1476880301313900561
1476881923444195346
1476882447157514240
1476883200857485313
1476886423458431013
1476886847649464321
1476889909944324098
1476892502430994439
1476893389907845122
1476895625128128515
1476907139322974210
1476953202482417671
1476988238761967619
1476991114817249287
1477188333268783104
1477323071606472711
1477561270899515400
1477568940486311940
1477580660416016385
1477598909992411139
1479108765265788929