1470876431177728006
1470876809248002048
1470878545329143810
1470879037232926723
1470879134456946689
1470879624183750658
1470880478819336192
1470881564724764674
1470883015215570944
1470883136095596551
1470883495798927362
1470884490662846464
1470887331372666887
1470890807163080706
1470896010985566211
1470896415094325248
1470902722924883972
1470903063082942464
1470910929894363147
1470921103107313665
1470924696535379977
1470934145652203525
1470939037951221760
1470941362757718017
1471027352389959680
1471067375915184129
1471082480992198659
1471103101385990147
1471103121342402562
1471107140379156483
1471117091856171009
1471130455399350289
1471144335269900292
1471155771098353669
1471155806951424001
1471155913411211274
1471163121414905864
1471255876162011136
1471285918866690050
1471335586757857282
1471460727491805186
1471518498211958788
1472700306177740801
1472701894271197187
1474214705745047552
1474267659197845505
1474276670118895620
1475322378435637251
1479676686354452483
1471003209288216578