1468328334895550464
1468313376430432265
1468314335537770499
1468316178137456642
1468319814364110850
1468321154154647557
1468355698346057734
1468450168194273282
1468490692817211394
1468572331337555970
1470284926184534017
1468321463006642176
1468321745543254030
1468325743763460097
1468357644922462208
1468399610376851456
1468400997127106560
1468401036322754562
1468404082457014278
1468405751068729345
1468425347393892355
1468431697905696768
1468483772035174402
1468483925286678530
1468486951460392960
1468490616946388996
1468520108733644802
1468562618751225861
1468592969225809927
1468599641474097152
1477758667835465734