1473793682000134144
1473926799893618688
1474078160253767685
1482961985818206211
1483043324709777412
1483076232686149635
1483092329426825216
1483114107956088837
1483189226585812992
1483441424976814081
1483451436608405511
1483452502775324678
1483456126498877451
1483467117231890434
1483475484818083841
1483477970274639873
1483478381178068999
1483494295109840907
1483500191558901761
1483523433149333504
1483529883020050434
1484055368229658625
1484068526826696708
1484216558985662470
1484217087530840072
1484217090856787969
1484218696105177093
1484221585057882114
1484223412566466562
1484226854450049029
1484228105392713731
1484230809112481794
1484240515784589314
1484242689071661056
1484244933921935362
1484250139980144654
1484267670619013122
1484269575260807170
1484269906292060166
1484270801587105793
1484271628838182916
1484277680077950984
1484280922140725253
1484283302941007875
1484290236251357185
1484290753555795970
1484654857684664323
1484744379562553346
1484856708442828806
1484902320462778371
1484904679305850890
1484907849348222978
1484914362225733635
1484917047725334541
1485311853043621900
1473749265981837312
1473793649473249280
1473749495326248960
1473749624599064582
1473751165854785542
1473751645192347651
1473754300774035456
1473756541669064714
1473759211934867463
1473762796403716097
1473770207579570176
1473808508311281666
1473844347573620739
1473914893908656128
1473926460314460167
1474006209183236102
1476080086210482177
1473749469216882691
1473793571098533888
1473926806743007232
1483425501641326597
1483537205981323269
1473760877853696004
1473793528895393792