1473371069662867459
1473371255357296647
1473371259568377856
1473371320595501058
1473371439638081540
1473371594328268803
1473371807369605129
1473371934431846407
1473371975133249539
1473372232143581193
1473372782499188737
1473372969653223430
1473372991727837189
1473373042898345986
1473373186351841284
1473373305553960971
1473373336373645312
1473373406506758156
1473374033194463235
1473374764475432961
1473376649567637506
1473376973518872580
1473379921368072197
1473381418042642435
1473382299945291777
1473383880421953538
1473384703248027662
1473385111148134400
1473385169730027532
1473386141126586370
1473389690355163145
1473393838337232896
1473394677609078789
1473395499562586116
1473404211354349568
1473423243772051464
1473426916501712897
1473427746797731846
1473429455259402241
1473429843937161218
1473439501670227970
1473444645657100288
1473445781151666183
1473455509432795145
1473463770999627777
1473464848604401666
1473476266124849154
1473479341338157057
1473484755215663105
1473496207351820289
1473507093470593024
1473519886961942532
1473541562868977665
1473564225427619847
1473603401686650880
1473656597645832200
1473661041544515593
1473691510352850951
1473696609108213771
1473712412494897152
1473714978230255616
1473724622453497863
1473725618286116872
1473778109732298765
1473830964329697284
1473879204357836803
1473994271128698881
1474410487576244227
1475055300340236292
1475239111304826888
1473695505691680772