1469711862069608452
1469711981644967939
1469712610132115459
1469712619569233927
1469712921202622464
1469713353157271559
1469713763754467333
1469714415998193664
1469714642486407170
1469717678294188035
1469718152204501001
1469718154951598083
1469719423426641922
1469719554091851789
1469725192918237185
1469726319202029569
1469727005381955584
1469727656748982272
1469730194239934473
1469730385764372480
1469735944551084038
1469737625753948171
1469741995820081157
1469742205287948295
1469743065220927488
1469748351751045125
1469759943947350016
1469762245252943872
1469774829871984640
1469791318993997829
1469795312214626308
1469805801908813825
1469806194286075906
1469819401197301763
1469822015913836552
1469834208944304133
1469862152974573575
1469866644562456585
1469871182719565827
1469878263866867712
1469888933207154688
1469892387933728768
1469897532922863616
1469905291839954944
1469919029531856902
1469931522119639044
1469940180379439105
1469965123574013956
1470003278184337408
1470012154195546112
1470025944316395524
1470026874004938770
1470045463214792704
1470061185508810754
1470073896137338882
1470087800108236808
1470120744789192713
1470126936361951240
1470140658023231488
1470175284095639554
1470206541131309060
1470212969481097218
1470213291016339457
1470221914702503938
1470225770438184961
1470237463948017669
1470264765456998404
1470432410525388823
1470460150976634884
1470596611457884161
1470753547662807052
1470838373917106188
1471680808113029123
1472024966937862144
1479676723549523969