1466799691006459906
1466799785432727556
1466800013183311874
1466800124806508551
1466800790740295688
1466801213102604293
1466803734776889344
1466803910681767938
1466808575532183555
1466809317181431812
1466810776107335684
1466813252751527939
1466813443474919431
1466820804201619458
1466826803180453896
1466830550715363337
1466838169530376203
1466839758479499271
1466840231928381448
1466840976182362121
1466841226188140551
1466843030137102344
1466855466454106121
1466858693585248260
1466872753072578564
1466880200927494147
1466891565297635330
1466892296302084100
1466894502346563584
1466904560455323662
1466906407769456652
1466922489192357893
1466952766513889285
1466956777107464200
1466957341174157319
1466958243264147458
1466960101168791555
1466963518566109186
1466999994444042240
1467041051802226688
1467092669272936451
1467109541510852615
1467137087967215622
1467144728391081985
1467262684202741763
1467340704829612032
1467546485294346240
1467665072940101632
1467691285024808972
1467704377330876424
1467743360366612480
1467850263570661376
1467879327920373771
1467884040074276868
1467888314199982080
1467903815357767688
1467915667080982538
1467944941204746245
1470865631784448006
1470903975826366471
1471836551084716050
1479386735024885760
1466830293420154881
1466831276988588039
1466833242942689282
1466835358532968452
1466803019266203652
1466804392338677764
1466806716520026112
1466826346496245760
1466867124639436802
1466880211144876033
1467033596389068802
1467135859644370950