1467206547738705920
1467207940515979282
1467208940890976256
1467214216558002179
1467221988280180738
1467222455936638978
1467227461041668108
1467239982918250507
1467241987879231492
1467250181280350209
1467255433748312071
1467258121009590272
1467259301840498689
1467271652253831173
1467278201026392064
1467303753653133313
1467382728316358658
1467405731313848321
1467406191227809796
1467423467003863046
1467486214819303425
1467512291750936583
1467551123439456258
1467207037096505348
1467207274028535817
1467207579008831491
1467207677684113408
1467207743564099588
1467207952998309892
1467207994270126080
1467208286374174724
1467208321929072643
1467208901628211200
1467209039608225795
1467209336279678982
1467209345821777922
1467209882906550286
1467209931547983880
1467210128638238722
1467210647775571969
1467210806324387840
1467214004481245187
1467216054132879360
1467216979178459137
1467218565451456517
1467219605206847490
1467220843361030145
1467221065348927494
1467221455595352064
1467224819204767747
1467227284406943746
1467228607860805632
1467230852463554560
1467236083670798337
1467240185377218562
1467240682238746629
1467243465960427525
1467244898969481218
1467249820964425732
1467250466106994690
1467252503762853900
1467252526886133761
1467253072468533252
1467253619204538377
1467256584564875266
1467256856116707329
1467257977417572355
1467260888637919232
1467261080992952328
1467263948399460356
1467266808788914177
1467267102440443904
1467271903400189954
1467284264550944770
1467296108221067266
1467314602434351107
1467317095356674121
1467319055300251648
1467325128933580802
1467325624708743170
1467326324087865351
1467327193269350402
1467327309946437638
1467329657594859527
1467336762922045443
1467340606871539712
1467340637041135618
1467345610068140034
1467345700841271298
1467349526906290180
1467352704884215810
1467360034250231809
1467364400231333891
1467374070161235974
1467396052861034502
1467397196509511681
1467403402854420480
1467416443834798085
1467453823622995969
1467458141516451841
1467470974568349696
1467474782627246080
1467474895378522113
1467483510248120323
1467486090915418119
1467491013644197890
1467495874649600001
1467498007415377930
1467502533363093510
1467502749004750853
1467514692444639240
1467526969558454272
1467533069112463361
1467533851379609603
1467537538189606914
1467542802137591812
1467552125186187274
1467558217022640133
1467565831974535174
1467585679706124290
1467591125917745158
1467600512107352074
1467606739390537734
1467611272577437696
1467632652136042496
1467650437654458373
1467681494617493507
1467682397496004614
1467682931611160577
1467721145336008709
1467740067489796099
1467802616218492933
1467804493412651009
1467822197783900162
1467841634888998918
1467842126830571520
1467851141178437633
1467854129041219586
1467856454505967616
1467875066247532547
1467876976471986182
1467887510437212171
1467888477383634954
1467893812496408583
1467894725747384331
1467895310441762820
1467895429631295497
1467895793877147652
1467896580069998594
1467896653499752455
1467896688014770180
1467897600061972490
1467897603287302145
1467898268365598728
1467898337923944457
1467898425882599431
1467899767346716672
1467900045676531712
1467901673360216072
1467902644677009409
1467902759584387081
1467904160662269967
1467904358121672704
1467905606799478790
1467906247353683980
1467907191273185281
1467909526024343560
1467909699756433414
1467910364931276803
1467910761678790656
1467912927520780292
1467914311855218697
1467918721176023045
1467922056453017609
1467925531714891778
1467940266254356483
1467942297908166665
1467942473808949250
1467942609645715466
1467955610406817797
1467956148536057865
1467964398367088641
1467966110100332546
1467969205093822467
1467969482735996939
1467979451338305543
1467988158151368704
1467989378593173506
1467989827090059265
1467992215871967234
1467992936830976000
1468010309780590595
1468038575023398912
1468060503394201604
1468191124519014408
1468197596006993926
1468284438685569035
1468410145860431879
1468664905058242560
1468775755073130500
1471049295889637376