1466844982208344072
1466845067893563396
1466846077609463817
1466846427720597504
1466847738956591110
1466848720985608195
1466850198982909953
1466851374856273920
1466851908010889218
1466853153907691521
1466853254168334336
1466853282064732160
1466857031671898121
1466858606461026306
1466862563954733064
1466862905194790912
1466870523342868483
1466873594999414791
1466878509654151171
1466881402838810627
1466888892905398274
1466889039756341253
1466893983284486146
1466901988160020481
1466905610386087942
1466933507666714624
1466935098801111047
1466947139376979971
1467041083586715654
1467141027530117120
1467167807414542336
1467212713508192258
1467228811754295297
1467274440530665482
1467385356760801280
1467486812562202627
1467967997117612041
1467977828738400257