1471208668041523207
1471208669689917448
1471216422806122496
1471216442427289601
1471233758531624963
1471389873739382787
1471389876088147974
1471573005037977601
1471208671178805251
1471208672864964620
1471389878818676740
1471389881398083586
1471208674454614024
1471217118519521281
1471217421067309056
1471223838243393537
1471389883293962242
1471389884845858819
1471475036578058249
1471213239530893317
1471214159215931393
1471225682705272834
1471233748549226505
1471264771945205760
1471317770386108419
1471389886448115714
1471498871821901835
1471513533175111681
1471675580693106694
1472551642335780870