1475496941366571011
1475497211609890828
1475497221646921731
1475497283722649601
1475497427536945152
1475497841011216385
1475497896548212743
1475497903930048514
1475498389290643456
1475498598997581837
1475498759463317507
1475498961469378563
1475499123423989766
1475499823247810564
1475500092153077763
1475500273934094336
1475500933329174534
1475501046193541125
1475501090246324226
1475501133737205760
1475501137071595524
1475501880298160128
1475501909532360705
1475502172641058820
1475502700553031683
1475502840990867465
1475502848456765448
1475503552734900232
1475503655814111234
1475504103790940164
1475504325904543748
1475504482427490305
1475505326065524740
1475505565858246664
1475505699794866184
1475505917336686597
1475506080629370887
1475507196477808647
1475507958830477315
1475508103206498311
1475508538260733956
1475508855996129285
1475509018248441857
1475509747315052552
1475509810204393487
1475509867054047246
1475511266760404995
1475511776619991046
1475511793917255681
1475511894429601794
1475512360852987911
1475512825225355265
1475512927507546113
1475513448247160835
1475514424026882053
1475514428304936963
1475514897677099015
1475517362023677958
1475517376733093893
1475517966808752132
1475518941552422914
1475519630903025673
1475519684950691844
1475520999332319235
1475521032333189125
1475521170099347466
1475522657164697602
1475523167955394564
1475523191737098242
1475523612702556171
1475523936876208130
1475524465849212929
1475525039839748103
1475525598831337476
1475526881399255056
1475527285914669059
1475529096998363137
1475529703586996224
1475530314609041418
1475531470638886915
1475534269460234243
1475540570177163273
1475546382106693633
1475548108335591424
1475548385734184972
1475548863352033281
1475555230548959235
1475555767319154694
1475561129728516103
1475562542718066689
1475569887946887182
1475577110723014667
1475578453793591296
1475579438939074560
1475590228182192135
1475592281075814400
1475596473677094924
1475598651196166150
1475605574507282441
1475605857832427520
1475607772783943687
1475611024300650497
1475627734906720258
1475637467466326020
1475641258718679040
1475643012046802944
1475657577778360326
1475673858157993993
1475676241353183240
1475692426069262338
1475699193574567937
1475703444191080450
1475706947580084224
1475711025261469701
1475716004911230978
1475738307145482246
1475762803403378694
1475778699844804612
1475787885655822339
1475795636490588163
1475810310468648962
1475811771034353672
1475822927111233537
1475824374775230465
1475872210942267397
1475885896729825292
1475982252987330562
1475990709874282497
1475998687054770181
1476121388394053633
1476136917662064640
1476163769747316738
1476259154687926280
1476282290221297673
1476338867586277378
1476343694026493957
1476370740081532932
1476390611964112896
1476474659180789762
1476737634374496259
1477453358197846016
1477550880870342657
1479676402169352195
1480253036983250947
1481072191311847428
1481072983779258372
1481074983694704648
1481095122519564288
1481103252586442752
1481116468175687684
1481151944999804929
1481265873763676162
1481276716576391181
1481289814234517505
1481332808694087680
1481352977491415040
1481354145214910471
1481386705361981451
1481620364790833159
1481631736073175044
1481636195201335297
1481642174483599369
1481649446538469383
1481653017053052943
1481655535757774861
1481660159395041290
1481660378220093442
1481668475663925253
1481702226435395596
1481717733062438913
1481721148840701953
1481723877352947716
1481937692602646530
1481982189969592323
1481982571051425792
1481983872581705728
1482923725670567940
1482926360255414272
1482936093125267465
1482937594170077189
1482944127645929479
1482946439848218624
1482973146068099077
1482989600138317824
1482995480049106948
1483006805018087424
1483018791449767939
1483023219879784449
1483066677780791296
1483100500232974336
1483112668152188936
1483120984802562053
1483146207652417543
1483150016118067202
1483170288237961218
1483172953382526977
1483173338432229378
1483179953940099072
1483180969674817543
1483189962614792195
1483238048494235653
1483275011628621826
1483309304341950465
1483347034924929025
1483352394851557382
1483388608606351362
1483398298719432704
1483422033685929989
1483432360108605443
1483450027846651906
1483451494636609537
1483452881638465539
1483460165731065860
1483472862694588422
1483472959796883457
1483475951807651842
1483478788394602503
1483479167643500546
1483479366487183368
1483479658377138181
1483480414568202247
1483483522929242113
1483484719320813573
1483486177944641542
1483493711845609474
1483495539308126210
1483496067157086208
1483496377351081988
1483502205558685700
1483504526250242048
1483504833910947845
1483509485826158597
1483514438762344460
1483517677956177926
1483522077890170891
1483528946880712705
1483531027758948359
1483535030135754757
1483536434615267332
1483543619197931523
1483575872619794433
1483576636008136711
1483970514721079298
1483971731987791875
1484055862054465539
1484071305204977664
1484074515302920192
1484103134620405760
1484134830941999106
1484216629307322373
1484217059848433665
1484218333121728519
1484218912707420174
1484221378429657091
1484222508798644224
1484222669323378689
1484223689952354306
1484231126302396419
1484234999457062929
1484236072791863297
1484236858087383049
1484241700197339136
1484242332513751041
1484242479549403145
1484246240623689730
1484246976548024324
1484248695843561478
1484253348027154437
1484257018823131141
1484259690850648064
1484260627405316105
1484261776179052546
1484266498948481026
1484268475686207493
1484268651930918916
1484269753468293120
1484274220024614917
1484275430681100289
1484276430666027008
1484283258909167618
1484283288059625478
1484287200783224837
1484290795561963520
1484292036111044614
1484636593189228545
1484685703389024259
1484713265364185088
1484744429332099075
1484807073720414208
1484906241080107011
1484909579632840707
1484945266742542338
1485312316132532234
1485596734982025221