1473685281274576897
1473685285028474883
1473685443573080086
1473685483976859661
1473685899208802307
1473685916250222602
1473686026686275586
1473686580019748874
1473686608461410317
1473686651000004609
1473686690862714884
1473686931200434177
1473687218694803470
1473687370147016721
1473687410152247303
1473687843407122436
1473688160127365128
1473688570879963137
1473688641331421197
1473688811154644997
1473688931510231063
1473689061651013643
1473689934062133250
1473690044628185105
1473691358711922698
1473691706688217088
1473692606160936960
1473693701490806785
1473694065166372877
1473698229762113539
1473698940897873926
1473699015216746506
1473699145164677134
1473699736460922885
1473701032295378945
1473701651068432398
1473704688541478923
1473709705214234640
1473710411002396688
1473724732176486411
1473726180289355787
1473736322661629957
1473743028548472842
1473744290849329153
1473766296378617864
1473775422928216075
1473777913682173956
1473784718185226241
1473788420275191809
1473804655406854144
1473843027122610178
1473843884862148613
1473867945688317954
1473873461953110021
1473890761292746752
1473915660002422785
1473926400818167813
1473970750524637184
1474006367979638787
1474023520090918915
1474034234616684546
1474044288862404609
1474078761037541384
1474110058422222864
1474558731530739714
1474558926188425219
1474786604606791688
1474793461287116807
1474942379568345089
1474947999713345538
1474955122618900480
1475259733342830592
1475376320033009667
1475512122763268106
1475966190325575682
1476597917913915392
1480320297232445440
1473692928665137156
1473778083253608454
1473793855015174145
1473697370248466445
1473697574989307911
1473700622843142150
1473704719256363012
1473705073008119823
1473719802317488136
1473724242210480129
1473724441326764039
1473724714879266819
1473725011924066312
1473729085973094409
1473754815771525122
1473757599346552832
1473793714161995777
1473894958272638978
1473926772139991045
1474023771463774211
1474195476106809350
1473696898078973971
1473697907962437641
1473697003490131979
1473718776386494466
1473926779156975618
1473697219425546245
1473702045920157700
1473926784064315398
1473697399377903616
1473697437357387785
1473697607621001222
1473702261058637839
1473702659685289993
1473703162448162829
1473708949635534854
1473745263898599433
1473752326196375557
1473771695085617155
1473793785502994432
1473894797173682180
1473926787533053953
1473929672648011780
1473717806352982028
1473793817153208321
1473894850990727172
1473926791194628101