1472900852310372352
1472901085396353024
1472901305752559618
1472902567793504262
1472904542408916992
1472907475221299202
1472912044789846016
1472912793963835401
1472913098952650759
1472916129395843076
1472917659159347209
1472943290039287809
1472957983558709264
1473004355531853829
1473028110450716674
1473119076650131460
1473122680920489987
1473198975725580292
1473201985201610753
1473319762893672460
1473346126803841039
1473918969497141253
1474003672795389953
1474278518255075330
1474495242393030672
1474774335818637315
1475644885881479170
1475787322218233857
1478559387375464448
1478743180916920322
1479238914812620801
1479744160454299651
1479757327670685697
1479766902868226055
1479767363037892612
1479784050990764033
1479788213237686272
1479795372088307717
1479796449739161600
1479799772328386560
1479799805949976578
1479809846165786630
1479832719223922691
1480072057857748996
1480088921967104000
1480104392338587657
1481740052812107776
1483392112083312645
1483782633691697157