1474047422200430597
1474047529054613511
1474047858638835713
1474047884186247182
1474047934933069826
1474048294582112258
1474048490900709378
1474049412548771844
1474050052230316032
1474050923358003202
1474051068917071877
1474053993114578946
1474054181736513537
1474054297344262151
1474054968223027214
1474056142674403330
1474061539187609606
1474062364794306565
1474062904949456908
1474065758971842570
1474068096793071627
1474071579881578503
1474071764523233289
1474071930164682758
1474072154689851428
1474073181665349637
1474074370096119809
1474080687879856135
1474085858269532168
1474103914693894148
1474108030996254721
1474108191977971732
1474136502296723466
1474139425139568642
1474188482838990848
1474188762175315968
1474189289806340096
1474189384580845571
1474189719265230848
1474190077874085893
1474190469294870529
1474190522902323200
1474190945084223491
1474191709907030034
1474193074784030723
1474193510719012872
1474195940084912152
1474196525253160961
1474199432996524035
1474202650329681921
1474203789385154563
1474204737818042375
1474205413428109313
1474205872414879744
1474206332551053312
1474206974740942851
1474223304718307330
1474224546370760706
1474225907149721614
1474235816348200962
1474259313036349442
1474273100996886531
1474282711418380288
1474288503001608193
1474288867851358234
1474358100354387970
1474364802650750985
1474379350468280326
1474379812378656778
1474387501905240065
1474394125671743491
1474409748820856832
1474416499955834880
1474426644014133249
1474447220703473665
1474450946918961157
1474477279241805825
1474508215631106050
1474525786124214276
1474702432131190787
1474748667722670083
1474851491060097026
1474856515311968259
1475129028365459463
1475229419371384837
1475257020362153994
1475261511551664137
1479676495438123012