1473309854441914379
1473310118242574356
1473310181182345216
1473312003188039680
1473313700010463238
1473314424677150721
1473318370216980486
1473318572780756999
1473319544252993553
1473320174627565572
1473320249877753858
1473320851181383693
1473321756689670156
1473325071661948933
1473327620599296012
1473343177570627589
1473347814394580992
1473355198924050444
1473371649768509442
1473373717602484231
1473380928647049217
1473385642906292232
1473395619741855745
1473515310481387523
1473517103042875394
1473535425960579074
1473595902216572930
1473609641170976775
1473627210280022020
1473659443145588736
1473662135444156417
1473690164471943171
1473740245262872583
1477994061801926658
1479676590313250817
1482677768647290883
1473320314075586565
1473324816459575313
1473320923256270853
1473327574680051720
1473328404263022592
1473358536570662913
1473795998526808066
1474672089118523395
1476335514575900676
1476558547336892416
1477186182748549121
1477625368349655040
1477626913413734404
1478703413772832770