1474078106126327811
1474079096829272068
1474093883478921217
1474101107957841928
1474246691297632256
1474318605567279108
1474326651102277632
1474329586188140544
1474369634753200134
1474379269556027419
1474425769094832133
1474455733743800320
1474479289693351940
1474479607265087489
1474532944442454017
1474540291713601546
1474541908546441217
1474542624489066496
1474685389537349634
1474762523832377346
1474835381979729922
1474863488191324172
1475045702153781251
1475054365371031555
1475066594430943232
1475067403776438278
1475147870265393153
1475194882839007235
1475222146397970437
1475246185032171521
1475278916956962817
1475521081096261640
1475725573045776389
1475864365995728899
1475965802486525953
1475983741797519362
1476107970413047810
1476145999664013314
1476169823709245441
1474084197438726144
1474289206939865102
1475708290260774915
1474093915380846597
1474318638090010652
1474329611928576002
1474079581921415176
1474318671317286940
1475195725088763906
1474086527005167631
1474086793792434178
1474087129512882181
1474087191127244811
1474087727234752515
1474087963978084371
1474088434599792643
1474089292926357544
1474089359271813122
1474090124237586434
1474093777560162316
1474094859707469834
1474096232020643850
1474096366481641477
1474100117196218368
1474105663538163713
1474108070708056068
1474109182416728072
1474112744085499908
1474131951506403331
1474134133940965376
1474154089797890055
1474198446332694534
1474212480805228545
1474222792862277632
1474225904603779100
1474288882950852625
1474305031625228290
1474306555839500298
1474354887760781312
1474363453833949184
1474366299337801757
1474369949539909653
1474377293925597212
1474384921900822540
1474387255053725698
1474401576290852879
1474426346558287875
1474436320172945417
1474438573004926976
1474440685625479168
1474442679731859462
1474453591343697923
1474476463017676800
1474485911773720590
1474493222483333122
1474585159936745473
1474631073015513089
1474801713244778503
1474810895826145287
1474824692963889156
1474861971543633922
1474890352238678020
1474970061731418117
1475051608748797954
1475138322670538760
1475557287293075456
1475579292474032134
1475719863788208128
1475941900800737288
1476775145041768452