1474239023799762944
1474386193265606658
1474656859646676995
1474750863117799436
1474785944226041858
1474838320639356936
1474888950489751553
1475392383336415234
1475408232977993728
1475477690949902337
1475706804646465536
1475706823696998402
1475906309254000646
1476023960164655106
1476034747818205190
1476168352468922373
1476172394368622594
1476299392554573826
1476654198250999814
1476777832902795266
1473927136419270657
1474631639699443712
1474631824890470400
1474973896155836418
1474990174949961729
1474995253958647811
1475088629907161096
1475192991157469185
1475431043796635649
1476069536071921664
1476081758873722880
1476294997997760512
1476315716341190668
1476483876121841664
1476743544433872896
1474294075566313484
1474307167553572874
1474390438564057095
1474556490027773952
1475390290756255746
1475399769686102016
1475413204155068417
1475466633917435905
1475836596201132032
1475971082326876162
1476440082949320704
1476490859449253888
1476778011039051794
1477126607835906048