1473436304843096081
1473436471252115458
1473437265074425857
1473438100076609540
1473438564226453510
1473440134423056386
1473443218092007424
1473447762096230401
1473450906687471618
1473451314784919556
1473452527291191303
1473453729156317189
1473455706560995334
1473457647051497473
1473459062171918337
1473464849736867843
1473479702757003264
1473484061029117952
1473501977145274371
1473516787681554434
1473531591221727232
1473536765625614336
1473546961106006018
1473552274639122432
1473557080929832960
1473564397679398914
1473567148194865159
1473624240762982401
1473630594974183425
1473631686244110338
1473656012645220360
1473687558953619465
1473692625035309067
1473698142658957320
1473730879130374148
1473734030688501762
1473770520877273089
1473795660843401219
1474023117181755398
1474024082656022528
1474809484748808193
1475002701859540993
1475668514367152128
1475694959978110976
1481310506325622788