1466834683686182918
1466836924962848775
1466837229993664513
1466839403859304448
1466840780312612877
1466842512199352323
1466846481118216194
1466850438939037701
1466854363989692427
1466894162083655683
1467041069833633794
1467952332252102670
1466835025681338369
1466835101950566402
1466835571590975496
1466835633553518593
1466835902097932288
1466837827614818305
1466840290757517313
1466841113705205762
1466841472297230344
1466847280577884173
1466915518510731267
1467041077710438407
1467070211425640449
1467216707471253507
1467870581118939143