1466372330913943561
1466450434403487748
1466468877278265346
1466471668642201601
1466497301212446722
1466658417247154176
1466372301197295618
1466399100111396873
1466379125883506692
1466382710960709639
1466382795551485970
1466383526912217093
1466383643727863811
1466384793319399427
1466387604899782659
1466387840875614208
1466389306621059074
1466390912292966401
1466391276408897539
1466393590704197640
1466419121751474186
1466430965052588045
1466431067599085585
1466474404335001604
1466479787589918732
1466485653764558856
1466486076105711623
1466565239605014532
1466571661977608196
1466612213402112003
1466679386942418945
1466765680309583874
1467025517467643907
1467077828554461193