1476195479339810817
1476195544707989508
1476196279814344707
1476196464477016067
1476198720211410955
1476202290826600451
1476205194237071364
1476205199463227410
1476210932904775680
1476211761392939009
1476212702909452288
1476214164536373255
1476215069595865094
1476224548177686528
1476239035962118151
1476265327935868940
1476300253380837381
1476305274294050819
1476385150644719618
1476465622594715650
1476509046794506242
1476509483987836938
1476525084546375680
1476658480555696142
1476667668761493504
1476708553733939212
1476711233193660422
1476759724859215924
1476875690251272217
1477246734921129986
1477279396075606021
1477448643540099072
1477579633168166919
1477624256238276608
1477680962267979776
1477757255135154176
1477760895044489218
1477942690868256771
1477996331067191297
1478124228201357314
1478144024825450497
1478172701789466632
1478188039252119554
1478298681514340355
1476525257875984386
1477681058942533632
1477835471543701504
1476201807873548292
1476236937941770243
1476202254462029834
1476202805694066688
1476204592937455617
1476202873889431553
1476203168618983426
1476207752926093314
1476204361831305220
1476826785715269634
1476204126975500290
1476209966826536962
1476237670393139206
1476569690898153473
1477189143922823168
1476204635031588870
1476205914931691525
1476206352628342784
1476206521298132995
1476205540263051268
1476205990597079040
1476207099579351044