1471615750595129345
1471580789405995011
1471693493626183685
1471694693993963522
1472016906693586947
1471586044831145989
1471586099122352128
1471586838351527936
1471587250156838919
1471588627427860487
1471590777293783046
1471591339036925962
1471591433375207429
1471593960204390406
1471596992304271361
1471597760713482249
1471597784293851136
1471599246046597130
1471605426336804869
1471605953460113409
1471609462674780163
1471614452403523602
1471618390804639748
1471634170006978569
1471644697328246784
1471654380625698819
1471665456205422593
1471674166382313489
1471704407356149763
1471705401167130624
1471763406478848005
1471765281844482049
1471825277613494274
1471856607394947078
1471868768255107072
1471868967920836618
1471874257160392709
1471907757074829320
1471922777011757060
1471944813012348931
1471949640564199424
1472012702294089733
1472038403269185542
1472222639724847105
1472256408490065929
1472601233240342530
1472983835184975880
1472986854991413257
1473391288502390797
1481563457426231299
1471585114467540994
1471587077519298568
1471590384744960000
1471610148028362758
1471636761210200070
1471665480977068033
1471674188683526148
1471692973637316609
1471757580447981568
1471854498364669954
1471872478653792257
1471946915352879104
1472139698541842435
1472140530398240771
1472654317169647620
1474506941623898117