1475587520717074432
1475587887861485568
1475587992991551495
1475588021743341570
1475588187871277059
1475588760393994240
1475588881215021059
1475589391028563975
1475589583412908032
1475589702279389185
1475590154471583747
1475590675102060549
1475591400569786368
1475592177803796486
1475593041121447938
1475593243580518402
1475593284424802304
1475593869056262146
1475594090033078277
1475594401804169219
1475595547306299392
1475596240255479809
1475603030154305539
1475605164774109184
1475608629055217672
1475611529802227715
1475612045898760195
1475612314791518211
1475612663883259906
1475615965924798473
1475617419200802825
1475629336447361030
1475630834795397126
1475633124407136262
1475636277286420481
1475661750754185219
1475663029442252801
1475676196297969664
1475677278218506242
1475689173067517955
1475690623550119937
1475700192527618050
1475709079129579521
1475733125024161794
1475738333666029568
1475755617474256898
1475760921456922631
1475783414791892996
1475787224889405451
1475799047038459905
1475803454471913477
1475822933377437702
1475833249809195009
1475835636426944519
1475847944255545344
1475854215004274692
1475860334032441348
1475860818994601984
1475869946605301761
1475873817780056072
1475879222555987971
1475915268459225100
1475939229322600450
1475979058722873349
1475990611538763776
1476042160206143488
1476057672550072320
1476171582062182405
1476174163790422016
1476249960807124997
1476250202503794693
1476252983709085699
1476347587703848960
1476361599527145473
1476427333221470208
1477012673321648130
1477550669657747462