1476584154015809538
1476587710034894853
1476593054459043840
1476613646750990342
1476625887277682690
1476885772993118209
1476585405596135425
1476585761088569353
1476586055851819014
1476586062679924737
1476586322399612931
1476586364607111172
1476586449424244740
1476586730534752258
1476586836529008647
1476586851683110913
1476587500156063746
1476587927408988167
1476588156313083904
1476588898914603012
1476589372413775885
1476589779307438081
1476590357064437760
1476592281343827968
1476592442715488257
1476593005637390338
1476593115301650434
1476595235018973189
1476597469454774285
1476597905603514374
1476598596757827584
1476602342850150410
1476602942644174849
1476622873368281088
1476628321773359120
1476635840990392327
1476640592365076485
1476645152689164288
1476647112578322442
1476649802125524994
1476658303425990659
1476665019710390283
1476691669496045580
1476699349019201539
1476702066722623489
1476752142668943362
1476791357868027908
1476825953439563776
1476836273369145344
1477035864777641986
1477598740873633793
1477757487185113091