1467916975229788162
1467917009195188227
1467917579868119060
1467917689611948035
1467917793010098181
1467918491042951169
1467918828822691842
1467919074046873600
1467919503338184711
1467920821129781261
1467920993884721159
1467921038180855816
1467921339948232705
1467922075889381378
1467922811985580033
1467924109417926658
1467928624292581377
1467931039620206592
1467931680107343884
1467935015820431364
1467935954094731267
1467936719647424515
1467941403326038020
1467943123804475392
1467945724319088646
1467946350931292161
1467949686296248321
1467953518434676741
1467956442485252098
1467956633921732609
1467962307959345156
1467964096989573121
1467979668577865735
1467998833217056772
1468020231868137473
1468031562071502849
1468039615571546116
1468039968551587841
1468044506830450695
1468052222038708228
1468055506182815745
1468059944830255108
1468089268903972867
1468121627816718337
1468128326858518528
1468162120508399620
1468216752295264262
1468227957843922946
1468229097021128710
1468229229913518093
1468236471563956227
1468251953213808650
1468269030683426819
1468274476278337538
1468282684980051973
1468285180754292741
1468292686016884737
1468292969899999251
1468313411670925313
1468314108344811527
1468318801670377476
1468322291297787920
1468543980090630151
1468591031306399745
1468624937044819968
1469776289208975362
1470462665994608640
1482000977003782150
1467924916334964736
1467926368801406983
1467928111006162944
1467982673977257998
1468083298769326081
1468128330734047233
1468258908565237763
1471350598310277127
1467983690638950400
1467931386942263296