1469154048117026825
1468675858814709761
1468675949143240716
1468676335488811009
1468677275663187972
1468677672918306827
1468677837116911621
1468677887280746503
1468678294140772359
1468678675893833735
1468679850521247744
1468680353875382275
1468680711657959429
1468681144703070210
1468681306502361090
1468682052576976896
1468682179597193223
1468700358662766599
1468701076115406864
1468703026756083713
1468743781260435458
1468750302836834311
1468750336852692993
1468750386186137602
1468794164318019587
1468806315724226565
1468833462853554176
1468853154586542082
1468891474842591240
1468897752365023232
1468946951295184905
1468957194565537799
1468969938194817025
1468974176144744454
1469056511620136971
1469104413503639553
1469144410625658894
1469214417707409418
1469271760503717890
1470081285251121155
1470361797689585670
1471130797767741443
1468804528900395009
1469492357330616324
1468685318534545408
1468685595333509130
1468686576800747530
1468687418119245828
1468698151162945538
1468732764086325251
1468750202584584200
1468758059342311424
1468853160240459776
1468960314603433992
1468963976969023489
1468982177102770179
1469528952859414530