1470487370701197312
1471022540311207937
1470493053144215555
1470493079375392783
1470493101311639566
1470493739735040007
1470494276392042505
1470494361427316737
1470494363159609353
1470494515656069135
1470494634988163083
1470495637980471300
1470495914758397965
1470497482467598344
1470497693369778185
1470498045385191429
1470498158862086156
1470500194043183110
1470500266524950548
1470500276876554250
1470501130228617221
1470501390338433024
1470502626722828297
1470503453214576647
1470504302502420483
1470514646910185472
1470519603835113482
1470520463994544134
1470525892661293058
1470530759391809537
1470532767779676163
1470535342545592322
1470546740537217024
1470550699654017026
1470557817547501573
1470559038303735808
1470574908954533889
1470587451701968897
1470591332770992128
1470591556428075008
1470592029964988421
1470596372239949829
1470604518941511680
1470605402396110851
1470618390586802179
1470621879991877637
1470628640656433156
1470651241382436865
1470656545474203653
1470664976251633666
1470673906847653889
1470697179350282252
1470702606989373442
1470713133849272320
1470729697663328263
1470744850173734912
1470747961097293824
1470784663283195908
1470785310346907657
1470793195558780930
1470798891041894411
1470818498536476681
1470828732218699779
1470887347617034240
1470889862395879424
1470947598794166272
1471027612441010183
1471029930595131393
1471032634092531712
1471110937826496518
1471118307642249234
1471151111570558983
1471178100998164481
1471178272218095616
1471179028719624200
1471183883349770245
1471185890823262211
1471547529942777857
1471737413911425024
1471850617316519936
1471968823293132801
1472294812942483457
1472366853838278656