1469745454393040904
1469745542712471558
1469746561970282502
1469747068117864454
1469747464530010115
1469747808332877829
1469748160700432384
1469749517104861193
1469749694163161088
1469750237975744513
1469751782532395011
1469752623742046209
1469754421261262857
1469756096256479233
1469756695039680517
1469757035508084741
1469759269746753544
1469759839744278537
1469761488604782598
1469763889751633925
1469767536333844481
1469768108562866177
1469771606176284672
1469775100861984769
1469792301350326286
1469793929184829445
1469800707201159176
1469802511628386307
1469833980929323008
1469849764904652804
1469854018386075653
1469900323787522051
1469918014963437572
1469922526604054531
1469940199908159492
1469940565710094340
1469975210254381058
1470025384561369089
1470043237624827911
1470106264202096651
1470198809305124868
1471440109652176898
1472632922108837893
1473653363791339529
1474845920994942981
1474911532756525056
1474920334381903875
1475147652438233088
1475320840426196996
1475415447663173634
1475889808446832642
1476664380477489152
1476765443872665602