1471510012644052995
1471522582566477830
1471527899144482817
1471535405287813123
1471546228144025610
1471601285896065030
1471608101392596993
1471615333093888003
1471621903458705414
1471652110001315840
1471673827327369216
1471675274437795850
1471697632082993152
1471721319477788675
1471732897333710850
1471764182081155076
1471768924333260801
1471769243326767104
1471830277420896265
1471921702376546305
1474073626995413002
1471505703240024068
1471506011642945546
1471513640448643084
1471514397956710407
1471541574802673665
1471552649073942529
1471692925499326465
1471724919117385732
1471730562935181319
1471504876991438856
1471504946398785539
1471505067115044874
1471505936120369161
1471506268799975428
1471506448987213832
1471505241350696965
1471505379204816906
1471505638484111360
1471505731492868100
1471506207449903105
1471507731253137411
1471505876397686789
1471506915976908800
1471505960531230724
1471507485399814152
1471514760302804994
1471506087610228754
1471506796493688832
1471507652911923208
1471791028495654912
1471506200759967747
1471506319840477195
1471508016247701514
1471752330680938501
1471507683891048454
1471508033159118850
1471507644468764682
1471507663791951872
1471508076155269124
1471507857178652674
1471752366198296578
1471508018713956354
1471752373928443910
1471508574425653254
1471514870080180228
1471752382665138176
1471508670492000264
1471508954085670926
1471511124361183239
1471515109503631364
1471724954605416451
1471752397894701058
1471509143265562632
1471509296047276039
1471511946289504261
1471724986427600897
1471601834020192256
1471510009435484168
1471510491621060608
1471526157061435396
1471520967922892808