1476221742817284103
1476221878435995650
1476222026440491016
1476222085521453064
1476222312932249603
1476222544533413888
1476223092204740612
1476223217392140297
1476223553091502084
1476224474131226629
1476226467642159108
1476229483162124290
1476230201537437698
1476235970001395717
1476236289796157449
1476237081513017355
1476237161401765888
1476237291395891201
1476238244228517888
1476240537825026049
1476241246112858113
1476245390940721153
1476247624651096064
1476249100672765962
1476249613489385472
1476254767601139712
1476264069242011653
1476273714903846912
1476293397421907976
1476435968592908290
1476463121967558658
1476480802074550276
1476652873203208198
1476704406955462658
1476828873086181376
1476914576604241953
1477483045657595908
1476286602951331841
1477550419152973824
1476244101481721857
1476247508431085572
1476294930255388673