1468622290258591744
1468946235633639438
1468612707834384392
1468661333189033984
1468612523448586249
1468662075144634372
1468612807545475082
1468669801065291785
1468757963401842693
1468760572095250432
1468918879254724608
1468615821790490627
1468633061030080515
1468698942112100352
1468700659503480834
1468764544780541955
1468853412745908227
1468906270321102849
1469033184566280193
1469066655032619015
1469101540245913602
1469119185783504897
1469190229126836229
1469227811118456834
1469257130507128835
1468613041478586379
1468613247578345475
1468617662888509443
1468625878460608512
1468946113596166146
1469228001657294850
1468625781211504644
1468625800685666309
1468657820014841856
1468884902288539649
1469228040903401473
1468624477843902466
1468637542782230530