1470514215937052673
1470514560088121351
1470514732780171269
1470514972027506691
1470515079510642689
1470517438005460996
1470519604900470792
1470521192528461833
1470525788298559491
1470526372229623815
1470531266634293249
1470532621817942017
1470534210452602883
1470546668747583491
1470546771772379138
1470548942035341320
1470550141870432259
1470564873692139522
1470573089050468353
1470574136942551052
1470574829501919232
1470596279856246789
1470617393793806338
1470618152853807113
1470626257108832259
1470628083845771265
1470644018614878208
1470664980043292680
1470665511663022089
1470669595811872768
1470673830414893056
1470683280064319489
1470710119432441859
1470724843784093697
1470727544559521797
1470730829940903936
1470744178581807108
1470744649438478344
1470744855915773961
1470748234180091908
1470756610826027011
1470760726763606020
1470763082603536387
1470774329315057665
1470775020842635265
1470779875720151054
1470780204255698945
1470781375359946760
1470785041164910607
1470785226435710977
1470794677418745871
1470797704242479113
1470799043274194953
1470802042524426240
1470808403240968193
1470810863854448644
1470814967658164229
1470821667161006082
1470825939948945414
1470830856784822272
1470878003102105609
1470932704686264324
1470995901607038980
1471110405116375047
1471744645730340865
1471908008602923009
1472213336599138309
1472342381936758787