1475921473818742788
1475921576625324035
1475921641783758849
1475921749728538625
1475922069040746497
1475923725769920512
1475923981181931526
1475924293368393731
1475927389117075460
1475934342887129091
1475939035885359107
1475954138697461760
1475955053349453825
1475957814321291264
1475974044486967296
1475974428206977029
1475983011644682249
1475995315446509568
1476014806561964037
1476056058225438722
1476084318032199683
1476100765567627270
1476136911525842948
1476152025733816321
1476198548597317637
1476213459712974852
1476238556414857222
1476251411457343496