1473324565967212545
1473324975906037761
1473325057069883392
1473325735221899269
1473326707843153923
1473326802097500164
1473327417200578560
1473330265854382080
1473331332575301634
1473331472690204676
1473341128044728321
1473346262305058827
1473354888163643393
1473377124161630217
1473425117762187267
1473564209338363904
1475867156546039809
1475991260502495232
1476022460101251074
1473332729836183558
1473333290144870400
1473336637933461505
1473336658435133440
1473346668347072515
1473352371644235778
1473356097771560962
1473564381611012102