1475529634422800385
1475530174041001990
1475530230068658180
1475530280005869570
1475530451326431232
1475530765173723136
1475531006467837955
1475531224374562818
1475531620757217294
1475532035301257218
1475532164900933637
1475532298741157888
1475533987254833153
1475534349873430532
1475535089660477440
1475535636576686082
1475539555801514000
1475540043779526656
1475540223157325826
1475540659046166529
1475541289416462347
1475543427035111436
1475544906668068867
1475546591440384001
1475547246976454663
1475547702180077569
1475548327366184960
1475550334663725057
1475554509741084685
1475555914228944898
1475557020170399753
1475558686026309634
1475559035697082370
1475560195182968841
1475560307623878660
1475561307776720903
1475561502149066756
1475563593743486978
1475565615138152451
1475565744834457600
1475573830387183621
1475575619413020672
1475579315299536904
1475579398359298061
1475579712667889673
1475579889638019074
1475580342710853633
1475580541785182210
1475581346777026563
1475581833144377350
1475581959107719175
1475583124990050309
1475583242950512641
1475583309929353216
1475583512405102592
1475583603010641925
1475583897840852992
1475584480056328197
1475584793891028999
1475585351196499971
1475585491898712068
1475585495791030283
1475586254033113090
1475586473843994624
1475586701569392641
1475586951327715330
1475587104004616205
1475587691135873038
1475587703190212617
1475587862439424003
1475587888310112258
1475587909717831681
1475587951870447620
1475588782024015877
1475588869303250944
1475589746525016067
1475589852943077389
1475589978323312642
1475590279617028108
1475590477529300997
1475590613265432578
1475591191936729089
1475591662093152257
1475591910723096579
1475591974090686465
1475592554120941569
1475592678389649411
1475592794852888576
1475592959563374592
1475593334597029889
1475593377894780931
1475593704052334599
1475593904292438018
1475593954619912194
1475594070277959691
1475594350138740736
1475594494946861059
1475594709733158916
1475594802913763338
1475594815232430093
1475594892294434818
1475595281265741825
1475596113931476993
1475596375710568448
1475596424867950599
1475597616830369802
1475597784422223872
1475597946951512071
1475599523540049922
1475599660756705287
1475599841283641344
1475600200358060037
1475600449407492099
1475600577136521216
1475601465699749891
1475601750841122817
1475601753261363200
1475601881779032070
1475601941476433922
1475602173404889093
1475602609155235849
1475602656529993734
1475603401203347460
1475603456278900738
1475603574587629571
1475603949537349643
1475603949675810822
1475604224834564097
1475604373350715394
1475604805976576005
1475605387395190786
1475606071884591111
1475606282597920772
1475606892001083396
1475607060423356424
1475607097278492672
1475607899569278978
1475608195624095750
1475608787872477185
1475608821187821570
1475608906831433732
1475608938527744010
1475609921425231876
1475610351169384453
1475611743669915652
1475611748837343235
1475611812036968451
1475613302663389186
1475613603424264201
1475613812418129924
1475613822710812673
1475614963838472196
1475615191140167680
1475615235343929348
1475615375358369797
1475615381888851970
1475615716711690244
1475616181360943106
1475616306133184519
1475616705351061505
1475617119098265601
1475619943572025353
1475620618485776385
1475621067725185025
1475621110087626754
1475621331685289990
1475621530801377284
1475622124714930178
1475624119651741707
1475624587090186251
1475625310397685762
1475625694587670531
1475625984682610691
1475626124520607745
1475627023691358209
1475627416982896642
1475627482325860355
1475627823905792005
1475628003820380160
1475628758904233985
1475629467645132805
1475629470102949893
1475629516127150083
1475629924216188933
1475630278559293444
1475630549473501190
1475631100600987648
1475632435249352708
1475632870546763776
1475633598464151559
1475634507420246017
1475634943472635906
1475635925501857801
1475636750328414215
1475636957191745543
1475637539688136712
1475637541118357513
1475637660089679875
1475637662539296771
1475638077582286849
1475638607155122178
1475639924892262402
1475641242969010178
1475641672763539458
1475643281367203840
1475644274050011137
1475644513444151302
1475644822253887494
1475645176660045825
1475645332339904512
1475645531204603907
1475645978988675078
1475647424135929858
1475647577420963840
1475647701102383107
1475647859416518661
1475648366868680723
1475649329226346496
1475650129872969731
1475651050610831367
1475651262796468224
1475651372930539520
1475652667988922376
1475653061297201154
1475653312099852290
1475653585165815811
1475653893820502018
1475654565135540224
1475655488205475844
1475655697903673344
1475655787460448259
1475657010469289986
1475657759483908101
1475658670373548032
1475659143059054595
1475660770436337666
1475661445157195781
1475661480775364609
1475661537876619264
1475662045190131716
1475662249297694720
1475662343552045063
1475662557058904065
1475662583071920129
1475662660188315652
1475662852740591618
1475663400583589891
1475663687658704907
1475664331887063042
1475665300980961282
1475665709803790339
1475666405945065480
1475666793398214662
1475667383066849284
1475667508833263618
1475667512884969473
1475667949738418176
1475668604712587266
1475668906442375169
1475668977670049803
1475669549156601857
1475670036828282893
1475670626081947651
1475671299942801411
1475671417496784897
1475671641833283586
1475672794222452749
1475674490235502594
1475674721597362176
1475675706210361344
1475676235334406148
1475677110119370755
1475678038952189960
1475679081198931976
1475679576793645066
1475681041797025793
1475681124735238148
1475681178703306754
1475682094873337856
1475683356939534337
1475683640306810882
1475683986328342535
1475684189433331713
1475684582313836550
1475685416238043137
1475685741095051264
1475685917318918149
1475686810760232961
1475686915579920384
1475687641953693699
1475688414792101888
1475688950740054020
1475690315021492226
1475693798093209603
1475694624597499908
1475695165302099969
1475695318410747906
1475697727120023553
1475698556153446406
1475700176216018945
1475700229483765760
1475700749602471938
1475700884692553728
1475701522570702850
1475703539422973953
1475703702451281932
1475704480897200128
1475705655176704001
1475705880826073088
1475706594235392000
1475707693386113024
1475708513007636480
1475709302480457733
1475711028533022721
1475711299636056068
1475712081081024513
1475714080866508800
1475714392763166720
1475715748538560515
1475716653484847106
1475719260005613570
1475720884157513728
1475723657481797637
1475725918958202880
1475726055528873986
1475727867967197188
1475733076319821832
1475737493647491076
1475738314451865600
1475738609059696643
1475739325681840128
1475739634781069315
1475739930764603392
1475740198441000962
1475742739702632449
1475746424570748930
1475747166471659521
1475748571127468035
1475754254568726531
1475754829309960194
1475756100318384129
1475756328291241984
1475757691284897793
1475758763046883330
1475767322677633025
1475767521953390596
1475767938288435205
1475772016666071041
1475782323291365378
1475786183162609667
1475786921620213764
1475787282602938369
1475790569481904131
1475791063059214340
1475797899355164673
1475803981393936391
1475805532917219333
1475805889756073992
1475806911316570114
1475807436862754817
1475807445079535622
1475807599069220865
1475807900794855429
1475808658474909702
1475809575022604292
1475810136790863881
1475810720805756928
1475811194468450306
1475816733785079809
1475817942998786051
1475820351762444292
1475820583229472768
1475820859780702209
1475822190843027464
1475822269607944193
1475822325799006213
1475822646885502976
1475822754892943371
1475823233278656521
1475823501995122692
1475823572362928130
1475824011598864387
1475824534955560962
1475824623799447553
1475825537713152010
1475825791409827849
1475826079738773508
1475826259607359491
1475826441514328065
1475826442638344199
1475827477696102400
1475829103261532164
1475829499170377741
1475829752615346176
1475830143759405064
1475830572144635915
1475830807667351557
1475830882636345350
1475831883963453451
1475832051018338307
1475834317318369282
1475834559719690243
1475835818178666502
1475836416030511107
1475837005598801930
1475837337015926785
1475837373313425415
1475837422176980999
1475838429179039747
1475839416124030976
1475839593496952844
1475839946716069891
1475841844181446661
1475842192585498633
1475842285426384896
1475842578142699526
1475842737715003407
1475842761597366277
1475843260937555977
1475843732348063748
1475844325565214733
1475844384079765507
1475844587717644296
1475845082674728962
1475845578579976201
1475845698016976902
1475845916011933702
1475846990005166092
1475847396945018883
1475847946419773451
1475847955798183946
1475848238234324997
1475848424356409346
1475848568439296000
1475848674295128077
1475849066907160579
1475849206309044224
1475849268934152194
1475850266943516676
1475850308009947147
1475850747355045895
1475851041296064517
1475851196443340803
1475851298704605188
1475851530150498311
1475852364238229511
1475853964608512005
1475853970530881536
1475854913666269188
1475855387303809027
1475856068811108356
1475856071457652738
1475856553173561344
1475856594705567745
1475856905457262604
1475857670313762822
1475858385870405640
1475858413695365125
1475858502933438469
1475859583897853952
1475860129174237184
1475860182563536905
1475860499866787846
1475861724146257922
1475862307402129415
1475862619525427203
1475862620842467334
1475862852024123394
1475862949197664259
1475863460651044868
1475863839967174658
1475863866013794317
1475864443724738563
1475864504638787587
1475864668375822336
1475864671634739203
1475864786583830530
1475865245436583949
1475865558629425155
1475865564505591810
1475865587272224768
1475865593400205312
1475865692775792651
1475865809935294471
1475865832769130504
1475865867573678082
1475866016920096775
1475866093537349639
1475866117587488772
1475866791859662848
1475866939322945541
1475867296363008003
1475867323873447936
1475867418186731526
1475867421986729985
1475867446871572480
1475867515179913228
1475867540593131523
1475867696709447680
1475867787415412738
1475867790393364488
1475867802288459779
1475867814972080129
1475867897851305989
1475868067074920454
1475868107646259203
1475868155360817156
1475868364866207746
1475868502695325699
1475868524501364738
1475868569963536389
1475868575135055876
1475868686875516934
1475868693460439041
1475868695079571460
1475868699009556481
1475868822129283078
1475869067487727622
1475869082066976769
1475869089709101062
1475869300435136514
1475869366306717707
1475869415354818570
1475869451555938312
1475869461223821314
1475869628299685896
1475869645668327430
1475869688315924485
1475869742678294528
1475869929639493634
1475869937407123457
1475869944709582859
1475870022086139909
1475870042113785857
1475870128986378244
1475870211899330560
1475870265531932673
1475870368300740613
1475870484029915138
1475870586173751301
1475870690679087104
1475870790088282119
1475871135229165571
1475871214988054532
1475871226472058880
1475871253890224128
1475871387634089986
1475871388200316928
1475871427274448902
1475871762659356679
1475871848588103690
1475871877075664901
1475872057082720259
1475872374134353925
1475872395009445895
1475872491285651461
1475872627319263232
1475872675578978308
1475872697401839616
1475872983885492227
1475873174684270594
1475873237804400657
1475873262093623296
1475873470697328640
1475873477668356107
1475873487524876292
1475873590805471237
1475873841088016385
1475873877397958658
1475874029789716485
1475874417548972037
1475874427074060289
1475874563489779713
1475874747602849793
1475874871326478336
1475874885985619968
1475875009889505284
1475875060195934212
1475875117771198469
1475875508139220995
1475875522550898691
1475875720945668104
1475875890009620494
1475875901883785217
1475876174635364354
1475876192989368328
1475876399995043846
1475876402436136960
1475876527057346560
1475876535622057996
1475876573395836928
1475876617213952002
1475876715641466881
1475876839201677317
1475876847162433540
1475876922152271873
1475876957023842313
1475876960354062343
1475877014011850756
1475877062787223556
1475877098225082377
1475877141862662150
1475877290835906566
1475877334544793611
1475877346192158725
1475877424705409028
1475877522931957762
1475877736673693696
1475877795611901955
1475877846820081665
1475877905267785729
1475877955691634691
1475878188261597184
1475878284755935232
1475878654311817222
1475878776101765124
1475878919932981252
1475879007711338502
1475879143032201227
1475879205749633031
1475879384397533193
1475879595236892680
1475879808903045123
1475880040990748674
1475880141742120967
1475880251519610890
1475880265096564738
1475880611331993602
1475880646232973322
1475880742328897537
1475880900139311104
1475880904077811725
1475881210421432321
1475881259700264967
1475881405842280450
1475881460653559812
1475881559467122693
1475881648205881348
1475881823037054976
1475881989119033348
1475882028444762115
1475882317604347913
1475882414488662018
1475882501537153029
1475882567186456584
1475882654285369348
1475883030493515784
1475883306214375433
1475883505846571017
1475883511911370754
1475883672075177992
1475883758393901056
1475883762466570245
1475883878007115777
1475884497262592007
1475884802515644417
1475884929871323137
1475885000054693890
1475885183731740672
1475885250668490752
1475885260617383937
1475885387100921860
1475886164880109568
1475886206198198274
1475886277467770885
1475886576655867906
1475886893560647686
1475886927266164738
1475886958790467593
1475886984975560708
1475887136561938441
1475887148557471745
1475887220615753729
1475887268225241089
1475887460882264069
1475887461322665984
1475887531342262275
1475887582768771074
1475887827288211463
1475887865934450690
1475887883114323973
1475887887434620928
1475888210433785865
1475888519453229058
1475888550205960200
1475888602722697218
1475888901415788550
1475888917664698370
1475888936442601478
1475888987881545728
1475889176629362689
1475889223827959811
1475889851069190146
1475889988025860102
1475890080686374914
1475890082745921541
1475890407586385922
1475890559537455106
1475890669948264455
1475890832796532741
1475891080721666050
1475891217674080258
1475891386604044289
1475891443910782976
1475891547291979778
1475891608272838656
1475891854768025612
1475891903510073349
1475892159786196992
1475892181097488385
1475892515672932356
1475892713245528064
1475892842442596358
1475892854111322123
1475893035921780740
1475893347973804034
1475893436125437953
1475893437035601930
1475893570443747330
1475893623845761036
1475894295156695045
1475894334532857864
1475894442808729606
1475894669166923778
1475895872659542018
1475896049348878336
1475896583166300163
1475896626409619457
1475896719359418369
1475896879829307395
1475896982946430984
1475897122012778499
1475897205177389063
1475897315709751298
1475897553572950018
1475897569683587073
1475897810570690561
1475898136304533504
1475898351837138948
1475898382040256513
1475898835776024580
1475898845720629253
1475898980722688002
1475899122754506765
1475899355131527175
1475899464036806658
1475899528582770695
1475899861140754435
1475900084147662851
1475900255128403972
1475900385961209856
1475900498138087424
1475900663993360398
1475900837012684805
1475900947041767424
1475901222171385863
1475901337506250754
1475901428660981763
1475901467387207682
1475901811529859077
1475901920619503616
1475901993184993286
1475902112265605121
1475902172223066112
1475902338149740544
1475902542966104066
1475902623941378051
1475902697303859204
1475902790761431046
1475902795681173506
1475903035947823104
1475903504761905153
1475903633115996165
1475903648840527877
1475903734244790274
1475903739668094983
1475903751550611456
1475903835289931782
1475903940810076160
1475903951115407360
1475903975324938243
1475904018073460745
1475904073694121987
1475904157764755463
1475904162911113218
1475904576842784772
1475904622531330052
1475905015889993730
1475905507772833795
1475905737910104072
1475905760806813701
1475905799918534659
1475905888732934149
1475905907837997060
1475905914762788868
1475905938473172995
1475905971306254343
1475906056383758337
1475906102940377092
1475906463939837958
1475906552892641283
1475906624015454208
1475906712284672013
1475906720069296133
1475906787484192771
1475906954644144138
1475906960457232384
1475907156948008969
1475907352264159232
1475907455397896194
1475907594921201664
1475907627888660491
1475907749330444299
1475907837931012098
1475908672081608711
1475908751823671307
1475909118120632325
1475909128358871040
1475909197900365825
1475909231417061377
1475909594371215368
1475909762592038913
1475909898164744192
1475910189656293380
1475910249471217671
1475910360834052096
1475910379423211522
1475910487397179394
1475910727995174920
1475910790049894401
1475910862544289795
1475910864737812488
1475910918940860422
1475910931280379905
1475911073396137987
1475911087958769669
1475911341667987458
1475911379475476481
1475911537399267328
1475911576100114432
1475911608106954757
1475911799652319232
1475912022390972416
1475912114384498690
1475912317762252807
1475912481226866688
1475912656024326145
1475912960690343941
1475913030768726026
1475913249468174338
1475913477914968066
1475913734002561032
1475913735667470337
1475913874209714178
1475914368692981763
1475914705998794755
1475915112204673029
1475915128075784193
1475915149307482116
1475915302714150919
1475915346066526210
1475915346842464262
1475915706420146179
1475915769770823697
1475915808496766977
1475915905162829824
1475915993062858752
1475916041360392194
1475916181630377986
1475916187967971329
1475916412908621829
1475916513005617157
1475916517136994306
1475916633797505029
1475916904141365249
1475917112124133376
1475917296560267267
1475917481281658882
1475917571178344452
1475917693727379463
1475917742230228993
1475917759246704645
1475917958362943494
1475918054236250112
1475918086268243976
1475918168803745798
1475918245760798725
1475918263615950849
1475918271081848836
1475918511017021448
1475918598292090880
1475918641917014021
1475918732073611277
1475918987955355649
1475919452222935042
1475919470350802959
1475919609320648710
1475919708071337984
1475920029673795584
1475920041459732484
1475920400815210499
1475920629551489027
1475920944329805825
1475921048549789699
1475921644224843777
1475922131812818945
1475922380916592643
1475922590996836354
1475922628569448450
1475922986255454213
1475923256226029569
1475923574531710980
1475923791805100032
1475923987645575170
1475924253451055105
1475924404483809281
1475924446611394563
1475924448037462021
1475924530103140354
1475925456264196098
1475926012668043268
1475926176992485382
1475926224073478145
1475926239399481353
1475926529964224512
1475926734356815873
1475926874979069953
1475927406842105866
1475927580314378247
1475927732479569928
1475927980106911745
1475928267437883405
1475928537810948097
1475928563413102592
1475928747081494528
1475928775510614019
1475928806221307909
1475929190306402312
1475929195393994755
1475929505877217280
1475929585720115211
1475929892487319560
1475930053288636420
1475930242925531137
1475930413973573632
1475930552112795648
1475930713316683780
1475931071854178306
1475931597434241028
1475931904197083137
1475932121134997508
1475932172888457218
1475932213799575553
1475932924994326528
1475932954610356231
1475933339341275142
1475933707810791435
1475933717549957126
1475933837934927882
1475934048350572544
1475934576606334976
1475934641030795273
1475934769338802184
1475934769972224000
1475934907671187458
1475934979901345799
1475935187712155651
1475935423386079238
1475935953659338766
1475936850888040451
1475937035995291648
1475937121026252801
1475937350391943180
1475937437729894407
1475937483993006092
1475937497326645253
1475937998403481606
1475939214311186432
1475939231012958213
1475939242656288776
1475939462697738242
1475939497258930178
1475939641861672961
1475940043562889216
1475940341886951425
1475940439270195201
1475940609265475593
1475940790182498306
1475940861028491265
1475941043904389124
1475941177362894855
1475941227728187392
1475941289090768898
1475941630704300045
1475941729349947395
1475941797624958983
1475942672359641090
1475942696585871360
1475942701203865604
1475943246773858304
1475943278684082182
1475943732478365701
1475944093465210882
1475944872188301315
1475944957970194437
1475945177726529541
1475945272366841863
1475945521290305544
1475945640014139392
1475946013210951680
1475946044496175112
1475946792768491524
1475947001095278594
1475947331921002498
1475947387332046856
1475948362385879043
1475949091444117514
1475949163992993808
1475949480629477381
1475949864844468224
1475949978816335873
1475950236078161930
1475950551221293058
1475950794289471489
1475950911965085696
1475950925579796480
1475950977777766402
1475951013576294406
1475951071843405824
1475951120916824078
1475951206241484801
1475951860255272962
1475951886327070723
1475952102019149830
1475952222412296193
1475952231933521931
1475952245803872258
1475952249046241280
1475952550620930050
1475952923259674625
1475953114515652609
1475953201065168896
1475953270497718275
1475953640464658436
1475953808702324749
1475954130032238594
1475954342150688769
1475954496295555081
1475954530739273731
1475954767251664902
1475954797198991366
1475954807320059907
1475954839985266696
1475954967714447363
1475955030322782218
1475955230055489536
1475955296128307200
1475955440248713218
1475955701059141638
1475955727332257796
1475955815278333954
1475955904902156289
1475956175069982720
1475956245010042881
1475956402787082241
1475956431149051917
1475956441257164805
1475956499759337475
1475957171682779143
1475957217635586050
1475957262497767437
1475957308442103808
1475957359600152576
1475957448464900097
1475957534439755777
1475957805676965905
1475957853240410120
1475957927840202765
1475958399707893767
1475958682533994504
1475958951309099010
1475959603942862855
1475959624213975043
1475959688521035777
1475960026632232960
1475960209809936386
1475960219708497920
1475960338931609600
1475960433194459151
1475960809096462341
1475960999891062791
1475961132569481222
1475961244595200003
1475961667221540866
1475961685903036421
1475961714004930562
1475961752760299523
1475961845211189251
1475961897161613315
1475962145531641864
1475962196786135047
1475962214343454721
1475962577146593280
1475962613192622080
1475962676325011458
1475962734399348736
1475962799301955584
1475962991321530368
1475963017091235852
1475963166517571587
1475963170430898183
1475963301292957699
1475963376530444291
1475963496726736903
1475963748238209028
1475964107887104005
1475964125398417410
1475964317816090627
1475964723355168781
1475964723401457666
1475964804053491719
1475965274688008199
1475965432867790859
1475965435434594306
1475965498340872193
1475965551709245447
1475965639323840516
1475965810027999242
1475965980656472068
1475966021542498304
1475966185917321223
1475966321284288514
1475966368486993920
1475966529439252489
1475966598427123715
1475966785715326977
1475966813477474314
1475967003676524553
1475967196694458377
1475967321449672705
1475967588870111249
1475967918324301824
1475968042018525187
1475968688012644358
1475968800029741056
1475968844015575040
1475969372632064001
1475969516534308870
1475970019205033993
1475970139715637249
1475970353730105352
1475970440321548292
1475970630151380993
1475970783486918659
1475971089213894659
1475971221019897859
1475971266314178567
1475971348585459718
1475971435651014659
1475971715960385541
1475972146233057281
1475972337472360448
1475972599402409992
1475972620004642818
1475973191507922944
1475973279609282563
1475973352753926153
1475973373557719044
1475973449373863944
1475974504832667649
1475974690116100102
1475974991695040515
1475975215867781124
1475975318326415360
1475975518591799298
1475975673990635527
1475976040757354498
1475976398825267201
1475976576512761861
1475976581948624906
1475977027274833921
1475977121050726400
1475977166902943748
1475977308787953677
1475977786263224321
1475977988936278034
1475978460237635593
1475978498581929991
1475978661048238084
1475978662109401089
1475978784952266756
1475978797044359168
1475979125089312778
1475979246094848000
1475979364638478336
1475979540031807491
1475979686081556480
1475979772337479680
1475979908300029967
1475980231727095817
1475980563290931210
1475980875468791808
1475981090452086784
1475981203865886720
1475981547115143172
1475981704217116673
1475981845888217094
1475982451969343491
1475982586921074691
1475982605518471173
1475982909916028928
1475983194759614468
1475983300267323396
1475983386816794632
1475983654547603456
1475983668342673410
1475983855613931524
1475983917790470146
1475984090818129920
1475984097361149952
1475984231876763648
1475984752553316354
1475984789094027264
1475984940944674817
1475985036952363012
1475985480961474564
1475985866652889092
1475986197453303809
1475987078919897090
1475987094887489536
1475987104060657673
1475987213099884555
1475988717290475524
1475988777944465414
1475988827990810629
1475989147601022978
1475989338173296643
1475989478154067975
1475989629451001859
1475989882950406145
1475990238799355904
1475991069653446657
1475991231733899265
1475991360087986186
1475991434197012481
1475991496616812548
1475991584374243335
1475991970808012802
1475992331887288322
1475992903608590339
1475993192570916865
1475993216881246214
1475993496515399681
1475993934044098560
1475994194569310212
1475994293286412292
1475994478355832833
1475994735697293314
1475995045408956417
1475995281980375050
1475995534766874624
1475995629017047041
1475995672688082947
1475995734415581184
1475995886815748097
1475996566234492934
1475996795448664064
1475996841447673864
1475997987864072193
1475998487120695297
1475998637188550657
1475998709137739780
1475999230883995656
1475999633440714760
1475999931815051266
1476000563972116483
1476000837935812613
1476001076230905862
1476001231516708865
1476001709885374468
1476001979843452929
1476001997908287493
1476002027008413699
1476002323897933837
1476002850098409474
1476003002225872897
1476003053820162048
1476003382921940995
1476004108310036494
1476004122742644740
1476004147916939264
1476004234629894152
1476004373251731464
1476004597135286278
1476004725938081793
1476004844821528584
1476005476278149130
1476005663709011968
1476005707501608963
1476005781120106497
1476005927035756545
1476006119860490249
1476006278467964933
1476006650591027202
1476006692840214528
1476007041990893570
1476007263424823297
1476007335839555594
1476007676798775297
1476008301494079489
1476008691300241415
1476008812033236992
1476009092984492037
1476009214715871233
1476009992922664964
1476010007967801351
1476010053140291584
1476010068248170498
1476010374084259841
1476010510839599110
1476010720928149508
1476010748946141187
1476010883356581890
1476011516042395651
1476011703393476609
1476011840933040131
1476012273353199617
1476012342517325828
1476013053640642563
1476013747839942661
1476014049406210048
1476014383352459265
1476015311585517568
1476015334511439879
1476015422633824258
1476015460261015553
1476015863274815498
1476015886540496896
1476016060948168716
1476016152090275843
1476016385406943233
1476016457330966534
1476016992922607628
1476017251769802753
1476017451091456000
1476017504589910019
1476017906525868034
1476018571146772481
1476019540069085186
1476019950028525572
1476020372311056393
1476020396692746242
1476020847748034560
1476021060466352131
1476021100341604355
1476021383822217217
1476021650420162560
1476022157209706506
1476022502048501760
1476022975778500610
1476024054003945482
1476024126741618695
1476024370308997122
1476024483735654411
1476025447594881025
1476026184697790469
1476026325555191810
1476026461345792010
1476026509777412096
1476027369559408646
1476027404367937539
1476027783507812358
1476028130012069888
1476028315425193985
1476028596938371075
1476028699455725579
1476028810277629955
1476028840421953539
1476029016650002436
1476029037952868358
1476029044361621506
1476029138335064064
1476029153812131844
1476029168886366213
1476029225471774731
1476029339896475655
1476029396322435077
1476029561003466753
1476029643081715720
1476029655182364674
1476029745322029061
1476029797268664323
1476030171899518979
1476030224785711111
1476030693138436098
1476030991676416008
1476031146710474752
1476031428953579523
1476031521790345221
1476031588819427334
1476031596205592585
1476031739147350021
1476031756390174723
1476033283473358849
1476033361663741953
1476033509726769156
1476033652194791432
1476033663489949697
1476033891643265024
1476033969456091141
1476034056403968005
1476034375380873217
1476034896204550148
1476035605612187650
1476035994113626116
1476036217741266944
1476036281117274113
1476036389082910722
1476036402374590481
1476036657010905090
1476036786258206721
1476036851563737091
1476038062522077187
1476038191345909761
1476038483890548736
1476038767244886016
1476038885327216648
1476038930076164099
1476039045423710209
1476039163740839947
1476039322872819718
1476039379982372868
1476040097766285323
1476040567008022529
1476041375061876738
1476041403369144321
1476042572380393473
1476043002669846530
1476043245020856332
1476043449799528451
1476043521132015616
1476043526601416705
1476043561372196867
1476044022745481221
1476044321719681027
1476044406000173058
1476044650486149120
1476045060827344898
1476046517547020295
1476046536853229570
1476047724063510528
1476047756951183362
1476047795115151362
1476047852119887875
1476048118160375811
1476048237035462659
1476049512540037127
1476049634795474947
1476050028758196225
1476050267283996672
1476050324586696710
1476050463057457153
1476050547711041538
1476050821196525573
1476051007729766401
1476051275829633025
1476051373208780800
1476051387351924742
1476051389193273351
1476051562799767552
1476051773705965568
1476051779506696193
1476052076287471619
1476052107128156163
1476052270877921280
1476052417015959555
1476052726362562560
1476052874392223748
1476053003182514182
1476053438089908226
1476053744349450241
1476054530836078593
1476055557714976768
1476055896816070661
1476056245610201090
1476056507569434624
1476056720795312135
1476058104701796352
1476058530826362885
1476058972146868228
1476058994477260801
1476059319149993987
1476059468169424899
1476059674969579522
1476060771675254784
1476060801697910785
1476061240019533826
1476061252011048964
1476061533817819136
1476062540413251586
1476062907859410949
1476063472635060230
1476063803527815168
1476064432824406023
1476065113170128896
1476065118332985345
1476065527365877765
1476065671737925632
1476065942551552003
1476067010467487746
1476067016666763269
1476067374881193987
1476067634969907204
1476068268314083328
1476068864698064897
1476069144814440453
1476069791379165184
1476069815072657409
1476070960856027138
1476071170302697476
1476071653461446657
1476071708696014848
1476072606671515650
1476073564558168064
1476073941261340672
1476073962358587397
1476074334255034368
1476075468268965889
1476075685609283584
1476079347798794241
1476079616628568064
1476080190384222209
1476080443816558593
1476080985368260612
1476081378479390721
1476081718557908992
1476081923617349636
1476082939893100544
1476083403988639744
1476083798039269378
1476084106513596416
1476084629748666368
1476084715375366145
1476084752977436673
1476084974998605825
1476085011426250760
1476087653573484545
1476087707411664899
1476088576194621441
1476088627558064131
1476088754813112320
1476089215125389316
1476090138371543040
1476090489392750592
1476090834235760640
1476090836001734660
1476090963973926913
1476091272368640004
1476091295219077120
1476091756299042818
1476091923647586307
1476091923819491328
1476092295925547009
1476093112674099203
1476093218651467779
1476093550693658624
1476093611406249987
1476094102823391234
1476094170636955650
1476094659566837760
1476094758464413696
1476094981400104962
1476095491070775300
1476095524604301314
1476095684755410944
1476096013781934080
1476096091594506241
1476096220254937093
1476096775593218048
1476097538705002496
1476097904402046981
1476098016826347522
1476098172405616640
1476098301355126786
1476098334716616705
1476099311175802884
1476099583096856576
1476099879311192064
1476100757405331459
1476100819682353153
1476100939085979655
1476101063342104577
1476101226135797764
1476101503433728002
1476102043941150726
1476102107509899264
1476102150103379972
1476102661493637123
1476103060523040773
1476103919449231361
1476104837519585282
1476105064452218881
1476105252323606531
1476105315749974018
1476105724698767361
1476106289398779908
1476106461700833285
1476106784515448833
1476107038040084481
1476107131766308869
1476107540454858753
1476107955724447747
1476108383262584833
1476109330206310401
1476109826665111552
1476109861863796739
1476111333770805249
1476112412927479808
1476112511757864962
1476112594826153984
1476114236346675201
1476114239748288516
1476114264654073859
1476115663253082126
1476116225285672960
1476116421067382785
1476116567444316160
1476117319403413513
1476117854462357504
1476118203235540993
1476118233778475008
1476119460830400513
1476119547497398274
1476120145219231745
1476120967109881857
1476121114132860937
1476124182165528580
1476124242924253185
1476124463129239557
1476124994619027460
1476127025811255297
1476129132677599232
1476129652586467330
1476129742541623297
1476131924699660294
1476133422250692614
1476135044318208003
1476135095195086852
1476135351680970754
1476136616494252032
1476137442847735809
1476137576880816129
1476138640141164545
1476139267848126467
1476140231933976578
1476141115736735747
1476141788981248004
1476142726349570053
1476144999712673793
1476147509961625602
1476148186335129601
1476149817168572418
1476150030172098564
1476150938700337159
1476151875963691015
1476155071830409221
1476155647720886272
1476157557173628928
1476158218162167809
1476158492490743809
1476160183545987072
1476160973287403521
1476161058943520768
1476162402253099009
1476163194460778496
1476164074123653121
1476164471609507843
1476164489363996674
1476164495928135681
1476164908769333248
1476165750826098696
1476166343804297217
1476166376674971648
1476166585953968130
1476166931854106624
1476167182476353541
1476167356883816455
1476168026512932865
1476168199783735296
1476168822101098501
1476168995325853698
1476169105216581632
1476169412684226563
1476169908845219841
1476170456046751744
1476171747829460998
1476173819878510594
1476173943027470338
1476174522323804162
1476174607304568835
1476175234709532672
1476175288195244038
1476175549722763268
1476175779939692551
1476175819697500166
1476175974198874113
1476176462134878208
1476176634830999554
1476176973978382337
1476177723999633410
1476177923266826245
1476178291602173959
1476178540571811840
1476179285044084737
1476179657687023620
1476179742705524741
1476179797986394114
1476179818504929282
1476180483625136139
1476182112898322433
1476182343258107906
1476182429031411713
1476182588561702913
1476183238422974468
1476183429171617797
1476184053351026690
1476184101338042369
1476185178087301120
1476185581189091328
1476186179527659523
1476186430959284226
1476186983416348673
1476187110726062084
1476187706422136838
1476188390903140363
1476188814624366597
1476189172364759040
1476189286336647171
1476189425772150786
1476189825988501512
1476190276058238978
1476190747690942474
1476190928700330026
1476191117846659083
1476191235593416707
1476191325120835589
1476191753929695234
1476192071258193938
1476192256096968709
1476192473789743107
1476192534183522307
1476192860018024449
1476192898806865924
1476193372436058112
1476193427708694535
1476193473178988544
1476193683502518275
1476193728347922439
1476193779828862987
1476193815027494927
1476193855347253259
1476193864604131336
1476193891183386630
1476193948867739655
1476194046049669120
1476194559902330886
1476194939109322762
1476195373391695875
1476195385848877065
1476195654246576132
1476196165922091008
1476196325486211083
1476196443585237001
1476196519640502274
1476196936030240770
1476197109082824709
1476197312028450823
1476197426335727622
1476197649527283721
1476197938380644353
1476198039568232451
1476198103573319680
1476198461267660800
1476198641396236288
1476198646685347845
1476198867523751936
1476198941897207819
1476199312044535813
1476199939072045066
1476199952653205508
1476199976992714753
1476200171700723712
1476200343172222978
1476201022062268426
1476201343035621391
1476202130260254721
1476202848287432709
1476203250638594051
1476203337661956101
1476203605929644034
1476203670576545794
1476203930887639046
1476203936583405568
1476204064182611969
1476204209116700674
1476204209674539009
1476204248102801409
1476204311621378048
1476204383088128003
1476204519046488068
1476204769706446856
1476205776792440836
1476205781695569928
1476205862305812480
1476205871684280324
1476206116686254087
1476206290468753408
1476206299562008582
1476206349440585740
1476206591338819594
1476206635097985027
1476206913494863879
1476207007703056384
1476207010211373061
1476207190876868619
1476207476081111049
1476207520825946113
1476207772660236297
1476207919326580737
1476208260676034562
1476208337771454465
1476208484039331841
1476208736263942156
1476208905361539080
1476208961435152391
1476209246219997187
1476209418169630721
1476209777462099971
1476209869510295556
1476209912447340545
1476209978230910978
1476209989513478151
1476210089379913735
1476210337372422149
1476210775731671041
1476210862948028417
1476211032943210503
1476211132159475714
1476211471293968386
1476211571806330887
1476212094680846347
1476212171214315523
1476212184560508928
1476212480741281792
1476212484172300290
1476212696848781317
1476212985437818886
1476212994296229893
1476213042820046850
1476213061585457160
1476213105973612544
1476213303076548608
1476213996634230793
1476214022315945987
1476214031769763844
1476214322162511873
1476214778464915461
1476215180308713481
1476215496064258060
1476215501965733891
1476215599370018820
1476215692970110982
1476215724850958338
1476215785945190406
1476216175612813314
1476216399815389184
1476216473337180166
1476216967061291019
1476217130970488842
1476217531098566665
1476217637474549770
1476217742831280138
1476217805074747403
1476218236039532554
1476218631025537029
1476218798000775178
1476219197021511685
1476219515121799174
1476219922917343232
1476220177066958856
1476220506672185344
1476220590184976384
1476221027973795842
1476221491020808200
1476222887560368128
1476223473915600902
1476223877927759873
1476223884080865280
1476224388492148736
1476224825576275974
1476225441040117770
1476225788873613313
1476226227375542272
1476226351246020612
1476226451846410244
1476226702338576386
1476226973722714119
1476227636150034438
1476228272212127745
1476228410716397570
1476228451560570891
1476228467368906756
1476228477288259591
1476228667365801984
1476229738951680001
1476231407924129792
1476231510990729225
1476231636496834561
1476231937278631945
1476232089301311491
1476232137003126784
1476232167961280516
1476232358110146560
1476232463139565569
1476233503658283008
1476233556229701633
1476234179872321537
1476234245840551937
1476234349930549253
1476235006011916294
1476235092104302594
1476235101037944833
1476236559250767873
1476236668994793478
1476236693900603395
1476236844715151360
1476236910729351170
1476237130808631303
1476238936154333184
1476239250177855491
1476239666693160968
1476239917500059650
1476240147062657024
1476240993083080707
1476241501906604035
1476241647360950282
1476242169145044996
1476242356303245323
1476243658282262535
1476245357113843713
1476245687742390280
1476245808790003724
1476246717527957515
1476246880837197825
1476247586516332546
1476247833950961675
1476249158730330116
1476249400175382539
1476249651498168326
1476250040410820612
1476250662556024836
1476250674354601988
1476250786053165064
1476251042404716544
1476251133257601024
1476253385993203714
1476254777411391489
1476254860890677250
1476257421391806484
1476257520046026754
1476258396609265666
1476258646711406596
1476258961871486976
1476261712236011527
1476262647523852293
1476263550041554949
1476264314252275714
1476265710326325260
1476267258917830660
1476267804185743363
1476268585525952519
1476268802178523142
1476269237790519298
1476270856787705861
1476271661322223620
1476272046397083654
1476274307831631881
1476274320544612365
1476275215063785473
1476279809823051778
1476280605147082756
1476283284489482247
1476284204204032000
1476284903759257600
1476286644428976131
1476288280228511756
1476289118367895562
1476289304271867907
1476289546467880962
1476291422055985153
1476292697799503876
1476293542632898564
1476293734174277640
1476297056788660225
1476298572333080577
1476301389773029378
1476301653301243917
1476303358688481285
1476304001826177035
1476305443706130434
1476305831008227329
1476306391950266370
1476310908334972929
1476317993202245646
1476318000785494019
1476319315007844361
1476323071338422278
1476323743513268224
1476324505664380931
1476326839912218627
1476329372097433608
1476331351146045445
1476331644445413377
1476334550049427457
1476334979856711680
1476338083306086401
1476339039884226568
1476342391628050443
1476343754290257922
1476346268188295169
1476346558979481606
1476347955145687042
1476348000087818240
1476348842110951425
1476350221013684228
1476354573103153152
1476355161316593668
1476356526935887873
1476363891525537792
1476364578447527939
1476365542349021185
1476368377681743874
1476369289867321344
1476371978374238215
1476378718960599041
1476382795035463682
1476397270966751233
1476401641821810692
1476402531215593473
1476405529920606213
1476406224564350976
1476407169339871232
1476414325141258241
1476417945974755332
1476419602053750789
1476422626851524608
1476423107489546242
1476425279190958081
1476430418790518786
1476437132952715270
1476438471707406341
1476439554974388230
1476440981285310467
1476447638975352832
1476457437737545728
1476459317352042499
1476461068323069958
1476461276205182976
1476461513388871681
1476462529203298306
1476462989218033670
1476463806842916866
1476465173523308544
1476465769915551746
1476472399373733889
1476478023356452866
1476482132075855874
1476490565172834304
1476496538205569028
1476505820275826691
1476512098972839938
1476519971694026758
1476537084265570305
1476538963410231302
1476539082843082759
1476543411402403841
1476545482377895937
1476552334541000720
1476555869915652098
1476557205663096836
1476562923925483521
1476573491746979841
1476574285103837193
1476574309879627780
1476576984624996354
1476577040337973249
1476577721618776075
1476578899215544326
1476579976451268609
1476580499745353743
1476583716474527750
1476584484367581187
1476585512051818500
1476586697513132040
1476590539487301637
1476590609410502667
1476592185856471046
1476592669895839755
1476592781439246340
1476592902679797760
1476593749350363147
1476594588496367616
1476596152548085760
1476598109958557701
1476600709693030402
1476600864450174978
1476601826275254272
1476602217562095616
1476607231437144065
1476608682351857670
1476608771724132353
1476609209575825417
1476613166373105667
1476614294062120960
1476614754659569664
1476615535924289537
1476616211177738248
1476620463266664460
1476631450476847111
1476640727560081411
1476642032592769024
1476644449832816642
1476646111163072515
1476646907153952770
1476655956826234886
1476662998857039880
1476663947277262850
1476671812041859084
1476674716681355273
1476681272269418498
1476682204998684674
1476683546274193409
1476685090134573062
1476687255515197463
1476689948657004548
1476699042340028426
1476699441226682374
1476709025546969091
1476709278836830213
1476726133571956756
1476727651142455296
1476736361088659461
1476740042987085825
1476741552936525828
1476751260476837894
1476756687860162561
1476764570291163160
1476771595075129345
1476771883005759488
1476778100017053696
1476781068862717954
1476788718887477249
1476808133016096770
1476817441191645186
1476894594252087297
1476900293724053517
1476901201358827520
1476905437803028501
1476913626640494592
1476916408793681921
1476918875480629248
1476954396760104962
1476955165521592320
1476965213907963911
1476988464834957318
1476996709213429761
1476999630110052361
1477008635817508864
1477011846234181635
1477335342093160453
1477473491930673153
1477473908358062081
1477474731582533635
1477475915265454080
1477687985000914946
1477709182598012932
1477721762032861184
1477732420350844937
1477828001844899841
1477840920611409926
1478012849884700674
1478047999809011715
1478152756758073344
1478195660088299521
1478196369697480704
1478197477887012864
1478197684452265986
1478197876144492544
1478198611431157763
1478199112432500743
1478200175457935361
1478206924873248768
1478207546540412930
1478260486059790336
1478278258428837893
1478328624923262979
1478355580028862465
1478356764185800705
1478375439164915720
1478376274494201865
1478426556171264005
1479129836455038976
1479132209399451648
1479279261500334081
1479481509828608001
1479493602715881479
1479565595943137282
1482180616598794242
1482452660825563137
1482676082872569858
1483120402964566017
1484749429685067780
1475893235683844099
1476946020265300017