1476882111487426592
1476674736851763205
1476674853528915970
1476675069803851777
1476675103983169545
1476675246904258560
1476675347529748487
1476675432883712016
1476675506028171264
1476675546448896011
1476675867195719680
1476676261808414726
1476676410043518980
1476676518818557953
1476676667552714759
1476676744652460034
1476676778450169857
1476676866807418892
1476676936491364355
1476677846684811271
1476678044257501189
1476678124100276227
1476678210695962632
1476678515676180490
1476678862209789963
1476679395901276161
1476679473768525824
1476679582744866826
1476679759979585542
1476679881891225608
1476680418866913288
1476680846451126278
1476681135539122177
1476681324618555397
1476681869609431066
1476682086798934018
1476682367884574722
1476682714879344645
1476682892839464965
1476683002256232451
1476683317676236800
1476683627744350213
1476684643701252100
1476684805354016770
1476685020832182283
1476686902355009537
1476687091220295683
1476687205817065474
1476688670002495488
1476691227261218821
1476692062439313422
1476692280622960640
1476692483052507153
1476692827958648835
1476692969629667336
1476693811728429057
1476694912405966854
1476694939316621327
1476696554954276871
1476697802411446276
1476699657661202435
1476700808108519429
1476702010842009607
1476702946058506241
1476704948448542725
1476705317014880256
1476705894050193417
1476706803350081539
1476709836066754587
1476711823013523457
1476716802520539141
1476717419188137987
1476718393042645008
1476724880733347843
1476726616533479424
1476728756941336594
1476729703838932995
1476732855355072518
1476734734562594816
1476735937304424458
1476736111808446464
1476736617452912645
1476741060344918056
1476741587468234756
1476742776826044421
1476746134219546625
1476747352727818243
1476753834345123855
1476755335117303809
1476795573369905153
1476797828106100736
1476802289797054464
1476809470235664384
1476822699343331332
1476825607149338625
1476849759574921217
1476868242132115468
1476875604289110016
1476877671284019203
1476885283710783491
1476909756984041492
1476913617945731107
1476915021674422272
1476917242054909952
1476920189279211533
1476921443460034562
1476921860927406082
1476931753038200840
1476935827666223111
1476936582640848899
1476943518157443082
1476955523874529286
1476957619906437120
1476972543181533200
1476995502520606722
1477003341884444673
1477079470834176000
1477113276752400387
1477126012500598794
1477265991960780805
1477342127113728000
1477377317747965961
1478701890548514819