1475874781031456775
1475875463360827399
1475876240628326402
1475876782377209859
1475877334595031045
1475877786174689283
1475879896542973953
1475880433250443274
1475880570102165514
1475884834417483780
1475891332027662344
1475899143885369344
1475904830115823626
1475907714744127489
1475912125503713284
1475913080592863239
1475913770908393472
1475925081763512320
1475937468235108352
1475948195582779394
1475956941058818048
1475967432695201797
1475981943988793344
1475983372480655363
1476006686284390401
1476015960914026498
1476026207397421071
1476101152966070272
1476142601443192832
1476178208039084042
1476213485273075724
1476216063234773001
1476222732828233728
1476272560006389765
1476429909434195970
1476647796375646231
1476765172551274511
1477062315048685575
1475875876696907793
1475876500301705216
1475879401782972427
1475883568203132934
1475893689415311362
1475916879424368653
1475983649627688961
1475990284836036608
1476282313096970243
1476287176040017920
1477550564280049665