1473035812086288388
1473036435796103172
1473036492171665410
1473036579484708870
1473040870568079362
1473042518413651974
1473043198205382657
1473043311887794181
1473047019279187970
1473049090552471560
1473050347103039492
1473052065484185610
1473053162022051843
1473055520495792128
1473056563166388231
1473062283098017793
1473065295719845897
1473065708863033348
1473069230782246915
1473069877472624640
1473070806926249984
1473074370503315457
1473074902852939782
1473075036022095875
1473076573096095747
1473083751504695306
1473090793816608775
1473092084542357510
1473098460534427651
1473102625117773831
1473119205188943880
1473120680271036418
1473122345577553930
1473126887769653250
1473129425256558592
1473130496146116615
1473136602385842177
1473139787351707652
1473158011476717572
1473171830085074945
1473176492175622145
1473201735120343046
1473215986295881730
1473232987932270594
1473256654942654470
1473292468884025345
1473315814061363207
1473335452430127111
1473335994820792329
1473356138259390466
1473372532397031431
1473372560939261954
1473394189119344640
1473464965449330694
1473516296562098177
1473997901974151175