1477030949678374912
1477031057753055232
1477031143983693825
1477031178184048644
1477031202108448769
1477031274107875328
1477031933448278017
1477032152390942723
1477032201393000451
1477032227988979712
1477032438236733441
1477032507161948160
1477032737072627717
1477032800364769284
1477032826209984515
1477032859277959175
1477033025473024001
1477033836303290372
1477033983468843011
1477034135382286338
1477035941999038469
1477045915328421893
1477047798008848384
1477050793928925192
1477051835819204609
1477060485929476097
1477067159868162048
1477069724559319042
1477073443111714824
1477076594795728897
1477086992881971205
1477096924293459972
1477099338140733452
1477103994925375488
1477104501819592705
1477105701143166976
1477121015918571525
1477122708911570947
1477133147506556933
1477148698782040065
1477149401239982083
1477150316428767236
1477160589613019137
1477165289963937798
1477168641921720321
1477180219324870656
1477188038069469190
1477196641287360513
1477198156706328580
1477221238653161474
1477233993342988290
1477261631482515457
1477271788593766400
1477291434495598593
1477296077523111939
1477300806026248194
1477310615026864129
1477312560328175617
1477316044901470208
1477318744921849861
1477319149395263490
1477323427153424391
1477341019142197249
1477353301939261447
1477354937738829826
1477376066691862535
1477376856156426241
1477380174324895746
1477402123465895938
1477417918241464320
1477419770089779209
1477434872272666631
1477467574011002880
1477477826618089473
1477479720782417922
1477484150709960704
1477500145612824576
1477500206539149313
1477531753183129601
1477531793964285953
1477532085330001921
1477532643990384643
1477558178816487426
1477571547951169539
1477585341850787840
1477594828762497026
1477600893293895682
1477614711432744962
1477620502323765252
1477620806771433473
1477638528746065921
1477643854174167047
1477658041780736001
1477658095450996737
1477664504767041540
1477670799553310720
1477673503545565193
1477674693591281670
1477676192601837568
1477679472165928963
1477683922465136641
1477724710662197254
1477749741177880578
1477749794990792706
1477750702113910784
1477753134399524864
1477757949833621505
1477776235573006340
1477792113932877825
1477794105312825348
1477819912760569857
1477835109290102786
1477842625386655749
1477843395351842819
1477843827776012288
1477867257090822144
1477884063348367360
1477887585078939650
1477905897775108096
1477946793405165570
1477950896923455491
1477984042305925121
1477988265273827329
1477998030230069251
1478003432099356682
1478011898226434049
1478025191800197121
1478038672674942981
1478068443660304389
1478069292952219648
1478078823170297861
1478099574669512705
1478104268850798592
1478121994495447049
1478158384096587779
1478209839314599937
1478412211945189379
1478473534750048256
1479207137406558208
1479682372631023618