1467162169103949835
1467163429102407689
1467163917344555018
1467164759032279043
1467165461100089346
1467169102930354182
1467169159213690891
1467171217379852288
1467172513503485958
1467172648929091592
1467173979739807749
1467174278286045189
1467175044656689154
1467175748410740741
1467175858435624964
1467177161282883584
1467177932829634560
1467178164010962945
1467179895507730437
1467181514207096832
1467181603608612865
1467185410417864712
1467187066496856067
1467187595973038086
1467197750043238405
1467197819727585285
1467201854832619523
1467202230294097920
1467204413248966658
1467231406694846466
1467243228621676544
1467246700830023689
1467249009853186058
1467253125589487626
1467254802312794117
1467282028832104448
1467292075469193217
1467299216976396290
1467325337088368641
1467334936696918025
1467336281793388551
1467336764834529281
1467336857692225537
1467337420190658561
1467337602898579456
1467339048998117377
1467339079905955845
1467339385712615429
1467339666374504452
1467340069207953409
1467341686904791042
1467342227059974149
1467343338009473028
1467344990372347906
1467345163735355392
1467345586949181442
1467345956324708354
1467346661563322368
1467347141718941697
1467347703197802496
1467349943803592704
1467351985989038086
1467355341730029572
1467356085346578434
1467357515109355524
1467357549355802625
1467360506684055552
1467361453137035266
1467365251805028359
1467367288571514882
1467369576044322818
1467378278650593283
1467379912625377281
1467393395865927680
1467403398098137091
1467441361062436864
1467441660690903045
1467452891434610692
1467453380494721030
1467488443269730304
1467500752721657869
1467503324539031558
1467512800826195972
1467514770202914824
1467516622793543681
1467518136165580806
1467521460986171395
1467533505433411596
1467534256805007360
1467534581599510532
1467541404960182273
1467550051551662085
1467552052054134786
1467561429859450882
1467567596639768577
1467574862260625409
1467576299967467522
1467578960909324298
1467581871013912580
1467608908718039040
1467611421424992258
1467621857163685898
1467641711581011968
1467644931749474305
1467661680582840320
1467696526197620740
1467727465103699972
1467734051188461568
1467755592693563396
1467796903031193602
1467804202537734144
1467828957659602949
1467842443928297473
1467856077043777538
1467871455513878534
1467909733394751489
1467916625198284800
1467936196550705152
1468062613972013059
1468097039359746048
1468259472820686848
1468308047562952716
1468631895688847364
1469361045433159685
1469804100128624641
1470611580886740993
1473632551566823428
1477066777439916032