1471646477856432130
1471646626473197570
1471646817544650753
1471647417934258179
1471647469066932230
1471647971477540867
1471648973936992258
1471649942540271624
1471650109251145731
1471650412457598985
1471651012507320330
1471651167524560902
1471651533691494403
1471652564861083649
1471653997417140224
1471655806219268096
1471655901220200456
1471656296441167872
1471656724985749504
1471657022869454850
1471658057268613121
1471658107407241217
1471658550040608770
1471660025496145922
1471660102784458753
1471661026521362434
1471661368872996870
1471661977541832706
1471662172568702980
1471664881678049285
1471669417562025985
1471669655194451970
1471670926039261188
1471673778107265025
1471678012429058051
1471678558040961030
1471679226315214856
1471687549215248384
1471690399441829888
1471692922684850176
1471693037864722436
1471700614929338368
1471752268844306433
1471759858827415552
1471769630343634944
1471791191163293701
1471802462206050305
1471811131207475208
1471812121998598147
1471824841971953666
1471845547216719886
1471860838474698752
1471875077234999296
1471894443632455683
1471898701987819520
1471928985139302400
1472031303021252608
1472395849007251457
1485608610382110722