1467543805742170113
1467861070723248133
1467905749405904908
1469349408877649921
1469349728424906758
1467552846723887106
1467553402829869073
1467553649454895105
1467553809845170176
1467555626775728131
1467557976286265351
1467564131599339526
1467565242829975553
1467567213808734210
1467567546022907904
1467588236486840327
1467597109667020813
1467608349176958984
1467619876801945613
1467633871453839371
1467638232506634248
1467652181465649159
1467665467284549632
1467683192052207621
1467684843945398278
1467705091432103939
1467705130552283137
1467729982071971842
1467730696097648641
1467747454674219009
1467757952639504387
1467765766338584578
1467818169813196800
1467846857397256203
1467851005035352065
1467876920872341504
1467878798611861505
1467880400017977347
1467880630113513482
1467882268286930947
1467901696764530697
1467912781642883076
1467953833779228673
1467978058418241543
1468374747121553409
1469497865563258885
1472629542024011783