1476600514892677131
1476601630573404164
1476602105578274817
1476604018872967170
1476609885202792455
1476625853534511104
1476627294009675780
1476885734569091076
1477535078523756544
1476603890539937792
1476644048668667909
1476661491663319042
1476662940115820545
1476919828967481356
1477550320377081863
1477672286262120452
1477675010563186699
1476600738402881555
1476602012653527043
1476602478833586187
1476607757059043329
1476825954907574313
1476611708273799168
1476613698835865611
1476707880862728193
1476664488266973185
1476825966018273281
1476839163789860867