1467782033887928323
1467782162229440518
1467790009017241605
1467831144192389133
1467782135696314369
1467789914511130625
1467782244202909699
1467782270069133317
1467789823327014913
1467782315984179202
1467782336540520452
1467782442811600897
1467782895179808768
1467784493247381504
1467789772944986119
1467782428983013383
1467782644792451076
1467782900389015552
1467789724450533379
1467782941237465088
1467782977119834116
1467784174081875968
1467789679198191618
1467871786738065417
1467783211669467145
1467783447158538244
1467789631618011136
1467791874161135616
1467848030930051073
1467877346833473536