1475414935068987392
1475415061502078977
1475418831132807168
1475419112411209731
1475419306259275781
1475419455949783045
1475419976588746756
1475420205941768192
1475420573874409481
1475421567668662276
1475423483983183873
1475423985865150464
1475424325633130502
1475424556332503042
1475428412856877058
1475438686951002112
1475460083396005890
1475461372741922818
1475466256799125511
1475477242914361347
1475523080437088263
1475528585972699139
1475568367830396929
1475622565662105603
1475657403869892611
1475692990584680456
1475707645143109632
1475707942766886915
1475708029693837314
1475709013606158337
1475712017910710275
1475727932945543169
1475738688860602368
1475757506559365120
1475878600578502657
1478778302886076416
1480580773644144640