1466187883593842699
1466217194744954889
1466159581525000193
1466160379378089989
1466160562375589889
1466187748155478017
1466191806694055938
1466217120602144770
1466221598139109376
1466317758312894466
1466324095159750656
1466371375132729344
1466456758835040257
1466470912492900353
1466160551810244608
1466180923599196163
1466187772163674112
1466217159315574785
1466324136662339587
1466371400017588225
1466377198730977289
1466878822821908482
1466161079080210433
1466165560715223041
1466187818384904200
1466324200348598280
1466856829158412300