1469434805922136064
1469439934150942728
1469439817863753728
1469440105886609409
1469440190070489091
1469441168719200258
1469441406334869513
1469441767648808961
1469442844540563457
1469443189899608066
1469443388520886273
1469444408554758149
1469447563808026625
1469452997075910661
1469458113162096646
1469468851872092160
1469481229137424389
1469483495655313408
1469491009339940866
1469502373504577540
1469506635873886216
1469529923584995332
1469565012318511112
1469565261497970691
1469577780631326722
1469582883144699909
1469583763491278848
1469587857983475720
1469601454449053700
1469601836420112385
1469654227077140482
1469665156376547337
1469691602365042693
1469727691406409729
1469738990060421126
1469745977246552066
1469778774321516544
1469866761780699136
1469920974023761922
1469923700346880004
1470035435837661189
1470120826657771521
1470141303149105156
1470189434326945792
1470200374564958208
1470219521768181762
1470237536232644608
1470240610296737798
1470461159669055489
1470508635105247242
1470596647059177476
1470730079529586692
1470745433270067202
1470948357178863623
1472294864612212739