1475607862537764865
1475607930523340806
1475608222828576768
1475608239198769153
1475608397256871936
1475608660139298821
1475608685124665344
1475608955736969218
1475609168916537347
1475609480859684864
1475610107891404804
1475610170994659332
1475610273490812937
1475610795035795458
1475610883795652609
1475611037101662210
1475611160560951296
1475613199751954434
1475613312486363138
1475613497136451585
1475614195697651714
1475614217759645698
1475616028390526982
1475618112036823049
1475619770703613955
1475622469897973760
1475623654708887557
1475625037956800523
1475625078503137289
1475626295925084160
1475627762069262341
1475629108725964801
1475631152895610883
1475632327841640448
1475634882302853121
1475634968751710210
1475636843597213696
1475636941496348673
1475639589566095362
1475640154459156488
1475640294930534401
1475640600162709506
1475642360616951813
1475642405105946633
1475642810418319364
1475643358198452226
1475643510799802368
1475643767965331461
1475644594851303431
1475645243462672388
1475647133411946499
1475649575675469824
1475652496479571969
1475652620077309957
1475652862109700099
1475652993966133251
1475653000572006402
1475654939221266435
1475655544832618496
1475656061654814729
1475656798325682182
1475657104849391619
1475657295291891720
1475657331048210435
1475657930208800768
1475659693670350853
1475661773336453126
1475664107101728775
1475664964178350080
1475667965269975040
1475668174733336584
1475668679056666627
1475669549982883844
1475670201870000131
1475670378043355138
1475670540052430852
1475671098150772736
1475671674548854787
1475674074063982594
1475678000037478403
1475678982511149058
1475681519335268354
1475684328218660865
1475684956974174213
1475685233664172032
1475686394026553345
1475686397193310208
1475686769467305985
1475686773577682944
1475687594927214594
1475688242230050817
1475690722850390022
1475691969158557700
1475692529257353223
1475694815740190723
1475697381375102982
1475697974571409408
1475698244051247110
1475698299034386433
1475698354793320448
1475698397747326977
1475698516068552706
1475698577250914307
1475698645517406210
1475699798468558848
1475700285846740998
1475701583023329287
1475701758479372288
1475702119906697218
1475702426850242562
1475702824470155264
1475712879047364609
1475714463244242945
1475715206944854020
1475717335583318017
1475719424367804418
1475725039718866945
1475726237586706432
1475729640819986442
1475732323345870848
1475734338515972096
1475737416082284550
1475743377505275904
1475744139849445377
1475747493413408772
1475748199545585665
1475756641798836226
1475769431665958915
1475770019392806913
1475777746127278080
1475778146339364865
1475778593225687044
1475778678021713922
1475779008096870405
1475781651070398465
1475784311194460161
1475792217688186886
1475796649716899842
1475801166462300163
1475803940637667330
1475804202890842113
1475804395677831168
1475810091081285636
1475811281273860098
1475813008177836036
1475814138786066441
1475814830539948034
1475815451624194049
1475816337549271044
1475816804308107269
1475816970541060098
1475817128477483021
1475817425392353282
1475817473396125699
1475817753130979329
1475817911507902470
1475820388991053828
1475824364520185859
1475824721711276035
1475826724235452421
1475831246546776069
1475832189304688644
1475832710908108804
1475833066748887043
1475835065024270338
1475835427064107008
1475835792316678145
1475837134393131010
1475838579519672321
1475840668182454280
1475841430014865410
1475843654493392896
1475845373176553475
1475846247697334275
1475847384567529480
1475848352235466757
1475848784152248324
1475848806449221634
1475849851929780234
1475853175798304770
1475853495823699973
1475857693998993411
1475858284074520576
1475858732789678088
1475859602004758530
1475860035360149515
1475860300851261442
1475861123677233152
1475863253989343232
1475864704031412237
1475864981178564612
1475867047980679174
1475868234075172864
1475869040497160197
1475869379543941135
1475872531122950146
1475873983203577864
1475875179783991302
1475876026345574403
1475876886739779587
1475877694092894208
1475878285246664712
1475878389147856898
1475879579009040384
1475881337215238144
1475881663468957696
1475883325466288135
1475883341983490053
1475886535400570882
1475887159638908937
1475887526422347778
1475888170923347970
1475893601649451009
1475895293803745285
1475895765948108800
1475896061684338693
1475897163574038544
1475898095036768261
1475899726700724228
1475900222345596933
1475900616752996353
1475903290927992833
1475903718008709131
1475906342305079298
1475906527852642307
1475908657502035972
1475910507043467269
1475910709682843662
1475911879079907329
1475913686959067136
1475913871584120832
1475915656386150400
1475917494779011073
1475922555458371588
1475925426178564096
1475926366185005060
1475926696108990468
1475931088908275718
1475940476075360266
1475941460021157893
1475943714010722304
1475946209743278082
1475946290726981639
1475947625786523656
1475954680786268169
1475958870627389442
1475959530307534853
1475959622368440326
1475960836472647683
1475966861841940488
1475970308427427841
1475979227128229889
1475980682115485699
1475998364600872961
1476003482729603076
1476016033815138306
1476025283631362048
1476046823081091072
1476067202277289987
1476085007298949122
1476099470056062976
1476103711239770112
1476106726101458946
1476123100106403845
1476194241886003211
1476231913669115910
1476239174210658308
1476239706878787589
1476256080673996801
1476269078398611461
1476288142705573890
1476400652582543362
1476524873967099908
1476593366729117700
1477489054769991680
1477550757671018500
1477924639707967491
1478007282453602310
1475609274793476100
1475609371107377152
1475609564481568771
1475609734698909708
1475609811878219776
1475609869789057024
1475610071941926915
1475610156717252609
1475610204502900743
1475610326418796551
1475610573639503881
1475610613116071940
1475610628354187264
1475610646817484800
1475610753017200641
1475610868297740288
1475610893765513218
1475610960396226571
1475611365733773316
1475611386692603908
1475611506146529280
1475611583892099076
1475611634907422722
1475611882950205443
1475611955146764292
1475612707407765513
1475612728433774592
1475612767835017218
1475612852417224706
1475612873128701953
1475612993367031811
1475613508033294340
1475613555667845122
1475613570406789127
1475613677197819904
1475613697645162497
1475613788057575429
1475614171123306500
1475614309405265921
1475614448752680966
1475614746271313922
1475614850973847557
1475615032507514882
1475615083539533825
1475615143870570496
1475615584159244292
1475615793110929408
1475615877798060035
1475616110791864320
1475616378862415879
1475616718848503809
1475617539002613769
1475618657807912960
1475619311725301764
1475619334328365070
1475619453698289673
1475620260107673604
1475620380584861697
1475620640447205376
1475620887751798793
1475621051291815936
1475621555099033603
1475621583389605889
1475621602511691777
1475621692403855366
1475621700242972678
1475621835865825281
1475622081966522369
1475622142943322117
1475622734310821888
1475622903592853506
1475623386139160577
1475624196021567490
1475625404027260928
1475625572114087939
1475625795091668998
1475625942768832514
1475626641544130561
1475627247046324224
1475627783808339969
1475628178127400960
1475628239066304514
1475628449100447745
1475628685088604160
1475628853708169216
1475629178544394247
1475629209338925061
1475629274560270337
1475629336761798656
1475629549257904128
1475629685203734529
1475630176193105930
1475630366350270465
1475630484243685376
1475630733200924674
1475630785642344454
1475630879032623110
1475631044867022849
1475631311025057794
1475631463450267650
1475631743688491011
1475631923062001664
1475632284753707010
1475632496326823940
1475632641823105025
1475632932710756367
1475633525814710277
1475634134668267520
1475635178307571712
1475635571984896002
1475636079030067205
1475636438779711490
1475636807567958022
1475638542080495616
1475638569763020807
1475639651419389952
1475640374278434826
1475642228865445888
1475642979150872577
1475643624264454144
1475645687559868420
1475645708032102401
1475645787824660488
1475646566937415680
1475647458449502211
1475647762142224387
1475650681486950404
1475651953665396736
1475652087480569859
1475652147421364224
1475653490743644164
1475653910346059776
1475654252420743169
1475654688125169670
1475655858361180165
1475656035050344451
1475656542712119296
1475658669412999171
1475659302584999939
1475659665392521219
1475660333373177862
1475660563711766536
1475662835120234506
1475663490849419272
1475664106640363527
1475664546887049218
1475664789217161216
1475666213803986944
1475666308410875913
1475667483256406019
1475667938980122629
1475668551910395907
1475669684284530691
1475670399522332675
1475670609623453697
1475670686412820481
1475670856072196097
1475670979107905536
1475671195890733060
1475671329147871236
1475671651878637570
1475672156180824067
1475672354390876160
1475673535444041732
1475673903431241728
1475674098487468035
1475674159757807621
1475675649247432707
1475681219522277378
1475682215837241353
1475683941013143554
1475684068322955268
1475684824803274754
1475684933867819015
1475685535108714499
1475685915888607236
1475686000387137537
1475686921217224714
1475688459390136320
1475690818790854658
1475693551115771904
1475693836798246912
1475694441390166016
1475694690402029568
1475695812818649093
1475696320325177344
1475696418350419968
1475696819174739968
1475696853203111939
1475697225560907781
1475697825543376897
1475698694645243906
1475698952112586757
1475703953174286339
1475705769412763654
1475709224663470084
1475711732001689605
1475712601266941954
1475714831441293313
1475717695677124611
1475719203474657283
1475722593332170752
1475725125811118085
1475725865267122177
1475727354538639363
1475729076145041411
1475734212309303296
1475737926008918016
1475738344000786437
1475746507307372549
1475751650388328449
1475754421179097089
1475758661297315840
1475765937173377027
1475768848687239172
1475769866930081792
1475773256858755074
1475783165973340161
1475787385795489794
1475787856605896705
1475787911694069762
1475798194546257922
1475804282284871682
1475804511075721219
1475807326078738433
1475808057636626443
1475808282518380551
1475808300939853830
1475810014627610631
1475810463036309507
1475811392397664258
1475811514598703111
1475813472726392835
1475816491941601283
1475816984201859086
1475817454534340608
1475817796080648196
1475818315079720972
1475821137535934469
1475821138660016130
1475821235095457795
1475821499533697027
1475824365614870536
1475826482626895877
1475827030168113159
1475827165967040521
1475829028212944898
1475829181862887424
1475829184845029381
1475829231149928450
1475830582407954433
1475831164556378113
1475833959468654604
1475834118923558913
1475838299386400774
1475838599392370694
1475839153027825673
1475839326747516930
1475839695317868546
1475839996221444096
1475840332151627778
1475842172549320704
1475842866559787014
1475844348344479744
1475845657797836800
1475846653093498881
1475848033304817667
1475849090659323904
1475849308138356745
1475849631871426566
1475851474353725451
1475853001684230145
1475854093318963204
1475854880371720196
1475856783902183424
1475858951212343305
1475859178954661896
1475859248915836931
1475859465492525063
1475859902178471944
1475860501976719361
1475861347330101258
1475862603662512131
1475862934412619777
1475864963356975118
1475865539658407938
1475867360636583941
1475868873417183244
1475869135309578245
1475869334778134536
1475870089404637185
1475870931113418765
1475873300635082758
1475874718393765897
1475876070138294273
1475879167778455555
1475881016371855363
1475882703648137220
1475887530213928962
1475896900473741317
1475899309006544896
1475901459061305345
1475903724287668225
1475906017317863435
1475908244627415047
1475910600089739264
1475913363532226570
1475914693021683714
1475939450295361537
1475941508419231747
1475950182684676096
1475951575776612352
1475953078520139789
1475954619142471682
1475954920985702402
1475964004296179714
1475977988928077824
1475984824909193218
1475988370719264772
1475988909721112587
1475992231035256833
1475994918095101955
1475995153915682817
1476005334799962116
1476010084987768834
1476013999850680320
1476016449814736896
1476021590018215937
1476022742482833413
1476024224846331908
1476051311938387970
1476051686095421442
1476057873247608832
1476062609199796226
1476065346939277318
1476065565638864898
1476066310605922304
1476069791219728384
1476087038575198208
1476088377975971844
1476108251993362434
1476116785845964800
1476137847652589569
1476145469432778756
1476147156142678018
1476154261167910917
1476171475241639944
1476175724646182919
1476193139341758466
1476194307656847368
1476200441952276488
1476222511910162432
1476232625022926849
1476233755513741321
1476237112261369861
1476253768551383050
1476258848545648644
1476268560259371010
1476272347036459012
1476274659519832068
1476277441236664322
1476297102468730885
1476309548759752704
1476320428251615241
1476332134453420036
1476340791832457219
1476352800347115532
1476357949241110528
1476414394699587589
1476512069826404354
1476548961028620290
1476566544398258178
1476574614314696713
1476595377558241285
1476723728620920832
1476979212271632385
1476992665581506563
1477489111514722306
1477754255272554497
1477993489531088905
1478307225303142401
1478715563849441281
1475609881206009858
1475610041529077761
1475610572762796033
1475611358070972418
1475611586014425090
1475612249829953536
1475613016209039363
1475613427578155010
1475614747034857476
1475615038455099393
1475615983926718465
1475616236717314048
1475616926126718983
1475620699486175236
1475620819942326272
1475621078516994049
1475621203150876678
1475621917034000385
1475622227924107268
1475622413249433606
1475622621295304709
1475622769308184586
1475624230670815233
1475630608021864450
1475630791019352068
1475634059799896066
1475637324377726977
1475637814574395398
1475638043574870017
1475638261972406281
1475638301583450119
1475640769671225353
1475641546934472712
1475643340079181828
1475654323438821382
1475655707290931200
1475655908999020545
1475657100286173185
1475659902030860289
1475661999115841538
1475666886302081031
1475669674226561026
1475674597207031812
1475678794006478851
1475681534510260229
1475682198917427207
1475682963643944962
1475687322968477696
1475696835499020290
1475704890726965253
1475705392545947650
1475705576894124032
1475708325232844801
1475709537474785280
1475714384383164416
1475717774567641088
1475724648125980680
1475734101667848195
1475744806051753991
1475745226954321920
1475750612830593025
1475752793105477636
1475753383877300226
1475754308641513473
1475761109776826371
1475768976407859201
1475783321875533825
1475783800978395145
1475797986252779528
1475798938426904580
1475799909475495942
1475811014293606400
1475811102558605315
1475811375179964420
1475811725341388803
1475811751870533645
1475811858196033540
1475815036643913729
1475818904966639617
1475818956392914947
1475822560092647427
1475824883485528070
1475827442103242757
1475828510530969613
1475831491104018432
1475832518175821835
1475839807213420544
1475843275126935554
1475843836937220100
1475844797059452933
1475849743565733890
1475855363341623297
1475855997939986439
1475858335010369540
1475859520429641735
1475861988051881985
1475866679863300097
1475867917350625281
1475867957964283912
1475871518844403716
1475878001451487242
1475878190220382209
1475882419253243907
1475890309196357646
1475892563118747649
1475896131208970240
1475896196296290310
1475896598794174466
1475903776137613314
1475904492344209411
1475909601077964807
1475909674134392836
1475909798197698566
1475919060533760001
1475925424316170243
1475925446634229762
1475946449577799680
1475947445548990467
1475953124665815042
1475956830169825283
1475974145364172802
1475982535570120707
1476022819960111109
1476053288093106179
1476084767120629760
1476154292805713927
1476165225074331649
1476173940754198528
1476187617767174148
1476193651483103234
1476253057046519809
1476256161376653320
1476284990757425158
1476300449292509185
1476300858967179265
1476682229677846550
1476851231859613705
1477489189180653571