1466064842377379859
1466065237472428034
1466066794628669442
1466067673540964353
1466069588525813764
1466071077768122370
1466073050202492930
1466073673484443654
1466073992637206528
1466074014955106307
1466086462651191297
1466087671089016842
1466104735040086023
1466130652500303873
1466131609157992451
1466133030393765892
1466137719831089154
1466143778532691975
1466187925910171652
1466221638542888960
1466221853320486918
1466234547155181568
1466251217072537601
1466273650022260737
1466345091799433221
1466367012108738562
1466372246302347264
1466376909240127491
1468049955650609152
1466074054645850112
1466075126722555904
1466074587616014342
1466075167084494854
1466074626136498188
1466069230063861770
1466071391334285323
1466303335372308482
1466074692784050181
1466074724954296320
1466074742981468160
1466074762002636805
1466074780835090433
1466074799256395779
1466074817191317507
1466074836304760845
1466066342197477377
1466074853698519042
1466066411965583369
1466066923662237704
1466068277772312577
1466074871490777089
1466067370724581381
1466074894886572038
1466074918286553088
1466111104749379589
1466074945469894658
1466067113336918021
1466074963694084097
1466066940850548744
1466074982451089422
1466087486313037825
1466629094544527360
1470493436919058435
1466072689559363586
1466131865933430789
1466316515276427267
1466075001853935617
1466067466086408210
1466067602774523907
1466203167973064714
1466067618100621312
1466068452049924108
1466068795856990216
1466072470407032833
1466114859481931780
1466316533089673233
1466068913670836234
1466076043421392897
1466081759926251524
1466316537107730434
1466071946538491907
1466077798095798287
1466079790662926337
1466083047355437064
1466084394314211334
1466090702090158085
1466083084617588739