1472660280186482698
1472660343583391746
1472661199233818624
1472663581850284034
1472664515628130319
1472671601510563845
1472673625811656713
1472676539519188997
1472695322212249600
1472700910568620043
1472800572449374211
1472802550361432067
1472823840388825091
1472839641397186563
1472839665589891075
1472841237988184065
1472913130627948545
1472925217353830409
1472925852908208135
1472925998006120449
1472954774291111949
1473028076812439557
1473119583754063874
1473674791827742743
1473732259660406790
1476893483021791239