1466534384497049600
1466534655327301637
1466534718304706565
1466534771295612931
1466534838068858881
1466535046362255362
1466535529520975873
1466535990361669632
1466536755813777417
1466537187445559302
1466539481624940552
1466541484807573504
1466543193462243331
1466544591818088455
1466545686594215937
1466545791586246664
1466545826193281033
1466546714110664706
1466551059145502722
1466553806855053313
1466558945888280584
1466560556635078656
1466561738397163520
1466572693927464960
1466573925454729217
1466580126846566400
1466585731673952258
1466613871985057792
1466633900747378691
1466664348051406848
1466664943059550208
1466666391386624000
1466674572447686656
1466678740319145984
1466687536533807106
1466691563824820229
1466728226403852293
1466744584462123010
1466746836098686985
1466747507992633348
1466747790957191178
1466751643039547395
1466762268276842499
1466763084953907202
1466765539708125187
1466769994214252548
1466810853018124289
1466825853288038403
1466840929625640973
1466848018897031170
1466854498199085059
1466854623709388804
1466855604182388736
1466856596026314755
1466856719930191873
1466875220682100736
1466875698581286921
1466884244035145728
1466892155495100422
1466895892385079297
1466903182727024643
1466947875951292420
1466950461613699073
1467101807482748936
1467170474899775492
1467192415689740291
1467562463755444230
1467645811609636867
1467651538860580866
1467872854268162055
1467921224474972160
1467936830645579776
1468662474236907525
1466537654825013249
1466538123916054534
1466538218761900033
1466538767846555648
1466538988974403586
1466539676995493890
1466539777017135109
1466540334511321088
1466540413750333443
1466540698308595715
1466540750041137159
1466541300006768640
1466541502348234757
1466542147671404545
1466544155383910403
1466544221708451847
1466544579998535690
1466544712303579138
1466545295659978752
1466546249314754563
1466547593144672261
1466549843078250496
1466550531669864451
1466550779519537152
1466552497284124672
1466554602392887298
1466555778609795073
1466555960906768385
1466556624089214979
1466557062045913094
1466557211174268928
1466558284333305858
1466558485793939460
1466558661506048001
1466558886488395777
1466559211979038721
1466561461216440320
1466561899416461327
1466562625802694658
1466564302056275972
1466565790635683840
1466571816177045505
1466572193811283969
1466572217651654661
1466581941931503617
1466583084212506631
1466591683865362444
1466597299136516098
1466602832547643395
1466604190688419842
1466604688187576322
1466631514792226817
1466632118121816066
1466632696902270979
1466633780592930817
1466634362653274113
1466634608338890752
1466635063672520709
1466688043172069380
1466692804617273344
1466746155656744960
1466752521331003394
1466791715977707530
1466791816498454533
1466817546259206144
1466836373898334208
1466844279733641223
1466849740386091011
1466905273646338060
1466914621210513409
1466943849583030272
1466959897111715840
1466995450242760704
1467032681296719874
1467720278276927491
1467921123451060236
1468083715662176259
1468661840783855618