1476276454480621573
1476277651106979842
1476277966153953292
1476279650070548482
1476279937963200516
1476280519105019904
1476280613040705544
1476280760508190720
1476280932294279171
1476282344092966923
1476282388208574465
1476284474329649153
1476286501772304390
1476291705435561988
1476293842114682881
1476298664150712332
1476302287115063304
1476311854775418885
1476314387636002820
1476319982094934016
1476362922750361603
1476438327523876868
1476440456686813184
1476441976748883970
1476463140237942784
1476559609762562052
1476568945528348677
1476577874492731400
1476676805985595409
1476701623044902920
1476828469992607779
1476885931030310915
1476914538817667073
1477841986925309957
1480310587779334146