1468325876995530753
1468326121674444802
1468327968187432960
1468329870639833091
1468398612782759936
1468398783964889091
1468398837740015624
1468399143500533763
1468399196562767882
1468399528634195968
1468399748528943105
1468399776458805252
1468404590429286404
1468416949625491457
1468442005432905729
1468530570217070600
1468532671458521090
1468561664576532491
1468672072553541633
1468808325395632132
1468964100352843790
1470864677588590595
1468333391078690824
1468333567692263426
1468333719803080706
1468334292682092551
1468336846820282369
1468343817476710413
1468351159769436160
1468372345492582403
1468384468050190340
1468386853548003328
1468389838894338054
1468397789902249985
1468417059092529160
1468439832384970754
1468442052040044546
1468476706281426947
1468484416737624068
1468524822565109761
1468552537976590336
1468592924422201353