1466120651018694657
1466120655095549957
1466120672116187138
1466120693918183427
1466120789707530245
1466120797064466436
1466120937208627202
1466120966434693124
1466120979046813699
1466121020876763137
1466121159632637952
1466121190414512129
1466121193807757312
1466121208244625416
1466121235658645510
1466121379326136327
1466121417875812352
1466121440495747072
1466121462889304077
1466121473073070080
1466121495394996225
1466121678946250752
1466121878011928577
1466121952502841345
1466122028243685381
1466122043028606982
1466122068043472906
1466122138079875073
1466122151451234309
1466122161412882441
1466122233936592905
1466122298264633350
1466122440904519685
1466122684870365191
1466122848636919814
1466122862008279043
1466122888860291074
1466123147594194944
1466123201575071748
1466123306143084544
1466123315613822978
1466123398594105346
1466123495973302273
1466123524121239553
1466123533487071236
1466123560842264584
1466123634699915267
1466123637367336962
1466123655423959048
1466123686403096582
1466123727293329416
1466123812315955200
1466124015597199362
1466124092772335618
1466124137756348421
1466124410218242050
1466124581312237568
1466124632248004611
1466124696156573697
1466124717174104064
1466124734181961730
1466124737382268931
1466124864440483844
1466125042408902659
1466125382415880194
1466125519615787009
1466125541614915587
1466125600213680129
1466125628659445768
1466125652847779841
1466125714982273025
1466125851032899585
1466125854870757384
1466125856892403718
1466126531835670530
1466126821129441282
1466127055431471104
1466127128622026754
1466127138524909576
1466127576888344576
1466127709931773955
1466128068683124744
1466128227806572545
1466128300561031168
1466128392001105921
1466128469226672135
1466128730862985218
1466128810169053187
1466128928024805376
1466128997058682885
1466129231155503106
1466129329117663236
1466129459711512597
1466129496432685057
1466129822170722314
1466129881226526733
1466129890370015246
1466129972406497288
1466130217706004481
1466130229118873603
1466130368805761024
1466130490742689792
1466130494551166978
1466130635148468224
1466130980465434628
1466131267108356105
1466131570767581187
1466132121974497283
1466132519699595271
1466132611223461895
1466132746049396746
1466132908436074514
1466132922331770894
1466133226175569922
1466133273570996225
1466133313991561220
1466133417079234575
1466133437828538370
1466133475635957764
1466133583010041857
1466133734755913734
1466133975563325441
1466133999630258177
1466134369073078274
1466134620689235972
1466134850356846600
1466135017193713671
1466135443381104641
1466135861527994371
1466136023398686720
1466136215774715915
1466136590212816898
1466136957885419524
1466136981902143488
1466137189557751808
1466137962429784068
1466138001184940033
1466138001214431236
1466138130994634761
1466138402491756546
1466139687643353092
1466139717645316102
1466139822251204615
1466140294571696134
1466140494900219919
1466140954352668679
1466141212168134674
1466141967591481344
1466142069496463367
1466142728568328200
1466143617135747074
1466144217835585541
1466144328871522309
1466144497948102659
1466144766706470920
1466145089890181129
1466145259809763328
1466145565822046214
1466145715193843716
1466145933226242049
1466147370979241993
1466147841521246213
1466148029157756930
1466148105087242248
1466148413230272512
1466148578217234432
1466148913409409024
1466150002254745600
1466150548789420045
1466152749771501568
1466153290035511300
1466153373011431425
1466153499922776071
1466153700099952640
1466154455972331524
1466155715513532423
1466156497080041475
1466157253547991052
1466157618058178560
1466158132338458624
1466158153557499913
1466158329529442304
1466158996901937156
1466159199260491776
1466159968667803652
1466161926929539072
1466162024484904961
1466162283286085632
1466163056967258119
1466163318725435406
1466164348720713733
1466164419625472002
1466165029338849288
1466165149425799170
1466165213967917060
1466165350068895746
1466165385682694146
1466167448995045378
1466168493145948163
1466168772503474185
1466169129623244811
1466169878709219333
1466170500888072197
1466172426677469184
1466173962447208449
1466174116038422528
1466174117502078979
1466175844678832133
1466176256819482624
1466177543879282693
1466179537331494926
1466182599542546433
1466182907752587264
1466183338272735243
1466183411375112194
1466185886517760004
1466187607084134403
1466191019897245696
1466191717539926017
1466192337458151432
1466193047839023112
1466193649474195460
1466194820473499652
1466195105656627211
1466195190515830787
1466196494780878854
1466196789623619586
1466199585953624068
1466201102064529416
1466203322570919936
1466204490818801666
1466206905148362752
1466207321693073410
1466207944962367489
1466208882758496257
1466211047161872389
1466211077738442757
1466211624646180864
1466211701511102472
1466212402140266504
1466212542695583744
1466212559418269700
1466214475233701889
1466214618833903623
1466216345088008197
1466217483317170178
1466219306677641216
1466220223812493313
1466220833110736899
1466220843336355846
1466223935855468547
1466228359130664963
1466232910231609349
1466233724924747776
1466236194522484736
1466236631103410178
1466243818827649031
1466245534667190276
1466246608249569281
1466247214381113345
1466249883652960257
1466256207547486208
1466256785879310339
1466267104508792836
1466267336550326272
1466268403962978306
1466269870593564673
1466276291381014529
1466283116780158978
1466289879772372996
1466301585240305664
1466312295823335424
1466315756820434944
1466316229426171906
1466325726450401280
1466337055143833600
1466366274246742025
1466375524901658626
1466381541895032835
1466383691349954567
1466391340581896196
1466395747398692868
1466396134243540993
1466400975837618176
1466404199818801159
1466404468661051397
1466412819163852809
1466419167461060614
1466424951976730628
1466428443420205065
1466431461460955139
1466432514088742934
1466443465282109444
1466445085688619009
1466451016509911045
1466456974069960704
1466457873802694658
1466459102352228367
1466465165369561093
1466472247196102656
1466477763053948932
1466478083960197125
1466481632215552005
1466492487422328839
1466496304792621064
1466503673215868929
1466544647497527302
1466568313111126017
1466568537674334212
1466599304869601285
1466639734264922114
1466640190022332419
1466729894298075141
1466748122688860160
1466754225623478274
1466801726661566467
1467136115589230610
1467265742508859392
1467410810230214660
1467625176615378950
1467650971635535873
1468030015090614277
1471324077839183875
1472628084365013011
1466122856618610690
1466123719592615938
1466125070519046145
1466125721667964928
1466126036018606090
1466126249399521281
1466128955560366083
1466131219603759129
1466132975788167174
1466134771323527190
1466139036007940103
1466140969129201666
1466200090083831814
1466203220049600517
1466254282563497985
1466282318943817732
1466316231422713859
1466325636255989760
1466411947709108231
1466471021788098560
1466568495278137344
1466748063121395717
1466182890342031363
1466133077365870603
1466132937737490440
1466144715666075657