1472726172735782914
1472729987631710208
1472739466154590219
1472745083351060485
1472749184960843777
1472774806458220544
1472783239706206216
1472798564954738689
1472800415339196420
1472867611864150019
1472867971236347907
1472881730751193090
1473009539607941120
1473011681039200262
1473028629672054786
1472718860130426882
1472719079458934785
1472721246278279173
1472722843502850049
1472730056925802500
1472774860308897801
1472783271092178948
1472789402308923394
1472718683885735950
1472726222761254915
1472730019843960832
1472774832748122117
1472818845471711244
1472864765735231492
1472867910745997321
1472875306398720003
1472903908347494402
1473191004421464064