1471888155276156931
1471888726737494022
1471888849760620550
1471889537701924874
1471890011087945728
1471891143822610432
1471891382985900034
1471892688685486087
1471896193169084420
1471899363697995781
1471899838551785480
1471900420725686272
1471900587121860615
1471919174113021959
1471935678980239363
1471936948122136576
1471949943384547333
1471981914462556170
1471986958142300162
1472038800805167105
1472068138292424708
1472114567778025476
1472129374946152453
1472157017791942666
1472172680224854022
1472198296064065536
1472239653419991040
1472267356395220995
1472294599750295570
1472318585477509122
1472348997281067010
1472393552088948740
1472634532839018497
1472691038577954822
1472941316023664647
1474103356876484610
1471900474584432641
1471945667270615054
1472038677228490760
1472114572345683969