1466437209981075469
1466437374754234368
1466439037481365513
1466440185034407936
1466442187554447363
1466444509563269124
1466449858051534850
1466452686350393347
1466453709752307718
1466453819731099653
1466469953888997377
1466472898286215169
1466476141691162634
1466481257705971713
1466509688699342858
1466520014454886401
1466578510483390466
1466594608901545987
1466637066981289984
1466678709415460864
1466748026907770880
1467080172096700423
1467703789222182914
1468229881616023552
1470430748964499459
1466440391943729159
1466448586158362628
1466479694275129347
1466467975339380746
1466485122094538758
1466450530226651140
1466468906349043719
1466497323836579843
1466445282019794946
1466445522173005827
1466446205106495491
1466446350967521292
1466447079883083776
1466448212026445824
1466450520940457995
1466451904129486848
1466457233999290372
1466457294221180931
1466465327538216962
1466469899627380747
1466472121987649553
1466472641947217927
1466473425606787086
1466474928140652552
1466475542304239621
1466477988212584449
1466481751941861381
1466486793847537666
1466489501363191811
1466493130639872002
1466500040835301381
1466502936687783939
1466533902147747847
1466536727720472577
1466593572422049797
1466724769127141380
1466747748565368837
1466819390712602632
1466856571456086023
1466931414914539521
1467487715574824962
1466445925379944449
1466447479629619205
1466451142548901889
1466451558845927424
1466452794756374532
1466456915764858882
1466456968785055745
1466469323862687747
1466472713074184194
1466476904265965571
1466678716357091328