1476916863275868209
1476918021054611457
1476916687777763328
1476916855570718722
1476917881992794114
1476923113317273600
1476926098495660032
1476954169848197126
1476954524191395841
1476978601757192199
1476979206579896321
1476982622807076864
1476982653308084226
1476994885014237192
1477116567288745988
1477145210870243335
1477311003306115073
1477592617164558336
1478020325405339654
1478022117610430468
1478027778482135051
1478059666781491203
1478083405229268993
1478099386349457411
1478145826341937154
1478693929650429953
1478778266760753156