1476544921628811265
1476545500065185803
1476545511511531528
1476546185057816581
1476547549024686099
1476550545968177155
1476551470124253186
1476552267893456903
1476553711216467968
1476553932109492229
1476555443933569035
1476557151900422147
1476558996383272965
1476561325392285696
1476563287533838336
1476564083445059585
1476565256818200577
1476566984233996289
1476570955006808072
1476572624478216194
1476573956626911234
1476577936555843584
1476579983015378950
1476585452182384644
1476590066088747018
1476590849995812865
1476591973704294402
1476593391316123648
1476595863527075847
1476600450476564484
1476602522710134822
1476609086934470667
1476615134399238151
1476615945015595029
1476636035522121741
1476641316792684551
1476657322801995776
1476664476665528322
1476672194898014211
1476677345024962577
1476679407133769729
1476687100762157072
1476687190780309527
1476691126014955524
1476702790198173699
1476705359892926464
1476720238221742085
1476733168438841344
1476742806328602624
1476777251115053060
1476781882851282944
1476871087023656962
1476874635266375680
1476898609232859139
1476914823191568425
1476933047849152530
1476951076196737037
1476995336694603776
1477114327022780418
1477449601330384896
1477449775737978885
1477624186352799744
1477682495739076608
1477697056701657088
1477942325867429891
1478715474028470276
1476547136137404416
1476547533010841608
1476548634468622343
1476561189337542657
1476563294395764737
1476569729272021004
1476580317297356812
1476582018892849161
1476589615406477312
1476592705618784257
1476603737187635202
1476613708465901574
1476647277271867394
1476655454428221440
1476665520992702474
1476665544858349569
1476697324508389378
1476763482968182797
1476905069178232845
1477059833459261441
1477061957979095040
1477111272609132545
1477136897780555783
1477137454704386048
1477320553006612484
1477681536166158344
1477987151648370689
1479110068666716172
1479340843227963395
1483196227655192579