1476208837271117826
1476265346080415746
1478468278121123845
1476207503369064454
1476208381497073668
1476213867906695170
1476265355177828354
1476207479444934656
1476207674580742149
1476207739223347200
1476207905938579460
1476208321233367040
1476222873161256962
1476208040932257792
1476208375193120778
1476216020863905793
1477271475216429060
1476208240039976960
1476213100630081538
1476215552024662017
1476208752843968512
1476209016489623554
1476209258475790337
1476210444700467210
1476265364304633865
1476209819560333314
1476216018024505351
1476216172240637960
1476210073701650437
1476210355072385030
1476210637046960131
1476213048545325060
1476316401954701317
1478847198980890630
1476210367328051202
1476213004668739584
1476210564271640576
1476211226954846219
1476304349580214276
1476210794480160776
1476211503825133571
1476463563350941696
1476212911815147523
1476265373494394886
1476304453817061379
1476463564646977539
1476211222294974468
1476211658435534850
1476215314530533380
1476217899601780743
1476218665934548992
1476221446536024074
1476223099494412292
1476235806054535175
1476245918068482056
1476245955305480194
1476250249274564613
1476251016341323778
1476257259894177794
1476262261861793802
1476263227847843842
1476263604232110082
1476269975698501635
1476274556830638080
1476275706917056516
1476277056371666949
1476284559276658688
1476285912216739843
1476287558036307969
1476291611940343808
1476310855151091712
1476333435543240707
1476336454771089408
1476363495813832714
1476373431725686786
1476383051882110982
1476414385149075459
1476434680186642433
1476487778326171651
1476505067624841219
1476569277482287113
1476641363005431818
1476874685946150917
1476914874437574719
1477488783142666245
1476211278234497030
1476212825647456256
1476211427882975241
1476212097507811346
1476212786338447362
1476232070720544778
1476258006019059719
1476265337054191624
1476463576743350272
1476211716002353156
1476212685347995658
1476212743271337990
1476463582053388288
1476212604704104456
1476212650744897538
1476212993604165634
1476218990959767560
1476252764888080394
1476463586356908032
1476223475027165188
1476463592031539201
1476213441056628740
1476213703796269070
1476463601930194948
1476214919456600066
1476215187753603078
1476708097741705216
1476215132254617602
1476218451630833667
1476215563009540108
1476215619225796612
1476218791264722951
1476216917581045761
1476218230003965962
1476260220783497221
1476287309431513088
1476424204211953671
1476463628077391879
1476219423878955008
1476220442457350144
1476218616336977920
1476222520088875017
1476238708177264641
1476238950402510849
1476247383294025733
1476255690943569920
1476256511018123264
1476286311409467397
1476295506536153088
1476325516009484293
1476362538980093958
1476372412895838214
1476452564241567744
1479299164399931394
1479663912660443141
1476267207403483149