1476652854450479109
1476707573315379202
1478688329424154624
1476652033180516357
1476652296746385410
1476652378451591168
1476652771780829195
1476652783046696962
1476653054413918218
1476653318713839625
1476653473336905729
1476653761955172353
1476653806406537220
1476653891164983303
1476654115983962120
1476654134271135746
1476654495018987528
1476655283191619591
1476655346684870667
1476655547063672838
1476655589598150670
1476655903508246536
1476656745552482305
1476658391690973188
1476658474520092672
1476658668913537024
1476659780097753094
1476659909123096585
1476660405699330057
1476661044592660480
1476661177279135754
1476664822905581573
1476664976878321668
1476665135339028489
1476665272337580035
1476666150977093753
1476667789515579394
1476668040263651333
1476668068331982856
1476668916625817615
1476672081882456072
1476673676019789831
1476674626889695234
1476675123801255952
1476675157280403470
1476676499340029969
1476677282336894995
1476677914146054145
1476678889770528775
1476679571873439746
1476680067166216193
1476680766130065408
1476687221113688065
1476687907918385155
1476692802444701698
1476702332448608258
1476705006623596545
1476706753228283906
1476709372801818624
1476709901065883662
1476709925460004869
1476719455468142594
1476722850018967553
1476724272450224131
1476734534951612462
1476737865820246020
1476740614389739525
1476740622002229252
1476740722241900546
1476742560257302536
1476744429562212352
1476746235906248710
1476750231928774657
1476753683325014035
1476756394908995603
1476764975645396992
1476768682730610693
1476770001377894400
1476771602431758336
1476786341543219203
1476786871464308742
1476791622008410114
1476816433417838598
1476818353209544704
1476822665587576840
1476825600878858240
1476848264733282304
1476856167473238016
1476870438517153792
1476875669174988806
1476883871727865858
1476885458156089345
1476885497914048514
1476885506717745153
1476889022597316629
1476891269855125505
1476909306519998468
1476913801140359168
1476916943072358400
1476919711334121472
1476925130580410369
1476927914709065729
1476938819962216458
1476939016675205121
1476950179182002176
1476956410244214788
1476957604748402688
1476962864506232834
1476964973574332426
1476968709927354371
1476970659297337345
1476971159145046021
1476981538050883588
1477001217524084737
1477004624326504449
1477016506948931585
1477018184582529024
1477028091822182401
1477054402204631041
1477091794164850691
1477110218165297157
1477126439048601601
1477129897541713922
1477132635654742017
1477219463573430273
1477289458382876672
1477319756265013248
1477377590658744322
1477402579575390210
1477460103116861440
1477497785729499136
1477524247920664581
1477534885271195649
1477638626108448768
1477674364506193920
1477675118885281795
1477676798330777604
1477751878977036293
1478059580026359811
1478100258752065536
1479106499100114956
1482005016227557380
1476703771040174082
1476920339254988801
1477073852580741129