1470800962675609600
1470804190071078913
1470810862676070400
1470814447400804357
1470816655475314693
1470821473073905675
1470821943947542533
1470834083471233029
1470840666540310528
1470850670689497089
1470855361062064128
1470865782867472391
1470873411782119426
1470874823463165957
1470877523261153280
1470883766499528711
1470890711293775873
1470914049265352704
1470924766643200005
1470939361638236161
1470946923523846144
1471018018289377282
1471019113644441600
1471027306613415950
1471238386203594753
1471499047059931142
1472607816221294594