1466090090787004418
1466090176044802050
1466090347520536577
1466090527145742336
1466090830398210061
1466091027719016449
1466091317360947201
1466091595879485440
1466091967385772034
1466092546229219335
1466093684575903744
1466093731979931648
1466094803909816335
1466095243795873802
1466098606222594051
1466100979665936385
1466101024456851458
1466101715736961025
1466104380499931148
1466105486026186757
1466113138873364481
1466113824294150152
1466116177869090819
1466122615798611969
1466133021531283458
1466138535535149058
1466153313942978563
1466304123125518337
1466316220475531265
1466326039420977152
1466448995757211663
1466888845291573248
1467003372624613378
1471876796580868101
1466104776106516484
1466111287205801993
1466111462183682050
1466132880271282185
1466450761999601674
1466096628323033103
1466159947025158149
1466098498949066753
1466282114312069120
1466099574850797575
1466104794402095106
1466112925425451012