1471873693395480577
1471873869145276422
1471873875927465984
1471874140252610568
1471875326762491911
1471876393231429644
1471876541147664386
1471876831196422151
1471880000261353474
1471885973118193667
1471888328224034821
1471888414463213570
1471888935924256770
1471900731149991941
1471904429288923145
1471906816896520194
1471912952663998465
1471942690124279813
1471953955190185991
1471957600249933826
1472038910008209412
1472076659670982657
1472114558357626880
1472198624163549184
1472265443595501571
1472699397339189250
1473077863113007109
1475862337877942276
1478723381444890626
1481562251245064196
1482650075436404739
1471883662677487621
1471883960951181316
1471884250723106818
1471884366846562309
1471884505854132225
1471885427770486788
1471886001673023489
1471886074184151049
1471886444209655809
1471887325550493696
1471893583359791107
1471901058758635520
1471904857913237508
1471918601036828679
1471942344513622022
1471949554090221574
1471952907813769223
1471962780886618113
1471987172525887490
1472001645907116032
1472033874456850450
1472053198391230468
1472059177052753920
1472074658820284420
1472142897097154560
1472151325383315456
1472315702262390789
1472331234017746947
1472654649153015814
1472658643086675970
1472673159782543366
1472913300484763651
1473025414402650114
1473391202393370624
1473443631935668227