1473735321208725511
1473735659827388416
1473735925448548368
1473736066544906249
1473736342043607041
1473736502114930692
1473736555797884928
1473736686114848782
1473738352411267080
1473739988701532173
1473744537566646272
1473747928791588879
1473757210886950912
1473757252666413071
1473763079921934336
1473765287866474498
1473765676250714129
1473766718937829376
1473767766838878208
1473790163692265474
1473791379025264640
1473793919934767108
1473795644288495616
1473799050096832515
1473807883359903768
1473812095091105792
1473818824495484930
1473820983744241666
1473837294348025862
1473837824067657729
1473842021013999617
1473844177964355594
1473846188449411073
1473857138225205256
1473857303212433413
1473863036075220999
1473863348668276754
1473865714373038088
1473867548659798019
1473953020023033856
1473955598580527107
1474006499269750786
1474013683814699022
1474019841078005764
1474029218505838592
1474030914627854344
1474031583451656192
1474068848890548234
1474081596399570945
1474090671359336454
1474093577458401282
1474118835041185803
1474146121433944068
1474413072378966019
1474435101576478721
1474439850954829824
1474472758314680324
1474508753533816836
1474586491045105668
1474740265369980932
1474754234373611531
1475147244173152260
1475243645125148674
1475315884726050816
1475494271071498240
1475681919497035776
1476235532694863873
1476276549796216841
1473738473316179971
1473738809607086093
1473742313474211844
1473742458932584448
1473747309200646144
1473748608830824448
1473749114286489607
1473749313046024192
1473751321433964544
1473761729528180741
1473766799313235969
1473766952439013379
1473770710594207754
1473771777641877510
1473773112009310210
1473773578743160836
1473773880686759937
1473775945593114630
1473784833809784833
1473788287454167040
1473788632427376650
1473789641388142597
1473790335625011202
1473793734248701963
1473794921861718017
1473823127595589640
1473848076620210181
1473877773546569731
1473960308536393729
1474005266903486471
1474006271728758786
1474009881703297028
1474010508013539336
1474011832180527109
1474013262970822656
1474016595949371394
1474028060060139531
1474039598552690690
1474048203720904705
1474056567649714178
1474062888989986816
1474066269058273280
1474066420057128960
1474093741157896212
1474106072520552459
1474124049936699404
1474131702075297794
1474142610486804484
1474143197710495745
1474192478802645018
1474221066138570753
1474237871800619009
1474318473044111364
1474328947781521408
1474379161976418305
1474380812653051919
1474390061177204740
1474404854953123848
1474449165224714241
1474452712632762368
1474457548342374400
1474478643057508360
1474522691755548675
1474533317219618817
1474629860085702661
1474708562349895680
1474709018677551105
1474735655439720452
1474832572379246600
1474832653685866496
1474832823425060868
1474835212362256392
1475002213575626753
1475114007644323841
1475117329864433665
1475143552141340678
1475144337583443974
1475147765210570752
1475155525629366276
1475159479129890819
1475162091174518787
1475163110830972931
1475195131108204545
1475208911158394880
1475221552899764229
1475223806859952129
1475230824190599168
1475236024708214790
1475243881763643392
1475269168001736704
1475278820483731456
1475323256521568256
1475334193995411457
1475344926938435585
1475353074549944321
1475354644427718656
1475423313451175939
1475424138575872009
1475440530335145985
1475441881609904128
1475466398096773120
1475503547823263746
1475512645440708617
1475524177499099136
1475532120869195783
1475550976501325829
1475561257881190405
1475571529010327559
1475584646200979456
1475599968706740227
1475607983715454985
1475610009346129920
1475630384469610499
1475647090281828353
1475700030119972867
1475702412576903168
1475707854984253443
1475800300233625601
1475800689435570176
1475842645553471491
1475875887333707776
1475880678189416450
1475904046716358669
1475908531681435657
1475915740024823813
1475938285759479814
1475939160405991425
1475941147927265282
1475947644467957766
1475982868795072514
1475990969552027650
1475996778168139787
1475999072485974017
1476013946901610497
1476015888893718529
1476020876667674629
1476043182592905218
1476066872403513346
1476089316799614979
1476121811939061760
1476135665096171522
1476138267896602630
1476139066768904193
1476145562890248192
1476154357792055296
1476224918928834568
1476225121056485376
1476225364091277315
1476227111048278018
1476266712928559109
1476271710978691073
1476289502473773056
1476322901091618816
1476329256556843010
1476330214582112258
1476344531964596230
1476355485125201924
1476386714830606339
1476389365089714176
1476393429198323712
1476402871818149888
1476408693667336194
1476447278164582401
1476534412019916810
1476556168315252745
1476560151486283780
1476568091656175616
1476568528941731846
1476586702378520584
1476597664053530625
1476601886375620608
1476605379303788574
1476611301673783305
1476612262173544456
1476618674962325504
1476625797435691012
1476655828966916112
1476659259240697856
1476676137359130624
1476686929278218252
1476689683522498561
1476744804218327041
1476783729729314816
1476786839331688449
1476789815316123648
1476806926373584898
1476885197769478146
1476903173268901899
1476918219726364687
1476918834565193729
1476935224340713483
1476970910955442180
1476978394692653056
1476996256131997696
1477010658273243153
1477016423239147526
1477034034052145159
1477039923479736322
1477069214368292864
1477123357707575299
1477230442914975748
1477309706083438592
1477361863314878464
1477400721402302472
1477402996426301445
1477465931571990535
1477472976782069760
1477532393204502528
1477579452334940160
1477585022857134084
1477604889060646912
1477607478959484931
1477614664553046019
1477682096109928455
1477683215976513536
1477695828164812800
1477738239679156226
1477741492080820228
1477831342846984193
1477837421060702216
1477852125677985793
1477942566637158403
1477995939642200067
1478007160437198848
1478021353127260160
1478034301396602886
1478034770273648640
1478051421778067456
1478060661037019141
1478068063400509442
1478070520293830660
1478090271107788802
1478104242934190085
1478106539663630337
1478112022147452928
1478124603360747526
1478173209514201099
1478216887557398528
1478268109312114688
1478307544518983680
1478358039015088131
1478363417513766918
1478369817254113282
1478378114422038528
1478395073184346118
1478404389954011138
1478416985948139523
1478418228598685697
1478421204566528004
1478453903129657346
1478473605130461186
1478475641800609800
1478493607166296064
1478502041991671809
1478510187300499456
1478542093853331456
1478628184996208645
1478631813572485121
1478719353499820034
1478720350275964931
1478724252647968769
1478727898404167689
1478727973457043458
1478740761596342277
1478758555817844747
1478805342561746944
1478807299158253569
1478808191148376064
1478826725194838018
1478829138899128321
1478838330150244353
1478842876528369665
1478880414769233920
1478883289390002176
1478893916162334724
1478993370668314626
1479034087188963329
1479127370057478144
1479140362228748297
1479157699048841218
1479206401146712065
1479208145947873283
1479249456558133248
1479272042574852097
1479310454627475457
1479339162549506051
1479341104722063365
1479374880994959362
1479407942474649601
1479469026124443648
1479471227949441029
1479482732459827201
1479580829927886851
1479605515072249857
1479608377349005312
1479614087147499521
1479676209294368769
1479676561074704386
1479795730307026944
1479814049181356036
1479825594275745794
1479850705976500226
1479850739921002497
1479881444575133697
1479918972736790528
1479925981360140291
1479932136568336387
1479932794738515974
1479973316874194946
1479979871589728257
1479980431181168640
1480027876015628288
1480151498369552384
1480156198280347651
1480173820858322944
1480279381658505223
1480302814534549510
1480306311577309184
1480326631403237381
1480334261941157889
1480341244505165829
1480368314564108289
1480442505795710978
1480488197998006274
1480501266044407808
1480517844362223619
1480530372538503168
1480547752635342848
1480551455027249154
1480562045498048518
1480570493908488192
1480579460139266051
1480610032697987072
1480612715882336256
1480635686000611329
1480657039801995267
1480657313467875330
1480694610657644546
1480709300670586880
1480714796530126852
1480717469513830400
1480717910712762370
1480729462354362370
1480736816634503173
1480790706293817348
1480795689139392513
1480853728714440704
1480876060321492999
1480908249633378307
1480927147430662151
1480930649083109384
1480930889844592645
1480976713127399424
1480987594850713602
1480989378105286661
1480989412368519170
1481006391955361794
1481014109126725633
1481126306678861827
1481158583370731520
1481188488733093888
1481202184754765826
1481254852789477385
1481261575654850566
1481276151519752193
1481280153992978434
1481297024934989829
1481313346095824904
1481324513145102337
1481360351346180102
1481368951762284547
1481423872343879685
1481456621327089664
1481463195042816000
1481489722518040576
1481591308586258434
1481608483023822850
1481629986901610499
1481696842165276673
1481702400515874819
1481703379604701185
1481770892761915402
1481772663743946756
1481782534505570304
1481817458390487050
1481902350562467842
1481909354353680387
1481944292553895938
1482022189654151168
1482050234133975040
1482080122387709954
1482083791657213955
1482151692346949633
1482187582259830792
1482281547193626627
1482373253633126405
1482388213088014341
1482388905102127109
1482431085137084423
1482481953693745155
1482545628198719489
1482663536912384008
1482690531633385472
1482705279879979010
1482708619682619400
1482708810976346116
1482709095836794882
1482709236387921923
1482709762076823556
1482727351452581899
1482728301894451202
1482729947042959361
1482818369694973953
1482828427145056256
1482859916138328068
1482900221386530818
1482902103110606851
1482917955801395201
1483042890549014530
1483078239765598210
1483097215732269061
1483098679292616708
1483127968482398212
1483134471780159488
1483135909209907201
1483157720794820608
1483158813649915907
1483182161087774720
1483190250587385856
1483195288089202690
1483209165971591169
1483216938901794816
1483255970818056192
1483278395026857985
1483410438784172038
1483429045828153344
1483430658592493572
1483435459153965062
1483436444710576136
1483438829759574029
1483465717148270600
1483469873204318214
1483487716427902990
1483502499420114949
1483502596153303050
1483508874439438336
1483508876221710340
1483541984061100037
1483548947083894785
1483587986289799173
1483590938823782400
1483598245532028931
1483618745926959105
1483673311091601409
1483673702382411776
1483776246874001410
1483911267408494593
1483911511496175617
1483935710117724165
1483937783664156672
1484024173819318273
1484204217497759746
1484259816495370254
1484301013137993729
1484303133639684098
1484329873619361797
1484426777455996928
1484503602433560579
1484510020821684226
1484534262204448769
1484550431124639744
1484552181801963536
1484570661909577729
1484589833167286272
1484590471183695872
1484593216162865161
1484663886057988099
1484664182498803715
1484666136549539843
1484689131749978118
1484709773828411396
1484743472649097219
1484819203601350658
1484862733661220865
1484897083521843204
1484922605513715723
1484925610128551949
1484998755535384577
1485000708772569091
1485230041386700802
1485259549829484545
1485332871736930313
1485357289397633024
1485357369085153280
1485433590812921861
1485436832804478979
1485488989402542080
1485591428004679680
1485595318918000642
1485615594045018112
1485621495355383809
1485674984198578181
1485745666978721800
1485749175107002371
1485771007092793345
1485772710353461249
1485813913795112963
1485826420462915585
1485876013468827650
1485933855995572228
1485948152553345025
1485948421445926913
1485958461133570049
1485968755846955011
1485977002456887296
1486002242926825475
1486061675216359429
1486207730524114944
1486254338355998725
1486313364934598656
1486364844035088384
1486372916136759298
1486394138576576512
1486463180532506628
1486745516243398659
1486837646206849024
1487046994598236164
1487047997087264773
1487049364870733830
1487126879807197189
1487128534430609409
1487152160316051458
1487157320983494666
1487250753052119040
1487274323748347911
1487522948353302529
1487543621951930368
1487553406805889035
1487583095234736132
1487855803449200645
1487877853731450881
1487938947464536066
1487972040271437831
1487981920700932102
1488199256594796545
1488255936175099906
1488284181683712002
1474020976136372224
1474038367880810496
1473746153455894537
1473747310932893704
1473772245596188681
1473789136184254470
1473793340797710336
1473895109045342212
1473910756424835072
1473946963708354560
1473994183711023110
1474042013947334656
1474056412871417861
1474073469247709187
1474093852898304006
1474130048391204866
1474143273224585216
1474318575938818050
1474329564360982546
1474365854737383440