1473670336172466191
1473727685180502023
1473795215152480256
1474108012822421504
1473670508789092360
1473795163348553728
1473670706709807109
1473795126388527105
1473670944107503623
1473671444257296389
1473671776232251395
1473671924488228868
1473673039904657413
1473684536420675601
1474532214805196800
1473671173401714692
1473671928019832839
1473795080381100032
1473672083402014724
1473794986181230592
1473672371630452744
1473673236491681800
1473675869830877184
1473794947077722118
1473672599389548553
1473673239402618885
1473673241197699076
1473794888290373634
1473672829304545282
1473794832665436162
1473840262497464320
1473673114563272710
1473675069494902791
1473676423135211532
1473736410771374095
1473740839356612608
1473794537214545920
1474112858258616325
1473673667024506885
1473676006946918400
1473687132803936274
1473705154734178306
1473732623356862471
1473794490993287170
1473838693186031616
1473794445258616838
1473674012362477574
1473745053684154368
1473752857253924864
1473794372399362049
1473986413666390016
1473674164598972416
1473674251572023313
1473674306324475910
1473714154091524103
1473794332998004739
1474055562241495040
1473674404857008146
1473675462949974020
1473675467605647368
1473794292980219904
1473674636546220044
1473675484160565264
1473794239129538560
1473674932647346184
1473794178937024512
1473926750514126853
1473675079305281536
1473675477663502348
1473675825430114305
1473926752825233408
1473794093394247680
1475091978572423170
1473794004923740160
1473685522878980105
1473686755832389642
1473793922040098816
1473676417401561101