1474163637950378002
1474163686285758465
1474163703482183700
1474163821333909507
1474163877554188304
1474166899776892929
1474168117664399362
1474168649921359879
1474170020540215323
1474170560192069635
1474171726598533134
1474172827062448129
1474174709109387280
1474186497184182279
1474187449194758145
1474192063352741889
1474198563550760961
1474201323235065860
1474201954326745090
1474206688341282842
1474215817726283804
1474221870161567744
1474230386888781824
1474232060122480641
1474234939457556480
1474235705941504005
1474237908366540800
1474263113755201540
1474318502949535754
1474328971022155814
1474338845613301761
1474366570675814401
1474379194826113052
1474388623025967107
1474395829536493581
1474416352609902596
1474423143217475586
1474434683568070668
1474454537578500100
1474470647724232712
1474471035844112384
1474476481564790791
1474516679191412742
1474533393560129539
1474697633465872384
1474701162200846341
1474747396378828805
1474793078821171202
1474793235780358149
1474883116774961152
1474949815482171392
1474995035284414468
1475128231099613192
1475155177242075141
1475228739093123074
1475329390917599232
1475366561229811712
1475432197226217474
1475476626225967105
1475606175160877060
1476744269771812874
1479676434784264196
1474164745284595716
1474165205093347329
1474165515153076226
1474166445542096898
1474166666774913024
1474168227353792513
1474168234949677060
1474168420954304529
1474168586667184129
1474168776568586245
1474170613224730629
1474171847369322508
1474171864771489812
1474172650532573184
1474172747702050819
1474173037251637251
1474174303398674437
1474174681775325184
1474174746870878212
1474175934555209731
1474175972626898946
1474176038397751297
1474177169467314184
1474179235568889856
1474179319899561988
1474181876864757765
1474182547810697218
1474183483245445123
1474186448513519624
1474188003547430918
1474188949690085377
1474196590164283392
1474201528131100672
1474205058535411730
1474206081136029699
1474236732409356288
1474246336543404033
1474248751040638997
1474258784356864000
1474264098221166594
1474276615244898306
1474318144433012737
1474324860323217435
1474326597696163840
1474347953930317824
1474349451313561600
1474352237463879680
1474368497920655370
1474369511310741505
1474369845076672518
1474378384071344138
1474379051326341126
1474379497164128278
1474380318291411012
1474384056607559680
1474391854628093953
1474398473701187594
1474400037916528647
1474403190707822602
1474410366759100418
1474411809633452034
1474417730577174529
1474424955806703617
1474427383876829186
1474437482917806085
1474439375350026251
1474441391157690370
1474461152587485199
1474478605027753988
1474508721120329730
1474518427565912066
1474519251109265414
1474520707589709829
1474532689155919874
1474548772906708994
1474578321321172993
1474603709166493699
1474642312244473865
1474685257601277953
1474749468561997824
1474785854409302020
1474879760228573184
1474999330033573888
1475147183636819969
1475151162676596744
1475155699630055434
1475162673948119045
1475190927761330176
1475243587646464006
1475279365147705353
1475289980386017282
1475315801917906946
1475326114373505024
1475440339821412353
1475509112767135746
1475520446573522951
1475521932766314500
1475560046415302662
1475595952631263232
1475599485489188869
1475639040607068163
1476000320056659979
1478715604500717571