1471476294315511810
1470748659964948489
1470723568509992961
1470723765025665026
1470724257168637952
1470724751618412549
1470725470119510023
1470728063524777993
1470730022193606657
1470732012277403649
1470732815557967882
1470743571615698950
1470752616241983488
1470756002345541634
1470758918716633093
1470761134256967683
1470775911029084160
1470799934777696271
1470800640762908675
1471003157237051392
1471070302687875072
1471074522543665152
1471082067198812161
1471087279783354369
1471199910909427715
1471363710266396677
1471404698208927744
1472990938272354305
1474367962496729091
1474651919373193216
1475169816344367105
1475334614818471944
1475335885365420032
1475336248768311306
1475436641472950276
1475871556249452549
1476323435102220291
1476510160768012289
1479971687349329924