1476629425391210523
1476629436455923726
1476629638394880010
1476629677993246721
1476630423455379467
1476630868814811137
1476631217759940620
1476631621012889600
1476633559473528842
1476634008972894215
1476635418946793492
1476635654499012609
1476635850368688131
1476636040546996236
1476637233692225545
1476638228459528197
1476638687106670600
1476640701689610248
1476640891901476864
1476641187930984453
1476641764811419652
1476642336331415552
1476644367037349888
1476644372087201799
1476644862569054209
1476644915975266311
1476644960325693442
1476646096852054030
1476647153099436057
1476647478413996036
1476648273083568138
1476648938723700736
1476649000526827520
1476656432581853190
1476656782550384640
1476656822421495825
1476670771099418625
1476674487278055426
1476675531273867266
1476682726551994368
1476687329272254473
1476690345903550475
1476701815093800960
1476706964621070339
1476707248227323917
1476712323452702720
1476712608291962881
1476714368167518209
1476723008567865345
1476729938132848641
1476733493191319564
1476755554085261317
1476756705006473235
1476769046007791622
1476769396731387906
1476776811170127874
1476779539023990784
1476781495205318661
1476784709237559296
1476807274479902760
1476808779706556421
1476818667711041540
1476821993211117570
1476822258224021506
1476825589059399680
1476826601430171648
1476828393803075613
1476844452442304513
1476845259124527106
1476856620604923913
1476885629845716992
1476890611684884505
1476902526561636355
1476936866469498882
1476965852327075845
1476979716623982593
1476980983324762116
1476995042271277057
1477018993173090308
1477066859967139844
1477535032751411202
1477604645740679171
1477638667283968002
1477677427568660489
1477907294633533440
1477939351749287937
1478100366461837312
1478173193647136768
1478305323203141632
1478309015763533825
1478309650764345344
1478789065910620162
1476630502392012801
1476630583031832578
1476630676745199617
1476631066307792896
1476631919144038403
1476637305477734413
1476638769579180038
1476641791680163843
1476644535686111237
1476667421444358150
1476678681917591559
1476825592888799240
1476885665061105667
1476906139971461125
1476913909269413895
1478789102057054209
1476634598385848325
1476634662013480960
1476635626535542798
1476636283124465672
1476637502777794568
1476642940080603150
1476656161118212096
1476658395356803072
1476669407560622091
1476712354205290498
1479235833387532295
1476640975938220039
1476641734905974785
1476642174775316480
1476648246898421777
1476652582399614979
1476655541317419012
1476658701142482950
1476664192409157637
1476665031530094598
1476676792836628490
1476685795587026965
1476691599794925570
1476709761169207296
1476715100463583239
1476825596860813312
1476827374222299149
1476885597088223237
1476887695808938007
1476913862494625823
1476931653167628290
1476948192734466051
1477534924831969280
1477674441853308931
1476642531656011777
1476647077174202368
1477513962044362752