1466452352873865217
1466454788841820166
1466456239202725889
1466467097211543554
1466468796374335496
1466472367547465730
1466518327308603393
1466753950825263114
1466458522699255812
1466460846754865159
1466462002457493505
1466462211367448582
1466463316801462284
1466463853517193222
1466467590323286022
1466468712945434625
1466470467112513537
1466478337367416836
1466497356011130885
1466522186429120519
1466541601967132673
1466669198155915267
1466676097295306752
1466679069051924482
1466735996624683018
1466761740520206340
1466800393808187401
1466851310947471360
1466912605419622400
1466931937218465796
1466951891477225480
1467087957492387845
1470618371095818244
1473274283874992140
1473278660882968579
1466459900788109312
1466460571071500288
1466460918942892035
1466461055983439887
1466461237701660673
1466462898218274827
1466466276897964037
1466466758315888642
1466466950909935621
1466467117000273925
1466467262752301068
1466468011016134656
1466468750048251910
1466473807632343041
1466487009338269698
1466493827166965761
1466545826348425217
1466640343852621825
1466678723449606146