1471657024299704323
1471657284573044742
1471657702111817729
1471657986594676739
1471658081922654208
1471658303302385668
1471658629774331911
1471658787459121152
1471658983828058113
1471660689135742977
1471661287897956353
1471661713019731975
1471661877486923780
1471662090699956224
1471662516866584578
1471662944463335426
1471665382998134784
1471665875870789636
1471668754010546178
1471669113772822533
1471669262045564930
1471669562789793799
1471671960090427396
1471673502289719302
1471674103295889409
1471675327411900424
1471676350301937669
1471678013892972550
1471680814739951621
1471681671384682500
1471682931387080705
1471694383376441345
1471694944490430465
1471698047868588034
1471707099948367873
1471721646306201602
1471746257534308359
1471791098737659909
1471806432685211659
1471811923100454915
1471823899339886592
1471824633653567490
1471828907565400065
1471842220487725057
1471863688743116801
1471869035046334464
1471872593284280332
1471877325473992707
1471910588175552513
1471910658467840001
1471928170878226435
1471942388528603136
1471945379558133774
1471946279227854848
1471949580266786822
1472032627108495363
1472208306257072129
1472222255639838722
1472223241762652160
1472678811372249088
1472765177183580163
1472950068827275265
1472967110804529156
1473416729409691650
1473991366283870218
1474007187647348741
1474079407300136963
1474082806678671363
1474097893174820871
1474125545898012673
1474397345118765060
1474401665692409859
1474507382671781889
1475453104627671047
1475904316473061379
1475994673432993794
1478731183697510408
1479186682163478538
1479378773690699784
1481110298975166464
1483764350171156485
1484162484692869122
1484281871357788161
1485403402402242561
1485509384679555072
1486807642781720581
1471657354483675142
1471657755350085633
1471657764195766272
1471657945351995399
1471658174549663745
1471658525378109446
1471658664503226370
1471658749731524609
1471658759390777344
1471658782761570313
1471658849945985029
1471659042036584450
1471659070700535810
1471659806788399105
1471660194501386245
1471661046771466244
1471661613442813952
1471661947938562053
1471662175601119236
1471662625876590597
1471662812883783684
1471662934090608641
1471663983912525824
1471664166674972675
1471664787729760256
1471665322755194884
1471665413780119558
1471666591653928960
1471667022610186251
1471671005114474499
1471673291215564801
1471673746457079812
1471673911712509952
1471674130223308806
1471676979086778369
1471678727063064578
1471681065827897351
1471681521429979136
1471682479291572229
1471687298018422784
1471692840845684737
1471692895585509379
1471693331059167232
1471700966533648397
1471703732551241728
1471705018382360577
1471714280676343818
1471737360056389632
1471739725190811648
1471752271155412994
1471766073896800259
1471768804887834626
1471791124943716352
1471799502554243079
1471835704678395911
1471843788687646722
1471848015036141568
1471850594772176899
1471852894202863619
1471855628960387075
1471861278641733632
1471867044987551749
1471877582551355395
1471908674142621697
1471913055239819265
1471976359316664321
1472038973069578240
1472106881711751169
1472222860030717953
1472379070499278848
1472409769935736833
1472670141188083717
1472673173145636876
1472690788664500227
1472938730432471044
1472963106179538945
1473026504917458954
1473076354128220161
1474025473332105217
1474068947976830989
1474075902384476162
1474076104675807238
1474079645200957442
1474084558807183365
1474084841499078664
1474084992158478349
1474085531978027016
1474104353040461831
1474128799855951887
1474154171318378504
1474393275549159426
1474833365027233794
1478194311724421121
1480022071383969794
1481110405896458243
1484494457328345090
1485405776797646849
1485509510470914049
1485596208097902596