1470423521050378256
1470423730153308160
1470423864375083011
1470423967169056770
1470424346376085505
1470424621581144073
1470425082031923210
1470425623353044992
1470426565007888384
1470427224172072962
1470427793229901827
1470428207212027920
1470429422347976709
1470430753687224330
1470433607898468354
1470434459107225600
1470434771830554632
1470442286576062467
1470453830202630154
1470459573391745025
1470463124830515203
1470464430521688068
1470468570194722818
1470472714918023173
1470474329586647060
1470475321065492489
1470477246272094210
1470495391753900039
1470499594597552141
1470546925610946560
1470596515668365317
1470664963115163651
1470684975896928264
1470733394594127874
1470745275362942978
1470779050331455495
1471327906630623235
1471499104576438274
1470432377797332993
1470432418771386375
1470432467622445068
1470432469715501058
1470432508433080323
1470432597276704770
1470432696908148740
1470432702872494083
1470432768475779077
1470433698285768710
1470433761909219328
1470433765520461826
1470434245286023168
1470434314420723716
1470434585813020673
1470435147942146052
1470435394755780619
1470436676573052931
1470439452770123777
1470442074759696387
1470442520219901956
1470444355542564865
1470450890708508675
1470453454787076104
1470456582085427203
1470464882206289922
1470469253707014154
1470470262797733890
1470471241941225472
1470474376986378241
1470475207039229953
1470488925580017669
1470517629416886273
1470557359013433349
1470574768642400263
1470651342154776577
1470723272534855683
1470724464501534723
1470729280388800513
1470731065589473289
1470731348478468106
1470747398540562432
1470748455689728003
1470749862346076166
1470774903758594061
1470827533323190274
1470832584980504580
1470834859958538240
1470873346149687305
1470902571065876488
1471180619031982091
1471180675139129358
1471873182051102730