1473644926286110728
1473645336929480704
1473645447977832448
1473645660629045249
1473645901579276291
1473645918004158465
1473645929727201283
1473646562408554504
1473647007097139209
1473647182267965443
1473649946846842880
1473650884173340679
1473651029879279624
1473651892173557767
1473652002571927554
1473652576759558149
1473652647345410050
1473652752802889740
1473652830091329542
1473652966892740611
1473653197562597379
1473653297835917315
1473654476036837377
1473654705171615746
1473659041595461634
1473663256732577799
1473664320265494533
1473665586441900032
1473668052264931338
1473678505984602138
1473679808899002371
1473683311285485569
1473691857288937478
1473692930896498701
1473697182826078229
1473704853654409224
1473726833245962261
1473727070316417033
1474006608862715904
1474209751772844048
1475315960630415363
1475818524845039620
1473646337916911619
1473646469840257024
1473646550714773504
1473647206603309060
1473648069845602308
1473648107216936968
1473648164783677440
1473648242508316681
1473648468321308674
1473648930642710535
1473648931770933253
1473649075849469952
1473649135677022212
1473649163212570630
1473649334843584512
1473649404192202760
1473649478481727490
1473649731578519552
1473649813883437058
1473649857961340936
1473649909601611776
1473650079642832902
1473650207820685316
1473650236740493314
1473650290553503750
1473650439585349638
1473650524364980229
1473650546447986698
1473650793253380106
1473651015828357123
1473651327947493380
1473651598630998020
1473652735857864704
1473653020995072002
1473653307113623554
1473654132254953473
1473654132431011849
1473654180074115080
1473654350060810243
1473654950815322119
1473654958713102339
1473655360011612165
1473656422906871813
1473656690390228999
1473658867909283841
1473660123637764098
1473660893477195789
1473661555032137729
1473666109496872961
1473666581712494595
1473669068922114051
1473671612931227651
1473671726525562882
1473672301598097417
1473683199817658377
1473689291683516425
1473693678308925446
1473699138525188111
1473699169319669760
1473699795416109067
1473704034066382853
1473724194080837634
1473733459378151424
1473740857203470346
1473743832391069707
1473795178741870601
1473795220617629696
1473809475719122944
1473844260784988163
1473926390017933313
1473996923619004418
1474006555402063875
1474012182333595652
1474013715859181571
1474017379092893698
1474025097329582082
1474026349530656774
1474049426809184256
1474063588377579549
1474068477849718799
1474079620899082246
1474093620332478473
1474202507639283714
1474293285762093065
1474294465435160578
1474497448378724354
1474615646704963586
1475106963906252805
1475315925335396358
1475781901696839681
1475883708544659458
1477427445582204933
1478715738080919555
1478840596466786304