1472235744420900869
1472235750288592896
1472235809206153219
1472235976193757185
1472236025271308290
1472236710448799749
1472237105774485504
1472237610265300992
1472237696965914628
1472237720328146949
1472237880349184008
1472238199133114374
1472238298395549704
1472238669402673156
1472238911422443525
1472239986019737608
1472241065243648003
1472241088706621447
1472242174335107077
1472243949024821261
1472244534897561604
1472244822685663238
1472246306777317379
1472247242107064320
1472248533696729089
1472248533738741761
1472249295994773516
1472254589604974602
1472259583452356614
1472261261593296898
1472262470416932865
1472263211445534730
1472268385882976261
1472270900510826501
1472270955409862656
1472276510283292674
1472278022275289091
1472282677277507593
1472286351416602632
1472286553200279555
1472290518419881993
1472294395084955655
1472301321050935298
1472314441731608578
1472314501378854912
1472315829546934273
1472317174836568066
1472328888579768322
1472331220226920451
1472332116130033664
1472346740577628160
1472358411186675713
1472380280078053390
1472386148496404480
1472392806127783944
1472477033926213636
1472481001653821442
1472573582513483786
1472576793982951426
1472587341357277188
1472610060413009921
1472616038495707140
1472633891051741202
1472653070764961793
1472715937908342785
1472726983964606468
1472728991710826497
1472731315334262792
1472754314145898498
1472763716487680002
1472792932272988163
1472797626336694281
1472882236462710784
1472924944157839371
1472939854501666817
1472951397436043269
1472952820492034049
1472957634860965904
1472961280277422080
1472979799916351489
1472991678067662851
1472997643467075584
1472999833267052549
1473003455023251457
1473005558907039749
1473006483419787267
1473011706947268608
1473030611673628675
1473065442642071552
1473179148105383937
1473298649262264324
1473298762382692361
1473386266079027201
1473543313512812550
1473692071156453385