1469336244358299651
1469336600102551561
1469336606066843650
1469337981269983234
1469338267828973568
1469338310032171008
1469340731345182722
1469343520104357894
1469344533204844549
1469346360021295104
1469346720899289100
1469347686356770830
1469347763506884609
1469349222503927819
1469350084244652041
1469353494511456258
1469354183488909323
1469354880871501825
1469361366142099463
1469362865232650245
1469369635464269831
1469370606030360585
1469374959159963648
1469375132145635330
1469393733787566081
1469442049736798209
1469448719619837952
1469452424339509259
1469553190060244992
1469577739380342793
1469678876108468232
1469696098579226631
1469733310855319556
1469789582132715521
1469814579198894085
1470010592496918533
1470121128387567621
1470496914831519748
1470795292245213184
1471008056083365893
1472169026377895938
1472170975617818629
1475878652436877313
1479676786329874436
1469504345544609792