1468298474114338816
1468298852512022531
1468298918916206599
1468299065595207683
1468299154061467657
1468299894519734284
1468299919291306001
1468300333994627076
1468300660898549766
1468300751269253121
1468301255055495178
1468301380586819589
1468301559901556736
1468301606944919554
1468301784254857217
1468301920888659974
1468302374079025152
1468302753575358465
1468303464367214595
1468303505391689728
1468303699537645568
1468303763521691650
1468303819347935234
1468303920934043650
1468307050908164096
1468307119665709056
1468307288414900239
1468307779119161353
1468308182523002886
1468308608936992775
1468313761580736516
1468318823359025155
1468319535501615105
1468336284745834497
1468345110182051843
1468349744292319233
1468350674400251904
1468352621219958787
1468352649313595392
1468360187039866884
1468367504292544513
1468367844744257540
1468371086085697539
1468390847569870858
1468401340191698945
1468410301573910535
1468429407970758658
1468454493322825730
1468466579998343168
1468478942059241476
1468487471780573184
1468487661333757956
1468490679575879685
1468562341478420480
1468581726859542528
1468582681801740289
1468583612547158018
1468592792196816899
1468600538753286149
1468605427633967104
1468613207338086400
1468638595753861130
1468651400741720075
1468662116366405633
1468664794408308737
1468797334511181827
1468960707496480777
1469041813021331456
1469272095834136576
1469331448238858245
1469359704807809026
1469460966253350915
1469776139455455241
1469776242614362121
1470948759190351874
1468305978760339456
1468305990860820480
1468306478675247108
1468306608124055557
1468338533626785794
1468402978344349700
1468559066666610688
1468669355210780674
1468686605087039502
1468743897761341442
1468966320402145280
1468982504795389961
1469011881696407564
1469058546193121282
1469061466464702469
1469062481305821193
1469274559069237248
1468305980710600723
1468306020300693505
1468307848446812170
1468309309696225284
1468310693837299714
1468312489989324802
1468368466520559619
1468306574019989505
1468307207221616644
1468307265128181763
1468307947377754113
1468308023097671684
1468308406138253314
1468308707947786247
1468308844044500994
1468309058994294786
1468309208911073288
1468309484825190406
1468309496166596614
1468310043854524423
1468310116114046978
1468310220808015901
1468311224110620675
1468311413110099969
1468311520593551360
1468311549060300801
1468312068004532232
1468312436243673091
1468314177508941834
1468314822252978176
1468314977543106564
1468317857356578818
1468319134152855559
1468320341013397504
1468326930491580419
1468328868402585612
1468329404875087877
1468329823747526658
1468329834283769863
1468331357382184967
1468332469850021892
1468346997501575182
1468353338559377409
1468370986613497861
1468377358092705796
1468378095392632837
1468383244437520384
1468385798139834368
1468387065741996032
1468396560895651840
1468402911625588744
1468403146342895616
1468408170922098688
1468415203851128832
1468415438371667971
1468419440261967873
1468426935990722560
1468456172613214208
1468491983450611717
1468498461779578881
1468536320419053574
1468558995560570888
1468562079443558405
1468565527970856962
1468576101056323595
1468585899437047809
1468585951278551046
1468588881675268100
1468603884541288453
1468631401440419841
1468637187570868235
1468640789186056193
1468669326857318402
1468686547490906112
1468694775704420352
1468694880738177024
1468696544165732358
1468743866866098185
1468768895142084608
1468778560760557583
1468791152899985410
1468796635803271180
1468797871478685697
1468950567686975490
1468951218319888391
1468955168049819666
1468966234154627077
1468982477972725767
1468994496595738625
1469017860416720897
1469030014050000902
1469058517587972100
1469072154939604994
1469240270860476416
1469274526353666049
1469310309999521792
1469379005732114433
1469461087053651971
1470393151349309447
1477866718571622402
1482847717806129152