1469743164391047177
1468608742509981701
1468606917899608065
1468608442285936648
1468610826982473731
1468611834899058692
1468611877538304002
1468612580604354561
1468615027691241483
1468617328870973446
1468618608347541512
1468620388544430080
1468647837575434240
1468658369120686081
1468662754168946688
1468690260301434881
1468743492218281984
1468744704997175297
1468814938395213824
1468830163378970624
1468845118769840128
1468610857114374145
1468610105700765700
1468612038163243015
1468611234740248576
1468615584262852616
1468621773868781572
1468611110362238978
1468610956850864133
1468610994767384577
1468612241671004160
1468612252660080641
1468853355736928258
1468611296513961999
1468853371612319745