1476284006148698113
1476290423844864003
1476297966059094018
1476313599563997184
1476343280333991936
1476348607372562432
1476348872347860994
1476427540126334976
1476449553159122945
1476625126535970821
1476783989490921486
1476828373351649280
1476885894074298370
1476294195610456066
1476294336698626056
1476295639185174534
1476296846351863808
1476297305993011203
1476298450748719109
1476298553182011392
1476301578239840256
1476305950038441992
1476315351243653120
1476331671972720641
1476334941113921539
1476342833216901128
1476343079066079235
1476344721157115907
1476350633599029249
1476354496250982401
1476355885035261955
1476363633361829890
1476388393525387275
1476402118592499712
1476407728700637186
1476415453992202240
1476503874387148801
1476510158960435205
1476510392117460995
1476528823055400961
1476533715601965059
1476541778484416516
1476559161706037258
1476561573032386567
1476564483283816458
1476568738283597832
1476582333352275969
1476614908473131015
1476625945356210177
1476701848660762633
1476885858141696003
1476914495838724098
1477535253354983424