1470861619672621061
1470862192274665473
1470863315962417158
1470864893393838083
1470864896577310721
1470866644767547395
1470867348349464579
1470871282048712708
1470873322422509573
1470873805748846594
1470873910803582985
1470874344029106178
1470894562008784902
1470896448703135745
1470898993790132230
1470900971488247810
1470901142523580416
1470922675568717824
1470934871484735489
1470935997009563655
1470947901417443330
1471000113229307907
1471027340482383872
1471051725557538821
1471069118774321156
1471111122384216077
1471115492593184778
1471120389401153538
1471126657138311170
1471129821761605632
1471130955024781313
1471142496079998981
1471146042313695239
1471158819392655361
1471192259248857092
1471192871390773251
1471216313452408842
1471219928091013122
1471220425325793281
1471261705497976836
1471298425698148355
1471997358716211211
1472702624386338816
1473831510641942533
1470867804693823490
1470868059292373001
1470874595120988160
1470875427161849856
1470877266620170242
1470882251525308423
1470892157187801088
1470893849967009793
1470895454548377609
1470908990192291843
1470910247359463425
1470911422620225547
1470924574615388161
1470939130838364165
1470965954725093386
1470987475786948613
1471001197028982787
1471104624983691273
1471182434293239810
1471444549964689408
1471545244487409673
1470862816672428045
1470863653448691720
1470877299788685314
1470882318952841216
1470895478640451586
1470924598254448641
1470939162048086019
1471003470161453060
1470883223471329289
1470890838867816449
1470924722938470411
1470939069693706242
1470976678209880064
1471003216682754049