1468649476508332036
1468649525267030016
1468649635866632195
1468649682259910660
1468649720218279937
1468650190491979777
1468650384843550721
1468650385816621067
1468651233145667593
1468651353639694340
1468651547835858944
1468651679461654528
1468651890271350785
1468652045104148481
1468652218010292225
1468654218399649802
1468658345242419207
1468658599752777733
1468665513471614986
1468665981123837964
1468666600148639747
1468674584484454403
1468683945558560775
1468690639802015749
1468693888282075141
1468698522367189006
1468712288207073281
1468722798965235712
1468750432587730945
1468750471372419075
1468853138560061448
1468966183659474950
1472138582848647170
1472526156155203594
1471629462848552966