1471933699633520643
1471934048692015109
1471934077188018180
1471934640457924612
1471934738067693572
1471934917839839236
1471935119246123008
1471937484493934595
1471937989295104013
1471940519349698560
1471940738619478023
1471940802825834509
1471943594756001806
1471944500247465989
1471945039546880001
1471946872180908036
1471950403394846722
1471951142246572040
1471953516537290752
1471960547625254918
1471970520924966916
1471975931317301251
1471986602012463104
1471993741040930819
1472000994154274821
1472038349569507328
1472058788870070272
1472079808003719174
1472108327765114880
1472114599621275650
1472134227307155457
1472184374087098371
1472189784093249548
1472189796965519365
1472193585516797964
1472195697449525249
1472207097190391810
1472237697108353026
1472240365553913867
1472294546067308555
1472305155395756033
1472318142307254273
1472320191392538631
1472346737729843204
1472347109907218441
1472358079501119488
1472539408955969536
1472619764799336451
1472634508004540418
1472666892770758662
1472671135875538945
1472695305816748038
1473330754666983426
1473448079160455171
1471950377172017153
1471953494517161993
1471954290239488010
1472010157177638914
1472038301242732545
1472040368698970116
1472052532616773634
1472059484784766977
1472184215659859973
1472191664957665283
1472202620840423436
1472213373811105802
1472255679134060560
1472304321324802060
1473038880651710465
1471942557026369539
1471947159041937408
1471950492532154378
1471954511602360331
1471955789208338439
1471962525126336521
1471976231797207044
1472010273208868869
1472020550340038658
1472052642767638535
1472096423000911873
1472314138420465665
1472673697957920769
1472695348082708486
1472699288035622921
1472700934190997505
1472943437762732057
1473162440653352961
1473184293547646981
1473189489967304717
1473208517242748932
1473293745604874240
1473295700276527107
1478356562414645254
1478386403369173001
1478389113585819649