1474095918693728260
1475195655974969347
1475893313387515904
1474106577086935046
1474103658035953670
1474104372841881600
1474104618711932932
1474105135185997826
1474106423885930501
1474106789759172609
1474107115971223554
1474107953959497740
1474113181387788289
1474115064395411456
1474115205596696584
1474115929088872466
1474116164452511744
1474116206550413320
1474118147594616833
1474118235658272769
1474118810860990464
1474119586161344518
1474119837274173518
1474120645407649796
1474121340840026124
1474122109907615752
1474122277134417930
1474122825149693953
1474124167008116737
1474124345635373056
1474124400257556487
1474125794922405892
1474126089706356753
1474126376794042370
1474127689544052737
1474128506271326212
1474128955385028614
1474131166441656321
1474131733687648266
1474131877703397376
1474132210441756683
1474135733162020864
1474146090588979206
1474146823719862273
1474148624565260290
1474188841300992003
1474194987319398427
1474196014206754820
1474196991181795331
1474222967382941696
1474226748548132874
1474236009885933568
1474260358214864897
1474288896204849152
1474305289272840196
1474318178566258706
1474324889905643529
1474326626779512832
1474370357733777410
1474373958325743617
1474379527765770298
1474380088351150084
1474416193410895875
1474564078437867520
1474615209998397442
1474697699169640451
1474701018470436866
1474706391109718019
1474747155415973894
1474750716892049411
1474879054029467654
1474929460767985664
1475141209916121093
1475147213001355269
1475155724594561035
1475160310600376324
1475160548455104520
1475183473514082304
1475243614661926914
1475260851384901636
1475279395145269249
1475315849540030476
1475440370393702404
1475450943160344578
1475464446101184515
1475503485965774863
1475520475543523329
1475561213815922690
1475570804641472522
1475621861346226177
1475954267764756491
1475967350205825027
1476178458283753474
1476194611433553922
1476292160488153093
1476511630397689856
1477489285439926275
1477933595872354306
1478768185159696385
1481458710757076993