1466776383141691404
1466779125184704517
1466780557401018380
1466782083012083719
1466782427855130638
1466790540545085448
1466801787214700545
1466823187048669196
1466837755678244865
1466847733793263618
1466852489441923073
1466933867894480897
1466988354478780419
1467105927216209928
1467105953518534657
1467125793184755717
1467249954313981952
1467479446819119111
1467486159584518154
1467533113073020943
1467534038860804101
1467597197181173764
1467638303763709956
1467711196367245315
1467790162482851840
1466776788315500547
1466776836126306309
1466776865494949891
1466776981379461120
1466777110819835904
1466777424725782530
1466779414306308108
1466780070723289088
1466780915716083720
1466784505801412610
1466786771031707648
1466789942697156615
1466791127554613252
1466792081339396101
1466806731976105992
1466810190053924864
1466820419990659073
1466824090308726788
1466865494988890117
1466874764710985728
1466886987076485125
1466914865839181825
1466984865543319555
1467041044147625987
1467108615286927366
1467135320084918281
1467154317891100672
1467162469114126341
1467162795330322432
1467254409742721042
1467572470290915331
1467645314727219201
1467841166343294982
1467936709799251974
1469351650758471685