1466003565156179971
1465985019864924162
1465987258666958850
1465988564865490949
1466511864288980995
1465985400095268864
1465989171944865796
1466025524472516608
1465985626189217796
1465987237674471425
1465991603890409474
1465995374619942917
1473674298174889988
1473848512383225860
1465985935208820743
1465986284837478401
1466045534246944771
1466063651882815490
1465986237064527875
1465986346904739845
1465986566183133184
1465995295070855168
1465986425896198149
1466095511203561478
1465987513676349440
1465995814598111235
1465995719383285765
1465995625380519938
1465995546024243202
1466052747401347074
1465995452331880456
1466157079475851264
1465992787032096770
1465995367866982403
1465999431275143174
1465988616606437379
1465995277882380297
1466025328107687938
1465995071942135812
1466048757796069389
1466122933827514369
1466401804044931081
1465995180469747721