1471962376425689090
1472002259953360899
1472011309864701959
1472100393723351042
1472185587562123268
1472552298056351744
1472553550769266695
1472553601344147457
1471907782039326724
1471907861936541697
1471912267671392258
1471915289503744005
1471921983214526473
1471923226498543630
1471923950666108932
1471935047418667010
1471950078751432710
1472038567639715845
1472058005277585409
1472063041302773763
1472081447943036930
1472102883445379075
1472114578846846979
1472318473133080592
1472593174384230408
1472931479894171649
1471913001041244161
1471915590159896577
1471917216375451648
1471922712125784064
1471938022857920515
1472072801267896320
1472231498954600454
1472252120590135317
1472283865104355328
1473350521721434119
1473378490733023245
1473380434004389896
1473395005280735236
1471916004259287046
1471916024874233860
1471917017829502977
1471917589961924609
1471917606751948814
1471919402236858370
1471920612872495119
1471920719407763457
1471921726447566849
1471921982270754821
1471922146238771207
1471922956435525632
1471926531610099722
1471931647993913344
1471933714099687425
1471935440332677126
1471937318856572940
1471942179211862027
1471945929615941635
1471949525799555078
1471952228571398148
1471952766515904513
1471952881079267337
1471962750888853508
1471971474252578824
1471987145321689094
1471997190293884928
1471997514584891393
1472001237214060547
1472001622402383872
1472024356897316869
1472029820733296644
1472046171568934912
1472053154783109125
1472106264930959360
1472112754039214084
1472153639833718786
1472190927934574597
1472192585699627009
1472195426292015109
1472207982989484034
1472212907920445442
1472213014527225857
1472213023205036035
1472214175959031809
1472215497747927046
1472219694853763073
1472228653836742658
1472240513361199107
1472241906662969344
1472271948084396039
1472275549930274817
1472285806320627712
1472290315147042823
1472348298933673990
1472372535467642882
1472468789270880260
1472499622266302467
1472516522002337792
1472654599618191360
1472673094443675656
1472685027590868993
1472701032027332608
1472727783445082117
1472775181580001284
1472864492258091009
1472913268306059270
1472975397994258437
1472976533291769860
1473010201427075072
1473025315987410946
1473076903892373506
1473277955375878146
1475316097469530118