1468658878967603206
1468658907543486476
1468658914636050441
1468659149080870916
1468659270325575682
1468659810304503810
1468659821213794315
1468660057571221514
1468660409930498051
1468660640046673920
1468661069853962246
1468661119166427144
1468661724966531083
1468661789181235211
1468662533481369602
1468662622455222277
1468665836072284167
1468668838208282630
1468668934694088713
1468668948468183045
1468672716232396800
1468673567374020614
1468675842356166658
1468677032393383936
1468689020725207053
1468719913116307458
1468732426922954761
1468733476534898689
1468742192181166080
1468742891673722884
1468761742532616192
1468836223385014273
1468853143840641025
1468878141607186438
1468912433972617219
1468964006962491393
1468968470742110219
1468969060884893699
1468970107388907524
1468974486896533517
1469014368637669389
1469104755041525769
1469467776662208514
1469655214433214472