1470143395364413441
1470364871074189315
1470137008169361408
1470144756156178433
1470148515078807559
1470137317801218058
1470137617014571013
1470138054056812550
1470139614123941891
1470141169732567047
1470143085929766920
1470143268147060752
1470143666132070406
1470144229536145411
1470150375441375235
1470150494031073287
1470157318847410178
1470164607738261508
1470175859818614787
1470176704148684807
1470197901745819648
1470197957345509377
1470232069410148352
1470301008253394945
1470303000228945930
1470694452301897736
1470807135265112064
1470818079240122369
1479765059249348617
1479794597723258882
1480071350123388930
1480111642486591491
1480253107426705413