1471948749610135558
1472257581343121416
1472259951183773708
1471973583660281859
1472417112283131906
1473305422400524292
1473456025613316100
1473746784807792650
1474172483997782027
1475575815400210440
1476575954910674944
1476726514125209602
1476949717661716481
1471951395397976077
1471952229657632775
1471952854680231941
1471962718739574785
1471987114833289223
1472001598977150978
1472015294268911620
1472026539999043586
1472053122658967556
1472180021171212291
1472183884339163143
1472190896120774660
1472199749793193985
1472212873246093319
1472285775458979842
1472291169963024387
1472372503129604096
1472654564503564299
1472673024918884356
1472684968832909322
1472700999869644803
1472728878594596864
1472775152303804416
1472778169161854977
1472913237859610634
1472914334762344454
1472938538396274698
1473010167906197508
1473025363727077380
1473043074804768773
1473277923385872384
1473278432637341705
1475316072731586563
1473079121026633738
1473097840318582785
1473121846186979332
1473275540236873744
1471956405003374595
1471956440831037440
1471956534129217539
1471956623828697088
1471956774748098564
1471956913072087044
1471956932147752961
1471958385914368003
1471958526603907074
1471959716054011904
1471960243160506371
1471960682505584640
1471962166609645569
1471962288160604161
1471962890592788484
1471964647037276173
1471965912953622528
1471967739162021895
1471967974022078473
1471970951990444032
1471973683644100609
1471976130198609932
1471979881630212103
1471989678211584000
1471992922954477571
1471993790701490176
1471996222890291200
1471997091815772165
1472005883576164355
1472010127003766791
1472015920553996292
1472018413178531851
1472028295768297476
1472028703123247104
1472034379551682561
1472034675392610304
1472038245831749634
1472041952770101250
1472043220473364480
1472052502174568454
1472065115532976131
1472065275726073863
1472065698377707523
1472070156780285953
1472109779132694529
1472114614183866369
1472143298655657986
1472151145044971521
1472172011980005376
1472176343370674186
1472183977041666049
1472185216823218177
1472190765245898752
1472191636310474760
1472202591463424003
1472213346665517060
1472217586490294280
1472222830431510533
1472224715133661186
1472224834738438148
1472240612930121729
1472241240624308233
1472247349619699712
1472252593237905410
1472257663274729473
1472258390097285123
1472275975085850630
1472276335053750275
1472277336594821124
1472294474873200644
1472296469457608706
1472318054277206027
1472318581132173329
1472344359559389186
1472386579645747208
1472398813449134081
1472413904819171329
1472431826773979144
1472448489770602496
1472567401367621634
1472634471652507655
1472669612944896013
1472696489721970693
1472716302456274944
1472789446999228417
1472883961240162305
1472929191205158914
1472970284101783556
1473047095934427138
1473196468072763403
1473287849252425730
1473511186326953984
1473639435950514178
1473642764189540358
1473716921816211458
1473998107088203781
1474007145158950914
1474007940143140872
1474022171198607364
1474023535941201921
1474034546492514308
1474035165823320065
1474035448104185859
1474040296988155915
1474040690137042953
1474041797038981123
1474068708729495561
1474075926216458241
1474075936521736192
1474076143431082000
1474076914365210635
1474080132117770242
1474080576592351252
1474080641939562510
1474080695005986827
1474080931669774336
1474081084157706248
1474081146656931841
1474081250637922304
1474081353545232390
1474081523414581254
1474081863337746442
1474082017608355840
1474082063783538688
1474082197678219273
1474083000254140422
1474083511988588544
1474083593077108756
1474084429278629894
1474085265425801220
1474085280722432006
1474086129632788490
1474087264854544390
1474088341876400132
1474088563390226437
1474091576968237056
1474092637711831050
1474096262865723397
1474097432040554510
1474097889336954881
1474098652637544450
1474101000415813633
1474102283415830531
1474103418360930312
1474103445409853447
1474124914558844942
1474127889918484480
1474135394987884562
1474136141456719874
1474141390854672393
1474141553085988874
1474162801681657862
1474182703658504196
1474192257087643655
1474205134976655361
1474298667343364096
1474306109313855489
1474346080275996692
1474368014803996679
1474379863414902787
1474406233083949056
1474452443761152001
1474478284016656387
1474485667933655046
1474497656470728704
1474508591273021443
1474511629446492167
1474521785932603395
1474530798992703489
1474670597410017283
1475159110668759046
1475902413815132169
1475902506517549073
1475911899074023426
1476027422545825792
1476195166339796996
1476243922091454476
1476843348711428135
1476991532163117062
1477024262963744768
1477354864187351041
1477402426923794440
1477446170888884224
1477521804910497793
1477675781807562758
1477716123315539971
1477716179213029385
1477911451931131904
1477980754952921088
1478179065659998208
1478249565786718208
1478312094017769474
1478352029336571909
1478362184581144576
1478406110788743170
1478409807971622913
1478416155169673228
1478424281818099714
1478591955781271552
1479032135851851777
1479069656942006275
1479106414366789638
1479137572051820547
1479189104071888898
1479195163725606916
1479235031004585987
1479263513512013824
1479283784910610432
1479284597833805830
1479284734035435527
1479374578682150912
1479400124333895682
1479430158805356546
1479433339211710467
1479480752958066691
1479679305663799297
1479915003444666368
1480057708703207424
1480250284488024065
1480267478513115138
1480626183922401280
1480998608082116608
1481071068081229826
1481110149204955146
1481286585173876737
1481297785886547974
1481317269468819456
1481650362989703177
1481689261191618561
1481809673565184003
1481900814465650689
1482071610651602944
1482108114136612866
1482149594196631552
1482331783471546371
1482332128721485824
1482403625263640579
1482519042745372672
1482657991044354051
1482671834797834241
1482894021873778689
1483233942467665928
1483275436788535304
1483386263818633220
1483390153624334337
1483535570974371841
1483563013537878019
1483633370831769602
1483779422012555269
1483956617972371457
1484027817386033155
1484256341418037252
1484281379026137091
1484570896073465862
1484885819110440964
1484911646959030272
1485009851545944065
1485137705931579392
1485400754093498370
1485406924921356290
1485408183313182721
1485424790051737601
1485427395288965122
1485443539731419137
1485470439925329922
1485509023973609474
1485578784938119169
1485594576299638787
1485604058060800002
1485650660754399239
1486039578813292549
1486213127381430274
1486805539363381250
1486876329224007680
1486885379013709826
1487210479185506309
1487284246871957505
1487367805917974532
1487505784971878400
1487833616499441669
1488106017154301952
1488118726041948165
1488302308635328515
1488374889459306500