1469057122235076613
1469057408718688258
1469057727930322947
1469058253917196297
1469058648089444357
1469058679848714251
1469059366724812804
1469062917660286976
1469063430141263883
1469063443412094981
1469069547932209153
1469071512074432517
1469072672642510853
1469077509132066819
1469079041017843716
1469082348490612737
1469083747370688513
1469084319926964233
1469087949165936641
1469092857126531090
1469094164897935367
1469103745531211776
1469135120972103680
1469161493895782403
1469164566030340098
1469177828168003588
1469214208541609985
1469215468892344328
1469233798961377286
1469271668489166850
1469273211745574912
1469275052625567748
1469276717999026180
1469293921926885376
1469298439540428804
1469312331226124291
1469313216262123524
1469325680232079368
1469334601785094147
1469348108739833861
1469359718237933570
1469410128545812487
1469729191855890435
1469834557432160261
1469885460633817092
1470450284216336386
1470491244203810819