1463197181662449664
1463276258314309637
1465839292811522048
1463195440648757248
1463195758962876423
1463195910859628545
1463195930258247684
1463196000630149121
1463196614173110276
1463196686449352714
1463197077165555725
1463198919828008963
1463200042106466309
1463203224337326083
1463208172580179972
1463215536137981977
1463235927594184714
1463242346485723138
1463264221362327552
1463265271771136000
1463265892184166400
1463269250907336706
1463270205128200201
1463272024961286146
1463279870876782597
1463295729963876353
1463296721866264578
1463319540696162308
1463384997897949185
1463417612419928064
1463419780258541576
1463422691734704132
1463422807086452740
1463424737909039104
1463425818844020741
1463427630963863552
1463443733077233670
1463448811242770433
1463463583535144961
1463463975740485638
1463466455370924036
1463501209675911168
1463501644935614469
1463519618748891143
1463519635551268876
1463519658066288643
1463519781416579075
1463519815935606788
1463519908017446914
1463520033980694531
1463520411539447810
1463536076635754498
1463536932101709838
1463541080171982857
1463541693911900162
1463542062469423112
1463645106544676865
1463850430610432003
1463201249168265217
1463243505191383040
1463530567044145153