1462165609542737921
1462165669311569929
1462165825453006858
1462165878414397449
1462166442602901507
1462166599721369600
1462166987853942787
1462167128916717571
1462167926161747980
1462168047922434053
1462168331222503433
1462168362159644678
1462169407237595136
1462170058109587463
1462170069723750414
1462170323302842370
1462170966713257984
1462171571846590472
1462175125999079431
1462175467667169280
1462175533412892677
1462176047886123010
1462176977067012096
1462178314714431488
1462179342210019333
1462180810866450437
1462181727888044032
1462182020453482501
1462182787054809088
1462183991692431360
1462184289152479232
1462185833188847624
1462187804612464640
1462189265572569095
1462189356857192450
1462189680066236424
1462189975521402883
1462190088092372999
1462190090336325640
1462198404444868609
1462198989646876683
1462201590002106375
1462204621540241408
1462215176539701256
1462222501392617472
1462225893825339397
1462234548348071939
1462253311168368641
1462258100300226567
1462275946073899013
1462276693113159683
1462281499152166915
1462281742006554626
1462286776664473601
1462301815148478464
1462304645251055617
1462329982445887490
1462371550255005696
1462380019750215681
1462386246353920000
1462386868864094215
1462394592012214273
1462396588983087105
1462396857439637512
1462397623378321413
1462399381198544902
1462409723060400131
1462418550556143620
1462424567893352455
1462424589502492672
1462424673849860096
1462424718137561100
1462424877948878849
1462424926804221953
1462424967304425476
1462424995511083013
1462425039614230528
1462426434492850178
1462426545860096009
1462429422183763974
1462433853293875212
1462434838703656960
1462435155331596291
1462439953883881475
1462442612720349193
1462448376419602432
1462452478918619138
1462452769751715851
1462454515840561163
1462455449584738305
1462470327020232716
1462471818153971715
1462474991316914183
1462476567926358018
1462515439817400324
1462517371948654593
1462519467527786502
1462574863378530312
1462594572618395651
1462611994587115521
1462612991803752449
1462646959907299328
1462706229222920198
1462795986774941699
1462813486568902666
1462869454237274115
1462872130996031490
1462974193721507840
1463127278649552907
1463140156597231624
1463390986269339653
1463532128633765891
1463579875403608073
1464130416932265985
1464271989313613830
1467148439729356800
1462251414864998402
1462252769700626437