1457785527357169666
1457786850525921280
1457786864828485636
1457787091601932294
1457787885550071809
1457787952163999753
1457788573793472517
1457789874820374529
1457789940880666631
1457790548270411783
1457790586145034246
1457791823653470213
1457793472774082560
1457800733634412549
1457805005994536965
1457810197414613002
1457810824320282624
1457811154135363596
1457824058016477189
1457828488862388229
1457832543244496906
1457834222966689795
1457839907725058048
1457841324992843782
1457844631459090435
1457848756649414657
1457864822087950337
1457871921454800896
1457889293653868549
1457909876370313216
1457927354844594176
1457950346362462211
1457953235168333824
1457960666036203521
1457965750367498243
1457981344903045120
1458080027250135045
1458139618767867904
1458211702885994498
1458280801087279106
1458578466945867778
1459019640269647913
1462254322851323906
1458079984275410946