1463251764321214465
1463263567411507203
1463276094254161924
1463282299005460481
1463292128990273542
1463297212969103363
1463472294517522442
1463504589567803403
1463505566219702276
1463258231099252745
1463258570674290695
1463258751389949954
1463258996467322881
1463260541280047110
1463260838844850177
1463262145026560000
1463275654846234633
1463281679099994112
1463291856926740483
1463296904243068935
1463299463448088576
1463335634505015298
1463456523904970763
1463472039898095623
1463483924269654018
1463493061967855618
1463499264106057735
1463505337034715136
1463515144449835010
1463549297811767311
1464319241763577857
1465776326300819462
1463276058426462218
1463282272346456069
1463292102071234562
1463297182619127811
1463472265950117898
1463504559742111746
1463505535035076615
1463263574604894213
1463268610168680448
1463271646123409408
1463272384815894538
1463275599343108098
1463276003963383817
1463282243300904964
1463291828049006592
1463292072765575171
1463296870550315016
1463297148729049092
1463302106920591367
1463335593782525952
1463356423769788416
1463428012326547461
1463472007882944514
1463472237911097350
1463493031739465729
1463499234745982979
1463499900793012230
1463504504591159302
1463505500218146833
1463586310032175108
1463638356890378244
1463641724463599618
1463660470074806274
1463853280707194882
1466395279679229955
1463266493622226944
1463266837349773320
1463266914445279238
1463267221875081217
1463267563178188800
1463268608067489803
1463270257968050176
1463281128941371399
1463296752862183426
1463299888154820610
1463332036886810626
1463332268647190528
1463352675387408386
1463417645127057410
1463486865705742341
1463495205794074625