1465776090098679808
1465777097041977344
1465777117082312716
1465777772710666245
1465779083288133638
1465779175805964289
1465780363691757572
1465781936744509449
1465784309038653448
1465794317709099009
1465804428993302529
1465806989091508225
1465828770724601856
1465953891955138561
1466030702005207048
1466053910054027273
1466214400944230401
1466326444011929601
1466760779974197258
1465776095349944325
1465953896522780673
1465776099560984578
1465776258852302853
1465777426328211457
1465778898931798018
1465813012904910851
1465820527604363264
1465878742912360457
1465953901388218372
1466034257588101126
1466326545824460803
1468246342778724364
1465776300417716224
1465776523118583810
1465776723275001864
1465777949077118985
1465778133878067202
1465778473750904841
1465790750415802385
1465797345346478082
1465878799011168256
1465953906689777665
1466056244146229248
1466326745087451136
1466669819252641793
1466063385443848204