1460699892607823879
1460676707417944069
1460679773953224707
1460675389177618433
1460675596334374920
1460675791268708354
1460676172342198275
1460676201903636480
1460676360440098816
1460676829908385793
1460676901266100224
1460677360576086016
1460677474354970628
1460678342798102533
1460679045029539842
1460679637130829827
1460681127081885697
1460682828795027476
1460683205355450377
1460684130341953538
1460685296681500673
1460685972065206281
1460687129516908549
1460689123036049415
1460690885700587523
1460702577666916354
1460711393041264650
1460792769266561027
1460821534625476609
1460860034431266816
1460880494694969345
1461024007092949002
1461084152837459969
1461114468574928898