1465154751537025030
1464653120961712139
1464653530204155907
1464654807394930688
1464655259540725761
1464656364823879688
1464658400340492288
1464658868512952324
1464659319572467713
1464660216348385286
1464677262842732551
1464682814956265484
1464686187713597444
1464695436774674432
1464760119422435329
1464792268892782606
1464840785757626369
1464957640774139915
1464976185457356802
1464986976302637057
1464987254070206465
1465154368165101569
1465329156422610946
1465369157290000391
1465405877351972865
1466047728123850759
1466327354163273728