1463513392468090886
1463514549928271873
1463517838702825472
1463519254863560707
1463520206723108872
1463520700866592777
1463523910914347012
1463524652098150405
1463524939995267077
1463524974988300288
1463524998870712322
1463525304136347649
1463525382565646345
1463525427331444743
1463525458650218502
1463526036902191109
1463528969148452870
1463556874251370503
1463579557856825349
1463621840887336966
1463622777844518917
1463644724816924678
1463661079712698368
1463674928641761283
1463685499701194752
1463689796186820611
1463763330347134978
1463860968627257348
1464254050820571140
1464273844064108550
1464276893176369186
1464322304821936134
1468506218360680453
1463514198605021189
1463514249725104136
1463567390789324806
1463579601754464258
1463514293161320453
1463551235764760576
1463566745948639238
1463574190519291905
1464142938762534919
1464942627439194112
1463514407347134471
1463515053366431749
1463515114871885824
1463515740791783427
1463517978587123717
1463534052292628484
1463546970732216335
1463580832233242629
1463586058558390276
1463619851419856905
1463729156118745099
1464704906712039426
1463514564402704385
1463514649131827202
1463514649383555080
1463514912949420040
1463516296256135173
1463567296446840832
1463568023193804803
1463920675480080389
1463514768019542020
1463515059016110090
1463515489452310540
1463517003117998083
1463519763095826439
1463657096201703428
1463819095393157122
1464082959091191814
1463539359945306120
1463620266253246469
1463668382889177092
1463688402470068227
1463688946697789442
1463731736748175364
1463515233251639299
1463546760375246852
1463615105854230543
1463515335580073988
1463516186411417608
1463515552262012935
1463891151845535761
1463515723465203720
1463516192245755906
1463538757869576203
1465211242562392066
1463515798970978311
1464386986001768457
1463517902938808337
1463517919304949762