1465764185665540098
1465761638678683654
1465775797659222025
1465837850851749896
1465994722107801600
1466395150616338438
1465769818603364353
1465769943211798529
1465770411359186947
1465770459622875136
1465770643883008004
1465771100520988674
1465772092771733509
1465772326180507654
1465772347735035906
1465772420174909440
1465773106467770370
1465773306548654083
1465774548310233095
1465774648268767234
1465774691776352264
1465774703352627205
1465774831526236161
1465775458239270916
1465775691996307472
1465775698761687045
1465775727211528195
1465775843964239875
1465775949862084609
1465776140258365445
1465776285888745472
1465776414595166208
1465777126179676162
1465777502824144896
1465777822128037891
1465778304682643456
1465779014363238403
1465779750467784706
1465779844973666305
1465780754831577089
1465781791306903554
1465782002934763532
1465783015741833234
1465783457615945739
1465784070093393924
1465784953132642304
1465785505086423050
1465785949242019840
1465786294433456134
1465787182400958467
1465787674107777028
1465787706357788681
1465788064018714633
1465789054860111875
1465789498596360197
1465789971026034690
1465790014143582208
1465790485721661441
1465790832599093255
1465791023049846790
1465791107019657222
1465791136467865601
1465794182153314310
1465796253707550732
1465797065938812936
1465797592755978240
1465797672678440962
1465798335374106627
1465799049135603713
1465799421879205891
1465799636262653955
1465802318750920704
1465802711803338752
1465802930150334467
1465803395298574336
1465804121068425216
1465804620928729089
1465805138703130627
1465806300441288712
1465806321425469458
1465806368120602626
1465807610611916807
1465807701267476483
1465808509786861572
1465808960481644545
1465809668186456064
1465809805780480000
1465810343477788674
1465811023525388299
1465812023959298049
1465812313248784395
1465813477637996565
1465815870844936192
1465816411788529666
1465817251353927682
1465818058811838468
1465818400400326659
1465819316293554177
1465827157511450625
1465827449804148744
1465832792684744705
1465833792271233029
1465834151739854849
1465836905933594629
1465837488145145865
1465838730862813190
1465840879936147462
1465843967942090759
1465845264984457222
1465850925231357958
1465853796207104007
1465855255569043458
1465855273768263684
1465856224189161486
1465856437679230979
1465858338277756936
1465861169856581634
1465863651995258881
1465863892597235717
1465864211117101062
1465864352830005249
1465864563144810500
1465864929974575104
1465864966301487113
1465865508964634628
1465865857343569922
1465866237901262850
1465866961330618368
1465867879044235266
1465868119285641219
1465868355307401220
1465868498454908935
1465869155593113600
1465869263483244546
1465869334815940613
1465869843853422596
1465869866506743808
1465869873385553922
1465870223081365505
1465870360298102788
1465870385631707143
1465870644281810945
1465870710006599683
1465870766050713606
1465870945529131012
1465871155391340550
1465872000329658368
1465873754827993089
1465873883739922438
1465874862568665088
1465876430114340869
1465877981763710982
1465879106604703744
1465880324181827589
1465883293589467138
1465883411059556352
1465884763604934665
1465885559029583872
1465888209334902786
1465891963450789891
1465892451156123654
1465894686430793729
1465895104846000138
1465895379518427140
1465896149265620995
1465897299368894469
1465898051260850181
1465898189387706369
1465907171514892290
1465910172321128449
1465912066783461376
1465918663844847624
1465918708207996931
1465918779578359809
1465919421529137155
1465926229383598081
1465928585194061828
1465934769728884737
1465941218202951686
1465941670805979137
1465958035604393985
1465960883880820739
1465967877899669505
1465969057270747140
1465971852023676930
1465987969643212801
1465994480910098433
1466007174698598410
1466008491152351234
1466012549443309568
1466012725352583168
1466013244229918720
1466017127568130058
1466018273732952065
1466020711261261830
1466022497179086851
1466022724434804739
1466026362645499905
1466029671645163520
1466035590349180929
1466038502563401734
1466041258426736650
1466041883747049473
1466042668635635718
1466047875243147265
1466049969908064256
1466050241099145219
1466053785994862594
1466057410729201666
1466057843937849351
1466073329446666246
1466078878359646214
1466084304782508032
1466085687262810115
1466091615672356868
1466094406239506440
1466106900534251530
1466108321136615427
1466114978470113289
1466129447522914313
1466141719892688899
1466142778585501697
1466148097009102850
1466151210612756481
1466153392607088640
1466155393743159296
1466174244086296588
1466189135601938438
1466192935595216898
1466194335406252035
1466206091671482373
1466214371353321477
1466215381874495488
1466223143505338379
1466230041617047560
1466231558046728192
1466235287454076930
1466235343582253057
1466249888509870086
1466250840579231744
1466272705846542342
1466302474390843398
1466416897663066120
1466450793561829388
1466473908639576069
1466610377614053378
1466611273391431684
1466611595023294470
1466991304936669187
1467001102365306887
1467724073115566081
1467731064760193026
1468233939517161474
1468589937385742337
1468757098544644104
1465770219020984327
1465770237740171269
1465770536504631299
1465770913648070672
1465771027242397704
1465771252027584513
1465771476901113863
1465771753179955203
1465772562843979780
1465772868185301001
1465772927857709058
1465774650542071810
1465775248087953415
1465777185025761283
1465781140577402881
1465781867840303109
1465785029250797570
1465785381425598466
1465789239635832832
1465800241798541312
1465837790860566528
1465838876241530882
1465874827391160323
1465876513870520325
1465887136222113792
1465888918092623872
1465976595705905154
1465994641501659139
1466006329689051137
1466012588567711745
1466021219858321412
1466049436111360001
1470252113598898180