1462673993694068740
1462674074921054208
1462675042408484865
1462675469728370694
1462675471238373381
1462675696392806405
1462676300573806596
1462676872270016513
1462676954105057281
1462677175790931968
1462678885431054346
1462680696191860742
1462680888412499976
1462681360485666818
1462682691262763008
1462683963265331201
1462684039114944518
1462684131737968641
1462684790184947717
1462684991314612227
1462685118867386370
1462686169871921153
1462686485853863936
1462687659239817217
1462690048399212550
1462690089381908481
1462691471111299074
1462692454671564802
1462692699991994369
1462693011817590788
1462696709775978500
1462696727450828803
1462698444158472192
1462702740006748164
1462709781760729089
1462719658046328833
1462724409416773632
1462725053745930243
1462725750457389062
1462726664820035584
1462727146908971010
1462727483195904004
1462729763345162253
1462730154803875845
1462731671158108160
1462735373302439940
1462736512827625479
1462743965405433863
1462766358358155274
1462767069233967107
1462769431243739146
1462771763364904968
1462772002574508032
1462774793980329990
1462777132510236678
1462777812708962304
1462778008033443845
1462778159938605056
1462778290809225232
1462778318281797642
1462778458791153674
1462778518333390855
1462778673027760135
1462779101006204933
1462779307613429766
1462780250061000705
1462780292259852289
1462782169714245633
1462783345683800071
1462785179232129034
1462793792285671424
1462794120204800011
1462810771893604352
1462811164371472388
1462813910239784966
1462822919931940870
1462833126158352396
1462849396744224771
1462854414335631363
1462865701782396932
1462897644439805958
1462908508442177541
1462911908542038021
1462914710098096131
1462922222729936896
1462922437603971073
1462925845245435910
1462952670172532739
1462959066997788679
1462963733333000198
1462963801557385219
1462983085889241097
1462990261395476480
1463000357781520386
1463004207104114693
1463019726259560460
1463023489460355072
1463029689774190596
1463051097078181894
1463053725535191041
1463067321526886402
1463074818350149636
1463077269170229249
1463099255506321414
1463121825697865738
1463121862368673793
1463132545961373699
1463138458310885381
1463141632002469892
1463153986370883585
1463167199468789760
1463175233314115598
1463184112383148032
1463194760215158793
1463224191105306635
1463298949473841152
1463339108349079556
1463353227823484932
1463362278581936129
1463396963445985282
1463403176141500419
1463404144685895682
1463405576478724099
1463406969025441793
1463407361238970371
1463407551232430091
1463413371081039873
1463414087635947520
1463414617066061827
1463423235689701379
1463431507796795393
1463463596336291840
1463466282557198340
1463495836965482504
1463499946771070978
1463503175751802881
1463504703459930121
1463515796051836932
1463516188542222348
1463519017466048521
1463531704036036610
1463564674893598731
1463840721065193477
1463901456650706954
1465021065088823299