1462520749038522370
1462520819565821952
1462520888910401539
1462520924901683209
1462521011920850944
1462521496388128774
1462521545507618828
1462522004565811206
1462522363166085122
1462523051136983049
1462523394323369984
1462523487122300940
1462524284828540931
1462524359013142529
1462524653327446019
1462524963873775618
1462525686271275008
1462526170101129221
1462533336023379976
1462533906679447552
1462537773328617484
1462538618568732674
1462540419837751298
1462540722469408768
1462551432666796041
1462572851928584194
1462589672660639746
1462602261453062146
1462605168978153476
1462620749311750148
1462628384228397059
1462633277894897668
1462650099218198528
1462674919594946564
1462677072191627264
1462677263556780035
1462692562196705281
1462752228725432323
1462770937766592520
1462773974677344257
1462777010690920448
1462805684882481153
1462808341617463300
1462811182541291525
1462849855148199936
1462861518479974412
1462861657751838725
1462868843530014727
1462901684787503110
1463122538033152003
1463126349531525122
1463601916781363201
1463884387041398796