1465798118658695177
1465798233024864260
1465798367443881991
1465798516807286792
1465798636709814276
1465798691181060097
1465798849319124993
1465799238709882882
1465799245424910341
1465799339847163913
1465799568629673988
1465799613059944459
1465799733587415043
1465799734648582157
1465799810687160324
1465800048546041868
1465800109204066305
1465800221233926147
1465800334291259400
1465800356055564289
1465800895203926017
1465801259919855618
1465801424915341315
1465801603022270464
1465802062436913167
1465802088181637124
1465802182721249287
1465802684464775173
1465802925796741125
1465803250439909378
1465803253099155458
1465804365285974018
1465804459775348740
1465804843868635136
1465805331368456198
1465805559723180045
1465808652762157066
1465808910724612109
1465810711557324800
1465811035965870081
1465812162354556931
1465817175839621123
1465818845764018179
1465819414696235008
1465821125640925191
1465821387667521542
1465822281435734017
1465824613049397252
1465826298085838848
1465828354876186624
1465830827795824643
1465838116015595521
1465838577988911107
1465842917755531264
1465847829105201155
1465851507614666752
1465857674575241216
1465860397852889088
1465868915528007683
1465876094599454721
1465884153895813126
1465886666132971521
1465887502506635277
1465902269694496773
1465943221083672580
1465953910590484481
1465989336248246272
1466020420147195908
1466031886740992006
1466032828395757573
1466038958148698113
1466041652431179779
1466049910281805828
1466052348497829890
1466061246743162883
1466066566689304579
1466103517001785350
1466109128972120072
1466120701342011400
1466121307343536136
1466123187217960967
1466136594725879814
1466165431752790023
1466204914758131712
1466326225350283264
1466600242556645377
1465802625404870665
1465803666623971328
1465803671808012293
1465804690046607361
1465813232757755906
1465817062618529795
1465826092900515840
1465834192261062665
1465836132764114952
1465837693984780289
1465841913857249285
1465852301806088194
1465856337066307589
1465858787252834304
1465862193841324037
1465864781584285697
1465866347129315331
1465867577285095424
1465869675817062400
1465870960779841537
1465871482593153025
1465871822549921792
1465876714286993419
1465877728675221509
1465888597425496065
1465888620728967169
1465950855912427525
1465994560358662145
1465999201100345345
1466001114894147586
1466003473686835208
1466004042174369799
1466029749717942275
1466041416476413953
1466063182540255232
1466079291226083331
1466151234633560065
1466179799592828933
1466250338172735491
1466263416990015488
1466363847749476357
1466363908537532417
1466395099647070208
1466450825249755149
1466483964605046789
1466812741490982916
1466825290273992717
1469148458225324033
1471332958107746307