1456351367216439298
1456351613522694152
1456351705583456256
1456352509560246273
1456353898030002207
1456354966071820289
1456359677550374921
1456359923718123524
1456361560696307721
1456361828481634307
1456362634249310209
1456364885328097302
1456367858091368453
1456377935925964800
1456380251735408645
1456381322801389573
1456386624615432205
1456417466956058627
1456447708257046529
1456448515853279238
1456470866364026882
1456591718606852096
1456622154292862995
1456644966625779715
1456711371475718151
1456719623076913159
1456879083350999046
1457370924211216388
1457380208906997763
1457563312791695362
1458080433980297219
1458177778629550084
1458179430124187650
1458995022028804098
1456352884476547081