1455218618745114637
1455218923427799046
1455219312180957184
1455219573234491394
1455219593820082176
1455220268033531919
1455220608543993856
1455223542228963332
1455223817333362689
1455226337732579330
1455227451014107149
1455229507439235075
1455234871836790796
1455237681009635328
1455241266799644674
1455246063686885381
1455246409263771648
1455258468290596865
1455268588500275205
1455287181191389189
1455293733663092737
1455295572194234375
1455306373680467968
1455310038596210697
1455311548730249216
1455341719868821504
1455347373404823560
1455394410150174720
1455429540654759936
1455505345439277056
1455559515613458433
1455615888363823104
1455710933213499399
1455751368107446275
1455760620532367368
1455780080689504256
1456017289615233026
1457121633454469121
1455219118244864015
1455222043083870214
1455223142218145792
1455256454739419147
1455261400520081414
1455230032994086921
1455239495180238849
1455239612817870857
1455264452295610369
1455710897993826305