1464264200985923591
1464264790403170310
1464265256432287746
1464267561919516695
1464268219997323265
1464268729303326725
1464269794644041734
1464270111200595968
1464271215401455616
1464274650930810895
1464276818018635794
1464278283248447490
1464279101275918337
1464280437564530689
1464284101746339855
1464286811057008648
1464289937814085634
1464291968796618754
1464293082514350081
1464297227879337984
1464298923988697089
1464300891712806915
1464305202492850182
1464319986755940354
1464330738011152389
1464332799188643856
1464350970716905472
1464356965434413058
1464364709616885763
1464366147063664641
1464395692227575819
1464410719798108166
1464428354501693445
1464430368119996422
1464433093545181184
1464440501965307910
1464504534059958274
1464511720991428610
1464517523991252998
1464580237044424709
1464590330561507343
1464626028966551562
1464637004436492290
1464659438640545795
1464673993277931520
1464713118110687236
1464754418151145474
1464757886228254728
1464760169154371586
1464834019061755907
1464864389249609728
1464956736654172160
1464987093969641477
1465059163516682245
1465079521577738250
1465161447550427139
1465212207080165382
1465465965102223360
1465674519197138948
1465761833042722836
1465763559158124546
1465775546823065610
1465798055865634822
1466037544387293189