1461443432031961088
1461443813956898825
1461444057985691653
1461444130291294213
1461444383824396295
1461444890072653829
1461445226346819587
1461446164197216256
1461446180588695555
1461446344170692611
1461449045067669509
1461450492358311942
1461450730825560072
1461451877674061828
1461459086118207493
1461460738619449355
1461475927880347651
1461489522282307585
1461521418001293313
1461526651846729730
1461605359374766084
1461618443401129990
1461657568493936657
1461657602123829251
1461738001302802438
1461769836330168334
1461780365811531781
1461801693604163587
1463127567414841358