1455596576592711684
1455596772840116229
1455601268936880139
1455601320270958595
1455710425589424132
1455758987589132292
1455792007050317825
1455897470815424518
1455992372995756033
1455607213230198788
1455607720946581505
1455607836851933184
1455607930804477959
1455608150506319880
1455608645815832582
1455608918680473615
1455610092699598851
1455610185116893184
1455612887624568837
1455613070546378756
1455613962951794692
1455619348735868931
1455625988340072453
1455651369545777158
1455667947809116165
1455710368945278977
1455759238374965257
1455792013023105024
1455909107416842242
1455974247550136323
1459402407851483137