1463553624315940871
1463553922623225863
1463554917508001799
1463555001238753288
1463556369794088965
1463561805872222220
1463562831429869577
1463562982261207044
1463564256457203719
1463572108915605508
1463579183729319938
1463584383332499459
1463590765418860546
1463593257552781314
1463631543142866949
1463779620818493441
1463859762433507331
1463884253603590157
1463894879801544706
1464040021506379776
1464067636606775348
1464186038914412544
1464518453763747846
1464633774629695494
1465002316076134402
1469354866476732422
1463558346401800200
1463560714346536963
1463561158175170563
1463561203473649665
1463561224302448650
1463562241999970315
1463562879244845057
1463566069017288710
1463572053668376580
1463572201207123970
1463572357491081219
1463572944999927816
1463584370309148675
1463586258740027397
1463588375902896128
1463594245059719174
1463619157782458369
1463627425628110849
1463638304956596227
1463640315248746499
1463641674870050819
1463660437069836291
1463674088472428544
1463699073253314562
1463839244489736197
1463847882323378183
1463853256103366657
1464034935644340227
1464101097883111429
1464373679727341570
1464790752261820424
1464802197791727619
1464933216029233160
1465115547281117193
1465748886811783169
1465776159099080710
1465796520553426948
1466395249299922949
1463570003672780820