1456299376557449218
1457874675237720067
1459172145934716937
1457342370387611655
1457877857867206656
1459172088212705284
1456297173935603713
1456300534361698305
1456308689481216002
1456315126567608332
1456424999137337344
1456468803794071553
1456496144637366299
1456574130824925185
1456624474455937025
1457829725053886464
1457833267336470528
1456290724551462919
1457342324367708167
1457874584422600706
1459172048148713473
1456357805896699906
1456517152249466880
1457342277446107147
1457874558900326400
1459172018222362625
1456299463081816069
1456357762288521225
1456357726909575178
1457342192612036612
1456317073580171274
1457342136265822208
1456302085117562885
1456304266709245962
1456317031637295113
1456357678427553796
1456298066013659136
1456299630325637124
1456302246963068940
1456306565330481153
1456319640141844480
1456415907081826306
1456447796857425926
1457154686289686529
1458080583771377673
1458896324070420497
1456299532824850438
1456304893883518991
1456357639709995009
1457342089549680640
1457874471189041155
1459171939906293767