1462484389858787328
1462484641974153219
1462485248470515714
1462485413273112576
1462485721604833284
1462485739656990723
1462485922721710086
1462486341824958470
1462486897180217344
1462487250428698636
1462487515185614851
1462487894120185857
1462488216657879042
1462488623174107136
1462488652211228681
1462489445509341194
1462490473067474944
1462497122297782275
1462499400421453832
1462499644198375430
1462502702173368326
1462506174062993420
1462506567274680321
1462506592322998274
1462513476610322433
1462513890776997901
1462514464046022666
1462517238674644995
1462527432657973254
1462528611773296640
1462531444711084048
1462541915828600835
1462548400893616135
1462548784169332737
1462549326949978120
1462556017741512712
1462557456903647240
1462559524808650752
1462561230862831618
1462567920815378432
1462571368847855619
1462578955832209412
1462593506929778695
1462595033685757957
1462602296509014017
1462605219909541892
1462605772257325060
1462620804982755335
1462627800687394820
1462633306076467200
1462660983592259586
1462692558971318273
1462696842072760323
1462702388481986562
1462725621881065475
1462757755505319937
1462763060473520132
1462777045692436489
1462787409804939279
1462787932159418369
1462814871091879936
1462830248630882311
1462886941335212032
1462889649794428929
1463100251753967624
1463126663487709184
1463884505392070668
1464235903132610566
1468662679480983561