1455988413535039491
1455988567247831041
1455989437070983169
1455989551030231045
1455990713242374144
1455990714572103682
1455992730677493760
1455992938673098763
1456025647374086153
1456062305561632770
1456119856961519618
1456129786909188096
1456153175686144007
1456161037686824966
1456202518564773894
1456206244277104642
1456221104259862530
1456268424926007315
1456348496978657280
1457001437045612551
1455989291499196417
1455989466972229638
1455989859470876672
1455990005126639617
1455990014530277381
1455990042007150600
1455990096600211456
1455990252531638272
1455990499991564295
1455990687774564357
1455991340706111493
1455991406225358849
1455991418326069257
1455991445773594625
1455991542158528514
1455992770854858758
1455993420644761602
1455993571975122945
1455993645174243329
1455993794017517572
1455995232898752525
1455996438849236992
1455998099554402304
1455999020636139523
1456001325481742347
1456001673726332930
1456002039704702977
1456002493574430720
1456002659694096388
1456004935338840065
1456005503113482244
1456005615491461122
1456006184415137794
1456009031475089409
1456010058580516868
1456011900722958338
1456012421215051782
1456014315341844485
1456019607257554944
1456019684030042112
1456029059763343362
1456036705945989125
1456037902345904131
1456044525726486530
1456061781835763714
1456065504507047938
1456080433687400455
1456109302440251392
1456117799168851969
1456122308955815939
1456125572657172481
1456239272479137795
1456241113241690127
1456242054300946433
1456245153312673803
1456245375837294595
1456263295179001858
1456263409121431568
1456270729977085955
1456296678751887360
1456302286217568261
1456311428009238545
1456364830399549450
1456373319704268803
1456388144421654530
1456447044059598850
1456588067146321929
1456604511779311621
1456970892395876355
1457230470375215105
1457696211167760385
1458080918804078593
1458200003206258690
1456216282823548929
1456218613820665856