1458827528005632011
1458828181591392259
1458828522961530883
1458828773231673344
1458828981147471879
1458829285175832576
1458829880020414473
1458832155283492871
1458836624083587074
1458843474753724416
1458843687211909124
1458870884937211915
1458901799469989892
1458952520701677568
1459039758403837958
1459049933307273217
1459057286811467782
1459068878345154562
1459162465464459276
1459224309080240135
1458828873907453955
1459068882296188929
1458837957830492163
1458838961615478791
1458859219025907722
1458954377826344969
1458964314744926438