1460487466788478977
1459401175355244544
1458081622604009486
1458082348679974920
1458083625568776203
1458083929953652743
1458084365058052099
1458084844219609092
1458091219200917510
1458094404644839434
1458096563952275459
1458096779082280980
1458116386924818438
1458131858919546883
1458161992439635970
1458191755958833155
1458207190955839488
1458264555834904576
1458296155016552451
1458299194007965696
1458343428157214721
1458344218900975618
1458352119996690433
1458352776917004295
1458355531278651397
1458497706335567872
1458519534105776137
1458735691215486982
1458776545367969799
1458776825157484552
1458805779343970310
1459170300159954954
1459461600222625798