1461018035758645254
1461022422736375808
1461038573969453062
1461042584176893952
1461242895273541637
1461310720335757316
1461091539434631169
1461030110186905603
1461032439757692928
1461034550264483850
1461040281818566658
1461073544759054338
1461243161351794688
1461027068897120258
1461027099305779202
1461027445751095299
1461027672591503365
1461028125295349765
1461029642803023881
1461030775785148420
1461031811228872704
1461032358778261507
1461033118215720961
1461034679453298692
1461041176807620616
1461043718505611267
1461093686251565061
1461142179003387908
1461202514443862018
1461242898410844165
1461380470323789831
1461380586401054723
1463129013115932674