1465350758161911814
1465350988471193609
1465351078329913357
1465351149851140103
1465351764735971328
1465352339800432641
1465358242754666503
1465362347267182601
1465364519144894465
1465367186990534663
1465368196286869506
1465372876396183553
1465375360623599616
1465378452069142544
1465381430406664197
1465386462992556033
1465389287147458560
1465401657227767811
1465405822004084741
1465440180517621770
1465459039224090624
1465475054150447113
1465497460952875014
1465507734871285761
1465511095897108483
1465534810466619393
1465540697222647809
1465557120502358017
1465591475660627970
1465666213925818372
1465667306504216576
1465674474553057283
1465744938612580356
1465755133304840210
1465772181887938563
1465775296053977098
1465777110979653647
1465803172224679944
1465895933472870402
1466042867810459652
1466050365888122891
1466327085291552771
1466378286263533571
1466459887085375490
1466748301320105985
1466818570067881985
1466887756945055745
1467227521146097670
1467546832028983302
1468312444279738368
1468662613630492679
1469120057452101635
1469352701196738563
1469523688131227648
1470250787926429697
1473234054178816006
1465353646414176269
1466134002130112513
1465354088946753536
1465355180829028361
1465361699813289992
1465368858794106890
1465374908771442691
1465394768205258753
1465552680412233731
1465361597140856832
1465364489000427522