1463628773618765833
1463628878543343616
1463629114561073162
1463629191216254984
1463630113904410638
1463630504448733193
1463630826692882432
1463631067454320648
1463631114929639425
1463631555591557122
1463631740350742529
1463631795824435203
1463632229943422983
1463633376208953345
1463633468542361604
1463634022647869446
1463636201085284355
1463636270152929283
1463638961889419264
1463639215300882435
1463639381470855169
1463639411510628354
1463642006668791811
1463644579421380610
1463648872815902721
1463649398685061122
1463653750334132226
1463659199263649793
1463671981522534403
1463672103929106435
1463674788174520323
1463674790389112839
1463675247756992518
1463681922664742921
1463684098933899269
1463691386675359745
1463697386753122307
1463709066820087821
1463711800499785729
1463723658904494080
1463738950166581250
1463744874734231565
1463754438741352450
1463761850206720001
1463764242734088193
1463779652523147268
1463792090098421767
1463795148819558400
1463816032100012032
1463819214221946892
1463840501392723972
1463841783968719070
1463847959834112000
1463852207971909634
1463853348445114376
1463860444196605952
1463870807843618826
1463873501849391111
1463879828105572358
1463880086353027078
1463881251283161095
1463882152823644166
1463882687886901249
1463885487412846592
1463886981772025866
1463889396030136323
1463911890275475465
1463919167145455620
1463924974671077378
1463931654062297108
1463932142807920640
1463937653599084550
1463940332647686144
1463950399761641487
1463960963225317393
1463962790276837379
1463963093310992410
1463963318415093769
1463966128871510018
1463977902152851459
1463980831521705984
1463981209042796545
1463984362664312854
1463986847126732839
1463987470333321217
1464008793545654287
1464029110943076358
1464035801398972419
1464039757126713353
1464040756318933025
1464044083001708545
1464060183823454208
1464063637191110663
1464072106556239891
1464079069838987277
1464080198253568001
1464081215351255043
1464096431178928149
1464097820508495872
1464111427606790144
1464168443582861352
1464179127636869121
1464181533267443737
1464198390766616582
1464201177348952064
1464217563374579715
1464235229753786370
1464235568393502732
1464241103109070848
1464241943563669516
1464261604749418497
1464264230224359424
1464268761221976070
1464271330233262082
1464275123595210757
1464292744348717056
1464299231703973888
1464300865079103498
1464313082671415309
1464316619715272705
1464340226445246466
1464349338323218435
1464349793111752714
1464352848427327491
1464411942563430401
1464413138015514628
1464475012103036933
1464476110490636288
1464515640572747777
1464523997102628870
1464531176853581825
1464538075439284226
1464572533051691010
1464610894948843525
1464629184500801536
1464833212551610370
1464834876268367879
1464854038965534723
1464932058254479362
1464962995046338562
1464966097212477440
1464991984205152262
1465031537905356808
1465078252398002177
1465102608213979144
1465139329370578944
1465222339436630070
1465288403075964937
1465305899392765961
1465346406311514120
1465674544685932552
1465820567848640518
1465865404044218372
1466523159688003585
1466951266282713092
1468662581003010058
1469353259999584264
1486890983610482693