1459234779304501253
1459234880252960768
1459235109782142983
1459235868741279745
1459236019899826177
1459236150493663232
1459236301903839232
1459236421865246726
1459236642720473095
1459237227914047495
1459237409296683011
1459237723546476551
1459238104372555789
1459238969372123138
1459239884888104972
1459241963664785408
1459244557892214786
1459245182101037056
1459245730548355073
1459246191296880649
1459247716916154372
1459247999658434564
1459253250079657984
1459257421881356292
1459258074544410636
1459260482007797762
1459269028824838147
1459270751257825281
1459277701592891398
1459278751599140864
1459280030157221888
1459282398881878017
1459296589403594759
1459296966781853696
1459297095010115590
1459311173791277057
1459316301478850566
1459326487241314304
1459336180172951554
1459336727458238470
1459380437042839552
1459388240704811010
1459407904495136777
1459410068953255937
1459425576146644995
1459431062682193926
1459433092918091780
1459459611832979456
1459480054904369163
1459494374866313220
1459507345772404737
1459516779965812740
1459564856651091978
1459565866564132866
1459571855157698561
1459590386377101317
1459592627037343747
1459592800593395718
1459603895563563010
1459607784983392264
1459627929172799488
1459634917155868675
1459639940938027012
1459647495408164867
1459650677639159819
1459662380485386240
1459666326369320967
1459681210079268866
1459731214160384002
1459733291565785089
1459736929700773892
1459737854360256514
1459766584503721988
1459768746751504386
1459840987883356161
1459849043186704386
1459870111511330816
1459899403334995969
1459902380309372931
1459908232315613187
1459924279609470978
1459938824889507840
1459939499526479885
1459941751561486336
1459944823096500233
1459954299203637251
1459983080404434948
1460007561630035971
1460021035818881026
1460055763163004932
1460060322488852488
1460263844639428608
1460389676544831489
1460446108149334023
1460485978217459712
1460590966029627404
1460670714298650629
1460675650402934786
1461202026432548874
1461329043232591875
1461452090237198343
1463402322571116549
1459246677995495434
1459246848565288964
1459247424472592392
1459250636185387013
1459254925351800834
1459255123637538820
1459259468948983809
1459262608616275968
1459267327535370240
1459269102975991810
1459269254956695553
1459269592833003527
1459269759770451970
1459274624986877953
1459278657856282631
1459280868971843586
1459291753593376771
1459295618208198658
1459340698721869824
1459431067190976515
1459440373575651330
1459534678009028614
1459558844279918595
1459559722617651205
1459560574820491269
1459561035564609537
1459562837358092289
1459604290998345733
1459660309464068096
1459875691504312323
1460117624315129858