1458178679511597066
1458178862932713480
1458178864774012934
1458178869920415744
1458178974362705926
1458179779870576644
1458180215591497728
1458180348551090199
1458180399419506688
1458181940620656641
1458182049974476801
1458183854972227585
1458184530133651462
1458184583208488966
1458186468820717571
1458187175162429448
1458187387985616904
1458187980519182338
1458190792716169220
1458193351078039554
1458194854106865667
1458195091512705025
1458195454232043521
1458196956673712129
1458198574571786242
1458199226706399235
1458202879626522628
1458202927894564872
1458206642961457172
1458207000873996292
1458207301031104512
1458207330613538816
1458207850409381893
1458208093771288579
1458209215529488384
1458210016641622017
1458211004052086784
1458215258640822279
1458217008617517066
1458217164561948673
1458217696672161792
1458217846404796418
1458220828839923713
1458222411950739461
1458222763899035648
1458224175219286021
1458224258619002883
1458224265145294854
1458233179001733120
1458236559195582473
1458238890884616194
1458239089841483776
1458242606106914825
1458245323072147467
1458247845421723652
1458256150110121984
1458260127593680900
1458271418437746695
1458275008036343815
1458276552559394818
1458278368823152643
1458284713903370240
1458291475872194565
1458294551563493381
1458299188416901122
1458301864345096192
1458305934921326599
1458306316536061953
1458325083588530178
1458325229848211458
1458326805098770434
1458327482843676672
1458328485626253315
1458329163316744194
1458331223814598658
1458331411438522368
1458331904785227776
1458332996692447234
1458333097569574925
1458341727253659648
1458342670670057473
1458343808438087686
1458361795501076486
1458363782762217472
1458377334600445958
1458377525856542724
1458386750724784135
1458393921365716992
1458396320083767303
1458418918092156928
1458419530909192192
1458430393950998531
1458449572011851776
1458457430673735689
1458462038238367746
1458469709804806145
1458474749202472962
1458476044969603072
1458504036701769730
1458507185718239234
1458521520137924610
1458523118465474565
1458534629514821635
1458548163250475008
1458549063155134464
1458550287581462531
1458566883385430026
1458821941280710661
1458893030761525262
1458988578881425409
1459189320955449353
1459371458560471043
1459673731932954624
1459800991037943811
1459919454062661632
1459919823857721346
1459972694338797578
1460224904549261416
1460513669859594242
1460590442756591624
1461165691374080001
1461396403750674435
1461409551593492484