1458499947448385549
1458501543335022594
1458504501342744583
1458511494166073354
1458513105969889280
1458529785139941378
1458548120082583552
1458573525757927435
1458620595256508416
1458683825001840642
1459182570785153027
1460522317381988356
1463376261544222722
1458502159075618828
1458513129814495240
1458564073604333570
1458706479989592067
1458502153903947781
1458502254412111873
1458502266986672132
1458502481827274752
1458502635879911436
1458503162525069316
1458503618462556160
1458505674435006469
1458506562662584321
1458507462592679939
1458509158894817284
1458509691219230722
1458511895422545935
1458513216430960645
1458513745613770752
1458515407325696003
1458525665146310658
1458528736874311683
1458529017531863046
1458531843003719681
1458534756115750914
1458545579085103104
1458550992694390791
1458552741148696583
1458553081784852483
1458567415902597123
1458576083729612801
1458578305896960002
1458579312240742405
1458582595730616322
1458603891017326598
1458606399139758082
1458613444593139714
1458621777878437889
1458769653384323073
1458784114790780931
1458785784241217538
1458789607454101508
1458795604960817155
1458824667989426181
1458930971852656640
1458934686235996164
1458940436131819520
1458993592337420292
1459063013646893061
1459131800136167429
1459203384725184514
1459224418220191748
1459283454726713347
1459331642854502400
1459380848512286726
1459547129207300099
1459723136002363398
1459841889423798273
1459842090016419844
1459892029404553222
1460155053667274753
1460350511647965197
1460621238917902338
1461080754692128768
1461180137475559425
1462905645406072834
1458505733033668613
1458506302653485058
1458507155246444545
1458507274817789962
1458507475091664899
1458509593554956288
1458512566846517252
1458513574175940610
1458513750844076034
1458530936082010116
1458532137376706560
1458547217271242756
1458577761551978500
1458664772598173696
1458685989925408770
1458706142394306561
1458793257002020864
1458816789840904199
1458819144476889090
1458819159299657735