1465031284858757123
1465031343214104576
1465031467130667013
1465031706096726017
1465031726187618305
1465032336207228934
1465032753351565312
1465034705041039381
1465034778537725952
1465036765736099846
1465037922353262599
1465044812072169481
1465046673403617283
1465050117514448901
1465060929238929413
1465068756967829504
1465069382393114635
1465078566018768899
1465099397557981189
1465108927272693765
1465137481628721157
1465140399597658113
1465143185383079940
1465144023031726086
1465157728456818688
1465160064642125824
1465161064186740737
1465173648516554762
1465176957771943942
1465184476842139649
1465190818340347907
1465193261962727425
1465194859640229889
1465195095490060290
1465197943858909190
1465216408854437890
1465230948690120712
1465366013877399563
1465398654278127621
1465449102406205443
1465648753537343489
1465033788619202569
1465034517295648773
1465034953960443905
1465035064878645254
1465035248648044551
1465035393968054277
1465036533115797509
1465037296101642244
1465037647890554887
1465038198376046594
1465038399727939593
1465038564903854093
1465041760283856897
1465045404454735874
1465045729236463618
1465065432235352074
1465076242864955396
1465093216949215237
1465100245004554250
1465100378987380738
1465112345638674434
1465136994141589508
1465138093376344068
1465141290576789508
1465146162286145540
1465161626177482755
1465167804269838339
1465168369116540933
1465178732851712002
1465190185293934593
1465221647363760132
1465229527160954880
1465240221461659649
1465256198685347844
1465316141115531276
1465336600922001411
1465354271164141569
1465389627406233601
1465700721907494912