1455583422936719362
1455584844726116360
1455584891442106375
1455584914297008130
1455584929924980743
1455585176617111553
1455585800297480198
1455585804521283597
1455586087494041608
1455586111892373504
1455586189923127301
1455586300203974658
1455586807597473799
1455588539333320708
1455593739733270531
1455651261353586690
1455654466519195658
1455693610922528776
1455693770230484995
1455710526118445057
1455791998221406208
1455909186299207682
1457502325635837952
1457503393904275462
1455585522760421380
1455585543140491264
1455590910323052550
1455593561760706565
1455628511826284551
1455644952726282240
1455792003074117632
1455923200530042880