1459981688679845890
1459981717599490049
1459982345738625035
1459982398058229761
1459983070136778755
1459983656135524352
1459984525249896450
1459985857587384321
1459987281117384704
1459988482357485569
1459988874026000389
1459989440919654400
1459991211737968642
1459993271711715330
1459994228440932352
1459995786658435073
1459998350103793669
1459998797732343809
1459998939692744708
1460002311065980936
1460002909844738051
1460003864434806784
1460004652552884228
1460006978718208011
1460011227527135234
1460011396524126209
1460011499531952130
1460013952625262596
1460014268515033088
1460015959276539907
1460017094414774277
1460017994235531264
1460024692992057352
1460042397258244099
1460049932203798537
1460051410603675648
1460053293909131270
1460075166243950602
1460075911664046081
1460077523505717249
1460104875937832971
1460122453573783553
1460155796516442112
1460164091172073475
1460179237021929478
1460179576819228673
1460184821154697218
1460201717442699268
1460204808330219523
1460206082446483460
1460235275922292737
1460242683109117952
1460242857076437003
1460243153064239106
1460243604958502919
1460245179936485385
1460248189601202181
1460251363699474443
1460263808320950273
1460302200601776141
1460313999023693831
1460323291709722624
1460342154920804353
1460402371369046019
1460430047563563011
1460488278075977731
1460557412516212744
1460590925554532352
1460646594764812292
1460714542174928896
1461024874630201352
1461451828395184132