1464278162318127108
1464278698031525888
1464278882777923587
1464278903795568641
1464280437656805380
1464280696625762346
1464281142182490112
1464283147252961280
1464283694752014345
1464285804507848710
1464288800759513088
1464289101830672389
1464300982834061313
1464303937553526790
1464310238002257929
1464313375651893252
1464317789385203715
1464320850623184906
1464321117083029506
1464323844458565639
1464329344600264710
1464329650771927046
1464341393124511748
1464445432818401281
1464504539428659201
1464590918456070144
1464597061496627200
1464636343825453062
1464834788439715843
1464941265183821826
1464941389729472513
1464956349456994315
1464956598363824144
1464994681645936649
1465057285705809925
1464280667487932421
1464282910148550658
1464283051458973697
1465161310132396032
1464289126803464200
1464290664271724548
1465158907471540224
1464292704456785927