1462952603873157121
1462953335791706127
1462958955286732800
1463121709645680641
1462831833675014144
1462831989480902662
1462832238391963653
1462832455208026113
1462834301637218304
1462834337238290436
1462834459057688581
1462834718974558208
1462835682150211584
1462835702673166343
1462836088955936768
1462842780074586113
1462842789947838471
1462846852504633345
1462850487523414024
1462851354846646274
1462852733061505027
1462869166709301257
1462874582902263813
1462906257304604679
1462929418976993282
1462935035506565120
1462995107536416770
1463008925079408640
1463054865509367812
1463094231287746565
1463110789712203778
1463117414502129671
1463118420061347844
1463137935427923970
1463178429415657479
1463178637721567235
1463181771152019467
1463191537697927175
1463192141920940033
1463298905198706690
1463557385583271939
1463579551477477380
1463702335021109249
1463884161035472900
1464235765790134278
1464574110466560001
1464968161254596617
1464968223871356928