1460368283799105543
1460369225940353027
1460369862979690505
1460371531050147842
1460371661492871168
1460372485866676228
1460372962985529345
1460373171178250249
1460373206833979396
1460373530483335173
1460374998082895876
1460385115457028100
1460389801513951234
1460399131633995776
1460402306239840256
1460403355218595846
1460409800244842500
1460413503790067715
1460422776695758850
1460438599124594692
1460455029744312322
1460466563790819328
1460466818263531530
1460518239449063424
1460539021105393667
1460549104585613315
1460558897899454464
1460580793558908936
1460598515390947333
1460598861085433856
1460599119265816585
1460626834576621573
1460629481157185541
1460644703796350979
1460652792499081220
1460652840184020993
1460660658933018627
1460693036481093637
1460714230751973378
1460714714837749763
1460738034622734339
1460824813623250944
1460976553966325769
1461085295957270531
1461223456414978052
1461451740063141895
1461542106216943616
1462045514724102148
1462418733360635909