1460330489802371072
1460330644807065613
1460331037372956677
1460331278302158859
1460331667302883345
1460331683866107914
1460331719723159552
1460332277964193797
1460333606262480901
1460337153901162501
1460338516794224653
1460339010853740545
1460340299931262978
1460340388397555724
1460340392465866755
1460340515031945219
1460346561137987584
1460350041831485440
1460351856291586053
1460351862645874693
1460357613460226049
1460358986927165444
1460365554443771907
1460366837208735759
1460368344171757570
1460372627550265350
1460373614931288065
1460380713589657606
1460384565302902785
1460390884722233344
1460394572396310530
1460397476641488897
1460412796106121219
1460431512373841923
1460454216950960129
1460469530321309702
1460485698906034181
1460489773504610305
1460508516385497090
1460518230934630402
1460557398603710474
1460576525967835138
1460582073295642628
1460585170994483223
1460590884269998091
1460621650525929480
1460622738243080202
1460626254047195140
1460626880160272387
1460637137074855942
1460637526159507460
1460659757564379136
1460668847938281479
1460686180350144516
1460775129118654471
1460815618115084292
1460838213652828161
1460944817844797443
1460957016281825280
1460969172385554433
1461014998671626248
1461043040282423305
1461047725756227584
1461096422925815811
1461107972084543489
1461420092990885893
1461451782220038148
1461477462064386056
1461491503142952963
1461519531239694344
1462096845564350468
1462353764388642820
1462431225616863236
1464218607764733955
1464534110085562371
1464756042844286978
1465998611901304836