1464674448980602880
1464674539065856002
1464675225258188800
1464675581702848521
1464675955251765259
1464676166019682306
1464676202531205121
1464677566199910403
1464677787290128386
1464677959403556869
1464680686082691074
1464681330151768067
1464683907400486914
1464684227983675392
1464684402533875713
1464684548877438977
1464684995457568780
1464685378464587784
1464685660632014853
1464686130821931011
1464686435508891649
1464688093580120073
1464691840993488897
1464695389785833475
1464699766080610304
1464700903718592517
1464705414373720071
1464726930041806850
1464728373645746176
1464754733495762948
1464755205577363466
1464758366870597632
1464781748076752900
1464782598358675462
1464788703327531012
1464789369127112708
1464828682443407363
1464828825121005572
1464834480502448129
1464866776177643523
1464919500050993158
1464932780056453125
1464945782507900930
1464956210055110662
1464962912477499398
1464968214862090246
1464986923605315595
1465009563753762835
1465092299399049219
1465153589987393540
1465282217853263884
1465298834133766144
1465300994556891146
1465372939486994440
1465373175802478594
1465380561216704512
1465447677441630211
1465631844670521344
1465672062454800386
1465702559587323917
1465704737357975561
1465705533940256775
1465718232489205760
1465718665928654855
1465725664007438339
1465731389257617411
1465734836539170816
1465753207058149386
1465775428623339526
1465854960890003457
1465872736631209985
1466032877406150659
1466089379877818370
1466170184255873026
1466170759563386880
1466174225740226565
1466327275155120128
1466407575209926656
1466431885928812559
1466449594640998408
1466482165235998722
1466507605006860291
1466556871184052230
1466639195800100865
1466748429309296641
1466775585414332422
1466855193220427783
1466906379839582209
1466940468575539206
1466985801896665088
1467197217366675460
1467383927060897794
1467457055619383297
1467465123958718465
1467541693763244037
1467541862244253698
1467543841263829001
1467546271959457799
1467584655234842628
1467675800602304514
1467913336004038660
1468073723563364354
1468255588094197767
1468333952515526656
1468338165006024708
1468404819316543491
1468414934224617477
1469072801747275776
1469208519152910338
1469280229067739147
1469294986181189638
1469295660956532743
1469454633873526785
1469496767569817603
1469503448651550721
1469657057670443013
1469678752066015232
1469679091435466758
1469685366672310273
1469715938480111617
1469758841260756997
1469869362043568128
1469979170700677126
1469980569899524102
1470212615443996677
1470440472409788425
1470533138652798982
1470588476026503170
1470985633904705537
1471027833334083585
1471138056598028288
1471172511823904770
1471191484644966403
1471294477864210441
1471486439284260874
1471510356614795265
1471626117865824257
1471656795743608833
1471789481657348097
1471825055223062529
1471875569847439362
1471923374494560259
1472018749804929029
1472038969047191556
1472053719487422464
1472115913495232512
1472148507154804736
1472150984235253760
1472152762473492481
1472153269048913920
1472153750835892225
1472154368392810500
1472164199191269377
1472164877405929473
1472166201627451396
1472166482729648130
1472166811059822592
1472172637988216835
1472172790283440129
1472174466499284998
1472175302889676806
1472177665612435462
1472180630616260611
1472181632346042370
1472181958398685190
1472182346875129861
1472183084615356418
1472185843188129794
1472187166533074946
1472187707577319434
1472192499905175555
1472194958304194565
1472197999556059139
1472198339865329664
1472199908967030785
1472202327494905860
1472203421784494081
1472210598909861891
1472211106991009793
1472211125014081539
1472211543341346828
1472211629219721218
1472212518131093506
1472214913821159431
1472215537015001092
1472215766166503432
1472215860303392773
1472215903433539591
1472217096830566403
1472218106806165505
1472219756958830604
1472221592721793027
1472222143832203265
1472222493905674249
1472223399367753733
1472223446763544589
1472224136068059137
1472224157412872192
1472224614428254210
1472227260174422020
1472228073785466886
1472229113729634309
1472230146505469953
1472230531681210375
1472231666462642182
1472231749413490688
1472233739098939396
1472234705986600970
1472236571399237635
1472237449011089409
1472237826171617280
1472244738287816708
1472246579109273602
1472254373745119234
1472255335159058433
1472255875649732608
1472257619377152001
1472258279510261762
1472261470402580482
1472263196157235203
1472264825786953734
1472266325686820868
1472270701520318467
1472281513760808969
1472282060891078661
1472282801089089539
1472287912628731904
1472301135545487366
1472330254714904582
1472344415914106885
1472344963757268995
1472345134339608576
1472359992263127043
1472364650666725377
1472368455059795973
1472393577380655104
1472401168324304896
1472403689377775616
1472436480429551617
1472455638559035394
1472489089085628419
1472517581756063746
1472522559472103429
1472537631561076742
1472541168835645444
1472556153829662721
1472570175744622596
1472572676623544320
1472577862452793352
1472578976027713540
1472583130439688194
1472585792400809984
1472587785068503041
1472605142277050371
1472614436141613059
1472650801873141761
1472656782929674254
1472657092632793101
1472657996346019844
1472660240042704900
1472663063321063429
1472663899526909955
1472676368735481856
1472677963690909703
1472679112963723264
1472682943323639808
1472683926300897284
1472687425646469120
1472688624269500423
1472689233840291847
1472693280982896642
1472702482501484546
1472705208635600907
1472705778981093376
1472707097997365248
1472707290272784391
1472707379804450825
1472707398037032961
1472719024404508680
1472748148477071360
1472751875879538695
1472754509222973443
1472765680600690694
1472775092056825858
1472793227296223232
1472808103519215617
1472826215098720257
1472861484430602240
1472879698766086153
1472930610771603456
1472942466441650180
1472944094058102799
1472961072453849093
1472968109489278977
1472989236102152193
1472996225867735042
1472998545745747972
1473006388116922371
1473018762651738130
1473030311659384843
1473031141233991683
1473037926053335049
1473038758698262531
1473041035152482314
1473051083618627588
1473054473413038081
1473056915513032706
1473061365698936833
1473069031502585863
1473073567998824448
1473088202391142409
1473090676178964480
1473095431932583937
1473100879041425412
1473179204439085057
1473199760374915072
1473200139250634757
1473204527138590731
1473223652581777412
1473228412013715459
1473229601451085825
1473335580389904386
1473344323337043970
1473425113727053828
1473648379309830146
1473939972134776840
1473995256806924290
1474034608580743170
1474035612772487170
1474057286050009093
1474068759853867009
1474074861278576661
1474075044909359105
1474076796958044161
1474079342170935296
1474082134780350478
1474083478971031556
1474083658550198274
1474084342137860101
1474084578453303299
1474084580818837511
1474084590981632005
1474087027163516937
1474087197494190089
1474087224677474306
1474087486187966478
1474087725863247872
1474089393321549824
1474091009223057417
1474091866953945107
1474093012863135744
1474093969801895953
1474096219848859655
1474097546339434502
1474097802753937419
1474103603799470087
1474105324432859139
1474122387872522245
1474135283721400323
1474136488078192641
1474139177151340545
1474146728647409673
1474151836437389323
1474209457462816773
1474253847765921799
1474274937347137552
1474323998481735680
1474406025860194330
1474506834685874176
1475524670707441679
1475822256513339395
1475861531980091394
1475902645097443334
1475909408798482433
1475910028209139713
1476429786528423938
1476874667629625362
1476939938696470529
1477139177519026182
1477494063867781120
1477512744073142276
1477589291933081600
1477619941805211648
1477716050494070792
1477716079262801920
1477956455701614594
1477989629655764994
1478111494000635908
1478167081187266560
1478208111416590339
1478311789494521856
1478321984245219330
1479083490037706759
1479136438822359040
1479161149459415042
1479178224882040840
1479236893544169472
1479242019281141764
1479263694387245057
1479352438322700289
1479358766235672577
1479373656341942276
1479411121933193216
1479482996164026375
1479621146769301505
1479738008211533824
1479961808941240320
1480223346025320451
1480635732603674629
1480644680526143488
1480971436604940290
1481261991524278274
1481287044689272832
1481620903658016769
1481687977105444864
1481772051493007367
1482352633624944641
1482373894916947970
1482686732453781506
1482894786357084165
1482899500712620032
1483376239100452865
1483782522421092358
1483957429607878658
1484256646457085959
1484321946921684998
1484660234664697859
1484912033975848960
1485203444659068932
1485406216314662913
1485425703009107969
1485427572368285696
1485458703977488384
1485509068177305602
1485581555389112322
1486039766797795330
1486221373127147524
1486336508097400833
1486667239751360512
1486876574905298949
1486946020781174786
1487275172377907208
1487821079292874755
1488118773785804806