1460681012611006478
1460830401283432452
1460639449331781634
1460639474304442371
1460639709110095880
1460639913330675714
1460640809456336897
1460640858252869650
1460641255197757441
1460641414379970567
1460641506516217863
1460641870267097092
1460642616819683334
1460645061469691906
1460645817484599298
1460649467368124423
1460653055611920384
1460653751857909760
1460687185259241480
1460689837107953668
1460745020840058882
1460880472490262528
1460643925828460547
1460645025012875264
1460647275730984965
1460648013022457857
1460649087909384193
1460664562395529223
1460664592611250183
1460680886110855177
1460686612300500995
1460698345429737480
1460890106932379651
1460654842951520261