1459191631320653834
1459201122317606917
1459201581728083970
1459211009416220681
1459221242901237760
1459226065147248645
1459227288575172611
1459251153158512641
1459269466328469505
1459278092686536713
1459359333100179457
1459550528162127880
1459658938388037636
1459755949074395137
1459930188075212804
1459935354912391171
1459972031873789963
1460576577268248581
1460690313543049220
1461330184683106306
1461452176111415308
1459195279668822017
1459421127588163586
1460304033105776643
1459204632861822980
1459218925326061578
1459431506531819522
1459211435901390850
1459212030825488403