1465385781221072910
1465281890068443136
1465281808661102599
1465281853368250377
1465636090736427009
1465283562312065030
1465372543980912648
1465300079825272835
1465313931807924227
1465314075186020360
1468477345124298757
1465301329987862528
1465319283685306372
1465319247043776524
1465319208384933893
1465286879125901313
1465287237202063365
1465287880553623556
1465288883751559171
1465302421618376709
1465319175908474881
1465541341459402757
1465287930126094340
1465319139770257408
1465320037628133382
1465325504047816707
1465361824459550720
1465377256587468800