1463225655911346180
1463225721715761153
1463225858374574081
1463225896706347011
1463226935090335755
1463227127780753416
1463228367784890378
1463229677523243012
1463231819315400705
1463232298938249228
1463232906361548806
1463234115881385992
1463235040578457607
1463235707347025926
1463238095374110726
1463241473504206853
1463242952633987077
1463248076932530181
1463252710111780874
1463262257006010374
1463266834338230276
1463276116752412676
1463276163481149442
1463283153565413378
1463284430584393736
1463292246086799361
1463313235592024066
1463321387506888710
1463334478395420676
1463334631139426304
1463338275934900224
1463340415587921924
1463350626616844290
1463417261327364098
1463485585537052674
1463527242575794176
1463530140835659779
1463606083109466117
1463611247232962564
1463618246037446666
1463883680183721991
1464209282627522560
1464209771003842560
1464219226596462597
1464235550475530246
1464516405706035207
1464726037598720005