1458480841030443013
1458481163220160516
1458481699168288774
1458482173678432277
1458483256207216649
1458484354011774976
1458484603015122944
1458486328249696256
1458490604187537414
1458492108491395082
1458493684740235271
1458494338485338126
1458496364824993792
1458503308256190471
1458511590513430528
1458706135062560778
1458841776534532105
1458989342223835142
1459029422070194182
1459038949943517185
1459089902826627118
1459277493618323466
1462018369465557001
1458563875641638916
1458818364307091456
1458489265936023555
1458489936261222402
1458490098002145286
1458490109762867212
1458490322942496770
1458490865098362880
1458490954340392960
1458491024146370562
1458491096498122752
1458491450916700160
1458491477323960323
1458492520166461446
1458492891597258753
1458493360692473861
1458493951330209795
1458495460046479363
1458495901274624005
1458496833060278280
1458497247432245253
1458497833611452424
1458504630732836867
1458509239899537412
1458515872763588610
1458530316914606086
1458535330383020041
1458818994564128770
1458841748973752323
1458854326370287621
1459515093704577027
1459684534056898565
1459684787585695746
1459762692827369473
1459874299809087493
1460750029652516868
1461033224134610946
1462857399916711947