1465158412954705925
1465157891145486340
1464321280258318336
1464321891225804800
1464322283368034306
1464322385901928454
1464323174552776722
1464323268622622722
1464323547292217352
1464325961160310787
1464329804061286407
1464330938935091201
1464333909961764865
1464335011411161090
1464335570944106498
1464338219500199941
1464339223037849600
1464340597355995141
1464341742866645004
1464343317156663304
1464348237691768832
1464351058705084416
1464356546603749381
1464364306615582726
1464375423341633539
1464378354287718405
1464380358817095680
1464385547334529036
1464385861647224837
1464387372293005324
1464390990639218693
1464391672234659841
1464395613353689088
1464406446808911872
1464407761333141508
1464410238824628225
1464412459687632899
1464414181117988864
1464414429412478980
1464425298779422728
1464428680801923074
1464438733629911040
1464439508045283330
1464448989110099968
1464453764190982145
1464454554762846210
1464458850464010241
1464460351919906816
1464473028574650368
1464504563222945794
1464527548742782978
1464545640424353799
1464566887820390400
1464598779957366792
1464602411000119300
1464603140997668874
1464603818008662016
1464611455228125187
1464612684435972098
1464615651591524355
1464625959030730752
1464630217444663304
1464631567859392514
1464644583296438277
1464647242808279048
1464652406474608640
1464659036914266120
1464664434169679874
1464671619188727811
1464698538936389640
1464717746558492679
1464726847342538754
1464760020583731204
1464776478898343936
1464794492041637890
1464811665443205121
1464832826742767623
1464834390018740224
1464872535539998725
1464893686290911233
1464899282075635716
1464901830849163269
1464956297422512130
1464966387575705604
1465039354351562752
1465079346369019910
1465090232643166217
1465123400976846853
1465157070005719043
1465158728676610050
1465159064225075202
1465298973619539968
1465304528585203714
1465324416011841548
1465444663318302720
1465544545890975747
1465629654962741252
1465674500356378627
1465775503323840514
1465798753848373251
1465893280881643522
1465903334959861764
1466109072248168451
1467013478158258176
1467184673142968321
1467343150498951171
1467344855470772228
1467348963460362247
1467349097250275332
1467356559235637248
1469051215766036483
1469353765845225478