1461077844403101710
1461078604733992966
1461078605509926917
1461082548147081217
1461082697854500872
1461084922962137092
1461095434869526536
1461107135425753088
1461117298731745285
1461122781899329544
1461123911752445952
1461242914135322626
1461256540606939136
1461303200401797120
1461533442667995136
1461574693689856003
1463128930320326661
1464755689621016580
1461084592107098120
1461084869371461633
1461084869870641154
1461085264424554496
1461085486638899202
1461085591605551107
1461085644818681857
1461089023942971401
1461090740717637632
1461091869069221891
1461091890590359559
1461091916636958728
1461118065295314945
1461123171373891584
1461242920011505665
1461366453509050375
1463128215308877829
1461090448030814210
1461090471686688774
1461090502577725441
1461090584530149378
1461091212031635458
1461091420731813891
1461092222854647813
1461094707140964355
1461095258410954755
1461100762692476936
1461101252771733507
1461103239370350596
1461103502978170883
1461104995718373377
1461116569212231683
1461119590235267082
1461152418066886656
1461177092855504903
1461185515265298435
1461210360371892230
1461257842212491270
1461286448213205000
1461292484483555333
1461293070218104834
1461296110237106177
1461328150948978698
1461335875703521286
1461339171205758988
1461352926618611724
1461353039306973193
1461381152816746503
1461381473299312647
1461381879106580484
1461391453276487687
1461391692368596997
1461394278526107650
1461411528259870720
1461448558209609739
1461449716667850758
1461450777076158464
1461479242475225091
1461485366221885447
1461556148453134340
1461647825184428035
1461669966260879361
1461705465759469574
1461728230889725958
1461737271590277125
1461737772742594571
1461837580673114121
1461868461345456139
1461899001209442306
1461904048022503424
1462026361749573634
1462032649661427722
1462054668767580166
1462124546262138883
1462224263868473345
1462452660104278018
1462458777693835275
1462469443557236748
1462530047059939337
1462550457130356741
1462564888816111623
1462572161131065344
1462620560307986438
1462633197158735877
1462776925324197891
1462780374363389953
1462882498166374417
1462885639389548545
1462905416921276417
1463035944387371010
1463040833964232706
1463121584013643776