1457268584837681154
1457270594798592002
1457271214657863688
1457271458913161219
1457274272917950467
1457274748518469635
1457276487523000323
1457278266369318918
1457279206749003776
1457301976153219072
1457304421835157504
1457305683485806601
1457306097702735876
1457307123201675268
1457314235273433092
1457315759932203012
1457322273422016516
1457328166658138118
1457334145231826947
1457334645452849159
1457334661990998016
1457340161151361028
1457341299510501377
1457344615615328256
1457356570912755717
1457364887877914627
1457365138516975618
1457365662020653056
1457366538688901122
1457366570506891269
1457366685304950784
1457366950976409603
1457370546006634513
1457370711140573199
1457370852496838667
1457371236447793153
1457375086961434626
1457378267233611776
1457387014198894600
1457402780553994245
1457432690139959298
1457463446031712263
1457491599215243269
1457501663686586376
1457511158319960066
1457524669670563842
1457541492268961794
1457550477634146311
1457619210343964675
1457634804485197828
1457690739547283465
1457704752070815748
1457717456139554818
1457722016719572993
1457725450114015232
1457825128549597185
1457873793045565440
1457942957676318721
1458777097279737858
1459171192846237699