1456275747035926529
1456277270251941888
1456279825375768576
1456284915960590342
1456287314024468484
1456289315840004098
1456289692740202497
1456297692150259712
1456300110799908873
1456936597937692673
1458080667028365315
1456278425400979456
1456282344734793734
1456305141498400775
1456316448335400968
1456320516080521220
1456327428775755784
1456335994651824130
1456338839509815298
1456358096087904412
1457874989466611715
1480619588463345669
1456284948059594752
1456286027023269896
1456287297872306183
1456288288373837830
1456294985679081474
1456298018047729666
1456298604042219520
1456304967573250064
1456305455244926980
1456306817877745668
1456320430906568707
1456376592557563910
1456398616990568448
1456449149637959683
1456484358303404033
1456498376745238536
1456512341009371142
1456513288011800576
1456514603844767747
1456626201565433861
1456627460028526592
1456662303718445060
1456688618919976963
1456689678132805634
1456690418645495808
1456700652122374145
1456757323272101896
1456943823817433092
1456962129437855749
1456993481155432450
1457874904120840193
1456285365820530694
1456285502412312578
1456285864385032195
1456286668999303169
1456288432045633538
1456299694557179913
1456416149500014595
1456615101197426699
1456632126745546754
1457005366886158338
1456305375741894665
1456307076486082568
1456286507027910659
1456289903789158401
1456603599962877962
1457018499675537409
1457052486456397826
1457096591748177920
1456286149308190726
1456615466110230536
1456632983834677256
1456861415403184129
1456286300080857096
1456287117349433344
1456290607480123392
1456295037214539777
1456320394332229633
1456326868328755200
1456498988597743617
1456286358562037760
1456298891440103439
1456286419354329092
1456290420036620307
1456292693651435531
1456297038350589957
1456298954019119115
1456299826992218115
1456300804089028608
1456302183008423947
1456303251222106126
1456303604558598158
1456323328356978693
1456323870479118336
1456370450955583491
1456371485191426048
1456633591077683203
1456957395951828994
1460990049449820161
1461026838633922560
1461124400795770886
1462789367232184320
1456286851698933762
1456287133656780800
1456287056381063173
1456287160168943621
1456287567817498624
1456287696557649923
1456288532520181760
1456289939889479681
1456299003067305985
1456324342074290183
1456353425751486464
1456609811357999107
1456287214363717632
1456287268675665923
1456288583271305218
1456287428604534790
1456288035159613452
1456288538450931717
1456289691293073411
1456299050186121221
1456287573857476609
1456287645613580293
1456288700325941251
1457874923964174339
1456287696528281607
1456288103199481864
1456290875055558656
1456291312450236418
1456299097443344395
1456320348962521088
1456610375424675847
1456610481293115395
1456622321343500293
1457874944130367496
1456288058727297025
1456288560634531841
1456290222111612939
1456291520164859904
1456299137670942721
1456337362233921558
1456399786504953860
1456456377581383681
1456517110381809690
1457874882826366977
1456288304668807176
1456291214265835520
1456297689205903360
1456298701761269768
1456315435331330059
1456315641863020544
1456616564900483074
1457874858713358337
1456288469144199178
1456289713317421058
1456299256621330435
1456517117025587224
1456616680986185736
1457509099332120585
1457874834185089024
1456635077933379591
1456770744352923649
1457874813289041920
1457874786076413953
1456289122570670090
1457874750298935296
1456299336233467906
1456517132515151875
1457874723551932417
1457342405187751942
1457874701095563267
1459172176850931713