1464295211912544258
1464295929352110082
1464296792728784902
1464298735782014979
1464315909208686602
1464331827980742658
1464436104363483140
1464504552829431813
1464593604068839428
1465429706459676675
1465160072879910912
1464296314024378368
1464296615431319552
1464296879852769286
1464296980524503042
1464297740893044742
1464299097293307909
1464299530204110848
1464300758720028675
1464300918162264073
1464301125826342915
1464301216087822336
1464301447512690689
1464301657966084097
1464301902410174476
1464301979258208257
1464302842299273217
1464303018418003968
1464303121136562178
1464303260282589187
1464303421343817734
1464303841462001667
1464304355922882565
1464304491252097027
1464304560600723456
1464304563528286209
1464304941502132230
1464305154195222535
1464305159744282625
1464305771852668929
1464306440135487495
1464307237321650182
1464308008398176259
1464308409377955844
1464309205314199553
1464310655054491657
1464311337299939342
1464311821008084999
1464312294310133765
1464313006301409282
1464313232357613569
1464313320987668484
1464314322558017536
1464317282943909895
1464317315768541192
1464317645247979521
1464318701692342273
1464319305261236233
1464319406851432454
1464319491903561733
1464319742458544130
1464319984654602252
1464320867266179078
1464320984392085507
1464321010824622081
1464321069658128388
1464321299652694027
1464321415918854146
1464321490019667974
1464321541936664576
1464321660409065478
1464321845629497346
1464322272387166208
1464322487639056386
1464323245285466114
1464323434071007238
1464323628103868426
1464323775730786305
1464323908371365894
1464324592047120403
1464325526579994626
1464325851089096709
1464325919024242693
1464327851235184640
1464328914512146432
1464329289105563655
1464329422056706049
1464330315116208133
1464330416647725060
1464330698031083521
1464330950997856259
1464331001350471687
1464331282310127618
1464332012366487557
1464332507546009604
1464333839589851139
1464334037271470080
1464334479502331906
1464334897338667010
1464336236492034048
1464337205346938885
1464337470833803265
1464339637883658245
1464340749919539204
1464342546105057280
1464342601730080768
1464343073819967499
1464345059177152512
1464345187249963013
1464345375133908997
1464347630499250187
1464347903426768905
1464349561195876353
1464350188617801738
1464350497775697927
1464350578260074496
1464353042199977984
1464354156236345344
1464355574984982530
1464356298917515264
1464357406859612165
1464360116292046853
1464360558908555271
1464361036111355911
1464362042119311363
1464362273405906954
1464362729804910594
1464363077592358919
1464363444304371718
1464364125530861569
1464366332896432130
1464367048415453194
1464367240036466692
1464369846238560256
1464370284186718208
1464371677823971329
1464374648565608459
1464375428471218177
1464375704045461507
1464376655728762899
1464377969850437635
1464379886718656517
1464380691089661953
1464381142300172293
1464383764931366916
1464384731378864143
1464385514413465605
1464389344085614594
1464392302403665927
1464392658743402499
1464394519235997699
1464395008434487300
1464395768937295873
1464396646918197248
1464397561293271045
1464397658194329603
1464397729380007938
1464398801930756099
1464399670650621956
1464401050694213633
1464402637160210434
1464403567016558605
1464404573628608518
1464407419006631937
1464407848016830465
1464408693588430854
1464410884567187465
1464414347535527941
1464414642365603844
1464415650202337285
1464417171778551815
1464418966890242050
1464420133758070785
1464421801799434246
1464422139851849732
1464422425127436290
1464422492999602180
1464429390779932678
1464429891911360520
1464430844072771589
1464434719987322883
1464435237803282432
1464435345685053442
1464436241722527744
1464437720495714306
1464440573788577793
1464441549828210693
1464441829785432066
1464443507272294405
1464446207128911877
1464449093716131841
1464449135407349762
1464449710605824001
1464449989653012486
1464452705385168902
1464456128591536131
1464456452697907202
1464456907838603265
1464457446618017795
1464461728029282308
1464468073168052233
1464476811421646858
1464481502591426560
1464482606255325189
1464483254241837056
1464487481504673802
1464490023202398209
1464490157776814081
1464495640919089154
1464496201110372354
1464505570841477122
1464509072422674432
1464513076640849921
1464528823106650114
1464529561220050951
1464533829318807552
1464539571874672644
1464550087388979200
1464553363106893825
1464555808063033348
1464564545779912708
1464575133473980419
1464575924956024833
1464576570337734660
1464578437927079944
1464589424377880577
1464590150764150786
1464592084824834055
1464596603839336452
1464597758485139459
1464598389320990730
1464600368583565313
1464600509663178752
1464601732931981318
1464602164257603584
1464602504189075459
1464603267531526146
1464612729373839368
1464614087904608257
1464622283088093192
1464624667159928840
1464625257482964998
1464625894685917191
1464626519989440529
1464629164871491588
1464631926745182209
1464632476320641027
1464632514190864389
1464636399735373831
1464636611728220168
1464636790309072910
1464637965448081412
1464640481577652233
1464640769227165699
1464645443262955522
1464648686118457347
1464653243821092864
1464653287467233293
1464653300117213185
1464654704143581187
1464657588776321027
1464662322010591242
1464663396171739136
1464663425959841794
1464668849542942720
1464670846459461634
1464674185008066561
1464674695672963075
1464675864893968389
1464681256680144898
1464684967334756356
1464685497331109909
1464685742576308234
1464686275487666178
1464692167457357826
1464692932468826114
1464694926445187072
1464699546685091840
1464700660377481217
1464701932329746437
1464702460078010373
1464702793638420490
1464714719365939203
1464715526022656005
1464728026546069504
1464732688280133637
1464736339522433031
1464737404644995073
1464737674015780865
1464738634595278853
1464740984219127814
1464741803425468419
1464755191291383810
1464755287122923528
1464755486935429121
1464758419731091459
1464758666469548034
1464765167649046529
1464770252596727812
1464774242336231427
1464783408844849152
1464787046241906688
1464788799335157768
1464789998515863552
1464794872192372744
1464797248412291077
1464799173576835077
1464800583936876544
1464803595333902337
1464804351847903236
1464813510987329536
1464813745851428871
1464815023935610885
1464815086283935745
1464826256625651715
1464828743189340164
1464834824540246026
1464840312983941123
1464840723233062917
1464846536211324930
1464848787797692418
1464861399629410307
1464867715416412163
1464884114574778374
1464886608642158592
1464892440805089282
1464892916112019460
1464901253889101824
1464916620976005125
1464930405811990536
1464932823744364545
1464936614958747658
1464957596457185285
1464966036898426886
1464979897080848392
1464979916122845185
1464981420477239300
1464989872318464003
1464998425301291013
1465009678849511426
1465029606185000964
1465067085285888004
1465093896044699652
1465196834964475905
1465222792564154371
1465289433067008007
1465328533555716096
1465351380886081537
1465416580234317831
1465448410824200197
1465651024715300865
1465685180832747531
1465693829785264132
1465696542346469384
1465697433615142929
1465707278409994258
1465713410042175490
1465715776195895296
1465751502539079681
1466340012316889090
1466556028267417602
1467588841792016386
1467616979716648960
1467783341005062147
1468561574281445378
1468915802804043780
1468958102204551168
1469622982951776257
1470181401152528389
1470182969285300228
1470638897780584448
1472056196836339719
1472425267905929219
1472568938475278347
1472573051883642881
1472623397884477440
1472655948334481408
1472953098406670341
1473718946511704064
1475985017163505665
1476778733440847875
1478857280221237248
1480057821647437824
1481170222371405824
1481421219148746752
1464326260851568644
1464300781025341442
1464360031613337607
1464504825433968649
1464602631524036614
1464649254887038981
1464649446432538633
1464649867083407361
1464663702637010950
1464757581214269440
1464836095540019204
1464894413960851456
1465005407420784647
1465449623489683468
1465735059185577985
1466775236095975425
1467589173230067718
1469623014492884999
1472568966371553287
1473342118970208263
1480057867881222144
1483621016937148418
1464300796972044301
1464302116164575241
1464302446688317446
1464303295506399235
1464303547999309827
1464304418761805824
1464305098151149579
1464306775558029318
1464307880107065347
1464308086051684358
1464308485278027784
1464310769672232961
1464312125904535559
1464315731168972805
1464316135478808581
1464316453918752769
1464318429125566471
1464318565150908418
1464324698997727240
1464331876336910343
1464334666656219139
1464335740532314113
1464336449021513730
1464336491061129217
1464339699569500173
1464342224410492930
1464349013931614208
1464350405131837442
1464354722832424963
1464362139196526592
1464365363387375627
1464373078033678336
1464377180360626177
1464381452980686855
1464382943812456448
1464385521866747908
1464398760742580224
1464399091245404167
1464428720584810500
1464429200656539648
1464437303112257540
1464439555315044353
1464456122375360512
1464462932889190402
1464501043148955653
1464503849201242112
1464504803757801474
1464524612130074627
1464552951930920965
1464557917978304516
1464572032088215552
1464602701132709900
1464639528916992010
1464641130159607815
1464648184710508550
1464651114373079044
1464660769103040519
1464785513609449473
1464848869049745414
1464863014826360842
1464989715153707013
1465099201671360514
1465777815069106177
1466530512462221317
1473670721142460421
1464301841739485194
1464303286714986500
1464305459075203094
1464305854434267137
1464308236358725633
1464308464742645762
1464308530975023110
1464311919360155648
1464320503200595969
1464322656136744963
1464329063938633732
1464334348988022784
1464334467284221955
1464370421902585865
1464378653761052675
1464381306263900169
1464388129012527105
1464389053764280322
1464396043748053003
1464402804014002178
1464417103105204224
1464423162456723462
1464442447291899913
1464446303539281925
1464449391767527424
1464451265912446976
1464453881509912578
1464472032935034888
1464489961177165825
1464490604830752773
1464504808338034689
1464512928942542850
1464529338502574084
1464545299641286660
1464550783253422080
1464570206475497474
1464603993771024387
1464632898754072577
1464639524471021581
1464641430358528010
1464674526537699336
1464674907997061129
1464680698367942657
1464690530520993793
1464807114136641542
1464847017008582658
1464867799117930510
1464897516957319169
1464911809949880321
1464932248050937858
1464942837515145224
1464969636651405312
1465019846991642624
1466166426566340613
1466170051166408712
1486402896136704003
1464302074141679620
1464302890567319556
1464303706934059018
1464306108202463236
1464308844650131457
1464313849214083077
1464316245180706818
1464321298486734848
1464322889272856578
1464354871398830085
1464363610495500293
1464423516204421122
1464464183286771712
1464504559586455556
1465002547731521538
1465012426986905605
1465419204715286537
1471415171990102017