1458876125971722241
1458876505644220423
1458877730045444112
1458877824425676806
1458878422940364809
1458878719070777349
1458881435809497090
1458882253061304324
1458882549355220993
1458883056991883265
1458883283614318597
1458883983945744389
1458884032368885773
1458886060767801344
1458890386135474181
1458893572531384340
1458896577620332550
1458897517697982466
1458902101824659457
1458902880308531200
1458903213818531844
1458916799672721418
1458933820195893250
1458944205879918593
1458953716736823310
1458954353763655689
1458956304756756481
1458964257534627848
1458965663481954305
1458969225238880257
1458976801431031814
1458990495695261703
1458993728471941120
1459018240802410496
1459040259757391876
1459047094627356672
1459068565156511750
1459095370462478340
1459160081929490439
1459178363273285653
1459179497597636613
1459192022288502790
1459217356304142346
1459889579146850304
1459912913066631177
1459993913582882818
1460051767060750342
1461201013667504128
1461201151823691778