1461726816947752961
1461433821405057029
1461441969360551941
1461454500120739844
1461456279830941703
1461465793632243716
1461467619861667846
1461519510783987714
1461531712643502080
1461559720938987521
1461586554552344577
1461605354777853959
1461703257252786180
1461731447966998531
1461734839225180168
1461746014428098563
1462456156224376839
1461436045849997321
1461436665373683713
1461440515279245318
1461442375096561667
1461442559969054727
1461448706431938560
1461449867335815174
1461454636355706880
1461521459969409027
1461535099175018507
1461586459794673671
1461605357235621888
1461655562081423362
1461734933894815744
1463127618547499017