1459283421058981888
1459283432823996424
1459283452113702916
1459283472015634436
1459283963843952642
1459284761969672197
1459286221528739850
1459289130094022659
1459290558170419201
1459291102939389963
1459307777961168897
1459331281955794944
1459366384958324737
1459375853780021250
1459495598885904385
1459499669348929543
1459514831757889542
1459626367000137732
1459644849641209856
1459709201559834626
1459745600308580353
1459887359458222080
1460042645317771269
1460049812884279301
1460107930100019200
1460621101399257091
1460626685150343177
1460641618441261056
1460944832583675904
1460986696909029386
1461057946251628557
1461714362679369731