1459647532393398272
1459648561813995522
1459648923639898119
1459649985448923137
1459651254364241923
1459652346854715405
1459652806760189952
1459652940843700234
1459653358063656961
1459656806557315072
1459657748128284674
1459658303932407812
1459664399791280129
1459666693878423557
1459672684015595520
1459689859283513344
1459690095628410880
1459700889279557635
1459791894859292674
1459793447884398594
1459812312915849225
1459856425187000322
1459876232603049990
1459895631766429698
1459907426975563776
1459911156840206337
1459922127906299905
1459929132876406791
1459929287033868294
1459954180102275076
1459959202672091138
1459961927082381324
1459971033520394245
1460004733918363658
1460031347330674694
1460064750759469056
1460222840100343810
1460248357880967171
1460300617092677632
1460594188823760905
1462493514273460225
1463556280296030209