1462906207337947137
1462906319904690181
1462906610993360899
1462906616202739714
1462906664693248002
1462906731965603850
1462906803667095553
1462907262515789829
1462907323081543686
1462907517722247173
1462907674958479366
1462907895289245696
1462907923932323846
1462907925748453382
1462907971516645381
1462909317456269313
1462911501266825216
1462911744813285381
1462911751385583618
1462912202223108096
1462913609177210883
1462913708867215362
1462913851641368576
1462922843642023945
1462938661780180997
1462952504287760393
1462953312937033730
1462956950677766145
1462960150063550467
1462991864198361094
1462997687830204417
1462998780505034752
1463000028071415810
1463020451571986441
1463054892638089218
1463118113998704640
1463121670517006337
1463123267049312260
1463128257977585667
1463132792053772300
1463134601916948491
1463138058929262604
1463162089992822798
1463167760859643929
1463167787724165136
1463171155850846217
1463179910785245193
1463187490924371968
1463190693522731008
1463196240972337158
1463196423667826690
1463201814812119040
1463202967583031297
1463222389513363462
1463222991299428361
1463232382736089088
1463233538845777925
1463249176104423431
1463262435297669120
1463269742811262982
1463275935721996294
1463282190536556545
1463291192511242243
1463292019384758272
1463297093859172354
1463300891327414276
1463310900081872900
1463331117168271363
1463333690273157123
1463395546320752641
1463401797356249088
1463452718413099010
1463472186270830596
1463493155664416772
1463499844899770369
1463504311892250627
1463505432199110656
1463516824675442688
1463531527656992772
1463534562428866560
1463541328709505027
1463554638154813440
1463572760974798850
1463581846197968905
1463589086736764933
1463617615927128069
1463644502204297219
1463656716533440515
1463666175183835136
1463674758550196232
1463682450274586629
1463688725481680896
1463691419617427458
1463705360175304705
1463710037029765126
1463774429318549509
1463775549147340804
1463837781365559297
1463844915528355843
1463847934404046855
1463853323157749769
1463869497232789512
1463934573604220937
1463935145594003464
1463935290200969222
1463983943208812553
1464031726452285442
1464032550221926401
1464035772949012480
1464066961579679746
1464155338777796612
1464198269869998114
1464203252719919107
1464259160992665616
1464268704355598338
1464274792563953664
1464307838055075845
1464321642348359686
1464324923141373952
1464325692234084354
1464356289346215946
1464368305255366658
1464378426756943875
1464393334567407628
1464405646133141505
1464413947642228750
1464435332036841472
1464518422809743363
1464576633105440768
1464603000459210753
1464604986348904450
1464631501358776331
1464638171279417361
1464656871663489032
1464657510942478340
1464694997370818562
1464695342952296454
1464711414904332291
1464715213748543502
1464715733317963778
1464727443554516996
1464755091253215236
1464758323773911050
1464758779455627266
1464758848112238596
1464788669303246870
1464789976575582212
1464794482247798787
1464799990086348811
1464802334022815745
1464814781119012868
1464823569695739909
1464834382745591809
1464868002793504775
1464917794282262532
1464932725173927940
1464978482040037380
1464992712181129220
1465047247549177858
1465064304042991616
1465156481217617928
1465231084891693059
1465231730063953924
1465232225012695046
1465240651008811009
1465251068712038406
1465273415649091584
1465335526526009350
1465344984119488513
1465393696359305218
1465394112077701127
1465395737768960014
1465402716159721476
1465430468103389184
1465431869521076225
1470442567779028992
1463504829972574210
1463642561508265986
1464610409495814144
1466775276273254402
1467175151917748225
1467178700164767746
1467181251467558916
1467200716355907588
1471234830654328836
1473340665224482818
1473692223782936583
1474071769677975562
1476629598968455173
1476634601976217607
1463631168343994373
1463677751798513670
1463773288472227843
1463825537017733132
1463828261960626180
1463935050911830024
1463954343346987015
1463956443846135812
1464012948750409736
1464019749751427072
1464028190574354438
1464032016857501703
1464116054687318018
1464260019906613249
1464268040682438656
1464278519471607821
1464289563099209730
1464329352796160006
1464360799196045314
1464385319080452096
1464395522186358785
1464401661061914624
1464404132148781062
1464417671332741120
1464430856525729800
1464625286692093968
1464625440467865613
1464653688056725515
1464659592961576962
1464723489785626627
1464723726243610629
1464745368567042048
1464764858440822791
1464781704934080516
1464793248233369600
1464925245974929417
1464952186883002370
1464993370158383112
1465000138699677696
1465003975409815555
1465012441889361920
1465018638776340480
1465019319687991296
1465019564098469903
1465024885890105353
1465056294054899712
1465056436711571456
1465072752570683393
1465077022032478208
1465079743544446988
1465081676812496899
1465088141681958914
1465091241981452293
1465095483253215236
1465128214876114944
1465128973323673605
1465134438355021828
1465163514411159559
1465164039366053890
1465361805493030918
1465366873353207820
1465385862095585293
1465471063354130438
1465532949936414724
1465612972282236930
1465682979808763904
1465719240787480590
1465742387553128448
1465798875222974464
1465799222624718859
1465815672403996678
1465825505169625088
1465831733719298049
1465846025768386560
1465876945267159048
1465937107491328002
1466131013260627969
1466132411440406536
1466144714093219848
1466144751279915008
1466164632804941824
1466168421008252935
1466343868786429957
1466424007687913476
1466487412608188422
1466488588686835713
1466495473947189253
1466528956966969346
1466535751965839365
1466539256155832326
1466540684463075329
1466557288794054656
1466721761119162373
1466757023576506370
1466872403015786496
1467167863366692876
1467196296733859847
1467257419130671110
1467263777116721158
1467286689072574466
1467304931652685826
1467317062859165699
1467531782341992454
1467555844632059905
1467571790532730889
1467855110000857089
1467948787364614144
1467988785313075205
1468276124144836610
1468621040335138819
1468929252057915394
1468984787855724551
1468992393848500234
1469065643492265986
1469105931363434496
1469446188478914565
1469686870321864711
1470048183866769417
1470420704206237699
1470564069346271241
1470564345637650438
1470803235694956554
1470803779935256588
1470930338893504513
1470930965434359815
1470940253552848899
1471135799454441474
1471140729611247630
1471160665280856069
1471162108981219337
1471166566712676359
1471194024186986501
1471582562380394496
1471873956676354049
1472219590080053249
1472230250587303936
1472261784874725381
1472303765118140418
1472322223600017418
1472479941979774984
1472651847630479374
1472757902033235968
1472993949329547266
1473001302124896261
1473006074844303376
1473066507823460359
1473246774131261442
1473301433936134150
1473364087786688519
1473392670731087872
1473702224270434314
1473704032376180742
1473839731280654339
1474043413360222209
1474069113140133897
1474102911223439370
1474122714638131205
1474123644540444677
1474201715708682242
1474393379337297922
1474401137495314441
1474404296003399683
1474450113774997509
1474512663770238977
1474743662047334401
1474851932619505667
1474970339339874309
1475163168888479751
1475473478769909760
1475477453892210688
1475478774565445634
1475902288279527430
1475905420996886533
1475994590888955905
1476383381906931712
1476399035804098563
1476412803082854400
1462911605046484994
1462911830045696009
1462911914296725512
1462912306803793920
1462912395257556992
1462912444418904070
1462912626598551554
1462912768856629252
1462912790927134727
1462912922485669893
1462913550800900104
1462913711606173696
1462914680834297858
1462914769711738886
1462915558459031561
1462915737220272134
1462915747873755151
1462915838747492355
1462916562340524034
1462919059528470536
1462920723597606917
1462921517860278277
1462925952200097797
1462928152691417094
1462929093985546240
1462930165554728965
1462932410413297667
1462934006417272834
1462934624569643010
1462935549652652032
1462935912686538759
1462940165081649154
1462941822402146330
1462944463572152322
1462944896495628291
1462945848506163207
1462946700767612929
1462948214697562112
1462951382609190913
1462951476414881798
1462951616982794245
1462951730400964617
1462951887624355844
1462952454732062720
1462953244045492230
1462954931284066309
1462962315695960068
1462967492830285824
1462968436942946307
1462969836737228802
1462971625943416833
1462972720476573698
1462973505264254984
1462977735672877059
1462984200622153731
1462985009921409036
1462989443384623111
1462995905876013057
1462996280800649216
1462999736881868800
1463000307256942595
1463000970711896066
1463005822347145216
1463008609869127680
1463009219511156738
1463011934538645505
1463014237551448065
1463016367909588996
1463017568575406082
1463018500079951872
1463018606493515778
1463019735759523842
1463022196033409026
1463022687035568134
1463027746951548930
1463033528707428359
1463045118332743686
1463055683054673921
1463060759550869506
1463070197582114819
1463081090252480515
1463081333811515395
1463094583735332865
1463102401280458760
1463112594026283014
1463112990769790979
1463115900568150018
1463116493382684675
1463118041307357184
1463120008335273985
1463120388066525184
1463121407039184900
1463121432355999746
1463124899086671873
1463126648312807429
1463126980124160001
1463132292264521730
1463134367778324490
1463135053836283910
1463139383519977473
1463140261207359488
1463140438035025921
1463142177127686156
1463143795403345924
1463147790683488257
1463148782988582915
1463148986483851264
1463149423496736769
1463151109523091457
1463151132956667907
1463151152531443720
1463153272802398213
1463155802198392847
1463157544495599630
1463157761680687104
1463158521369972740
1463160499701522447
1463167482617815066
1463186015024201738
1463191806351265796
1463199211961434116
1463203990573883408
1463206647241883665
1463207286390857735
1463208020515639310
1463209669137154053
1463212726751268866
1463214296972902404
1463216851874320386
1463217035807281155
1463217543833923595
1463217751305113621
1463219935375618048
1463225351715229696
1463229610963910657
1463229857001873413
1463234221841989645
1463241613518401537
1463244623673974789
1463247021075091459
1463264137874579457
1463264865682964488
1463268219712585732
1463270057014927363
1463275803966332931
1463291966339399685
1463297026016354307
1463319300010172417
1463397646014443522
1463401827685199873
1463414613366689792
1463438856372559878
1463460353019297795
1463472118285291526
1463509538573856770
1463515243334848524
1463542191242973190
1463546881284452356
1463553523895967746
1463602884168372224
1463737734074224642
1464101560154271758
1464827099139747841
1464865524903522306
1465778841591418889
1466395364475420683