1457049025991958529
1457049037346050049
1457049161686204417
1457049582857187329
1457050301035257856
1457050529616572420
1457052315693760519
1457053281142906889
1457054126412484610
1457054639573147660
1457059265387003908
1457062845082861572
1457063097953406981
1457068876873625602
1457072237698326540
1457073032195944451
1457082385317519365
1457115927036657665
1457118924269658120
1457124991091236866
1457125464791789568
1457132722045001731
1457161113674596363
1457167703299575809
1457174072945745925
1457241483157938178
1457343534688661505
1457374503634448388
1457375481762885632
1457393150474035205
1457396901352026113
1457401859115737090
1457419514568601608
1457456461781643275
1457470921367867392
1457474726914400259
1457505385884102656
1457520889692622852
1457659638820872197
1457717438561333251
1457721077753389063
1457737369646297095
1457751350117273605
1457751880348618753
1457939761650442243
1457966124298121221
1458032324256296965
1458121483734159368
1458315131612446720
1458436747071733760
1458451634913226754
1459605232539734022
1460720403706527757
1457274884594143235