1456025478763106308
1456026157145526278
1456026506141081607
1456027900034027521
1456028128346841088
1456028182159691777
1456028360975454209
1456028714999894035
1456029007502262274
1456030749048586242
1456034252416507912
1456034469585068038
1456034956078194688
1456035374652747776
1456035387902676992
1456042198894407682
1456044556030517250
1456045447504703488
1456052456006164482
1456054727251275779
1456063928765755394
1456063947526844419
1456065167335337986
1456066803570970624
1456070855864328200
1456071791458271233
1456072060669767683
1456075653091000330
1456080078186717185
1456081573091192841
1456082331350061057
1456083130457153536
1456087303701647371
1456100206722764804
1456113035601489920
1456114394321010688
1456116306919530497
1456117425137754114
1456117598790193152
1456117720680828929
1456133698676412419
1456148414576660486
1456177632437956613
1456187186060136448
1456200354320695297
1456209897843007488
1456236511356243968
1456273194520776716
1456286842471403520
1456286977033179145
1456287875193090052
1456288647628660743
1456291306167169026
1456292729441308675
1456296008623661063
1456299360107520001
1456303925380804613
1456304881288024070
1456312765199654919
1456317300362055694
1456330201915351045
1456334552385851396
1456334603694772231
1456342558557212678
1456347784483856393
1456359352638468100
1456382345351684100
1456387561136476160
1456398575299178501
1456434233489068035
1456436741766881283
1456447023838859265
1456453259359670273
1456467438653038624
1456470553599041540
1456586758066368518
1456587310158565381
1456661839354474501
1456762532501155842
1456970842236145676
1456977200809451526
1457010119506599936
1457015820891136002
1457077296658014212
1457229981982109699
1457325038508642308
1457360975708008451
1457634472606633984
1457635070525665280
1457673145968693250
1457683697960955907
1457695657456766979
1458117678665662468
1458165258699239424
1458296229637632002
1459580796591820800
1460320863346167809
1460416566420381698
1460417439737462786
1460438040048975877
1460471913608880129
1460491685918613505
1460492227810058243
1460935818340614149
1456258999569903627