1457726423125344264
1457798155202797572
1457728198406336514
1457729213872541702
1457731913657896965
1457736645025976327
1457742163996024833
1457742772438507524
1457743394109890566
1457754915581796361
1457798358316118021
1457800356616830977
1457804949652324352
1457806225811386374
1457806600773771270
1457807197400883202
1457808773758783492
1457814306041569282
1457864642311561217
1457880773961334790
1457886446510092297
1457918968308580353
1458044520180944898
1458776936965033989
1459170980773781523
1457728702427500544
1457728912776175621
1457729717230997504
1458776961015156750
1459171007038558214
1457728745687568385
1458776996444454915