1464558631978889217
1464558748794454018
1464559572731924485
1464559598539575303
1464559743628988421
1464560790426558469
1464561217800974337
1464561333102211073
1464561365557948429
1464561557854117897
1464561581648498689
1464562162492489734
1464563063374315521
1464563333625962503
1464564335506821121
1464564918817112074
1464564978925539328
1464565026795233287
1464565584369266710
1464565899382247427
1464567535861436424
1464569814693859330
1464571030517661710
1464575305885143048
1464575563876687876
1464577418455400451
1464581217349779461
1464581476457103361
1464584492853735426
1464599727857614872
1464603164200648704
1464606256723804163
1464606281910693893
1464607884235317250
1464608902658592781
1464616329680465928
1464619377135964166
1464620827928940549
1464624739545145367
1464625970564972569
1464626455967678467
1464626769789607944
1464629476214640652
1464636311453806593
1464637948347908104
1464638326464565260
1464650640362254337
1464653174225182723
1464654964639285259
1464656261501313028
1464667200237756418
1464671081994854402
1464683349847515139
1464726601145499653
1464728932935249931
1464732635733889024
1464747587957784580
1464755363966824448
1464757469129883648
1464764357594607617
1464766522270707713
1464768939905404937
1464770474798239744
1464771516759953414
1464780705716740099
1464788029319499781
1464789239766339590
1464791051550531586
1464796862855225345
1464797862437474314
1464815148279992321
1464831260329709572
1464835762621489154
1464840953466966018
1464843770533404673
1464857472129126416
1464867113034825736
1464881870655479817
1464887931135475719
1464892939918884865
1464897995858710530
1464901212499709958
1464901774913982466
1464904285590892545
1464905546335600644
1464909616454815745
1464924259814449157
1464931496968470532
1464934076129939476
1464936805292294158
1464938657803083786
1464939193268850688
1464939418704248837
1464941774649147395
1464942038307201026
1464947367854186499
1464948542829563913
1464970095864786947
1464983233955782659
1464986762728468481
1464987754987761673
1465063258554085387
1465069339535622150
1465095999328825344
1465101153033617409
1465177467862224902
1465213422086336513
1465395427507941376
1465544574445797379
1467924649468219406