1457831831592656897
1457832066570145796
1457832320971395072
1457832801420595206
1457833070329991169
1457833356498976773
1457833781851742216
1457834146978467844
1457834333050392576
1457835152197836800
1457835479160795153
1457837268714999808
1457837584231641089
1457837668893708296
1457837789358268416
1457840512015212548
1457842352161181699
1457842808841248777
1457843258906882048
1457844588945629187
1457845655691415555
1457847462861762564
1457850316867649538
1457850608866643968
1457854932267122694
1457859638532079619
1457864634422136833
1457868341708836868
1457870241569120257
1457871948445360128
1457875980115079175
1457885454859063297
1457890957068750851
1457895674171772930
1457898560360525829
1457901036790767620
1457913498558623751
1457916449192759298
1457926032581971968
1457926613471989760
1457942117414842373
1457947173480448000
1457965648324268034
1457967059900502017
1457973667560710146
1457973849450897408
1457979298736848896
1457981358219878400
1458006876063416324
1458028949813010436
1458034508943532035
1458051471858098185
1458059168355692556
1458063890105790469
1458065523963572229
1458070671590842368
1458073252471975939
1458075479718744073
1458078343593664521
1458079854939840518
1458080589941252097
1458081554270408720
1458085917399396358
1458088211138457607
1458111857399668739
1458123196675149826
1458126130976739328
1458127634278207488
1458130239943495680
1458173359502528513
1458176568694558730
1458286336704716800
1458362069758119942
1458442383960510467
1458451365135626241
1458571005228638210
1458579980204621825
1458850273892446208
1458897280891817989
1459004999728611328
1459179411253649411
1459770060822745091
1459931854077927425
1460376984756834307
1460654511429672965
1460654855618445318