1455567172151902215
1455567223133777920
1455568217880121355
1455569416062599170
1455569745588129792
1455570595681288192
1455571801367531529
1455571853041299461
1455571946427518986
1455572008087871488
1455576551353995273
1455579341732020224
1455580649633497094
1455583583175909382
1455589206261067778
1455590785211117576
1455591090711457795
1455592802738483204
1455592961610235909
1455596800946184199
1455597289133592578
1455600196625125380
1455603461333131271
1455605954112786434
1455613503612628992
1455617075561607169
1455619197535498242
1455625450139570182
1455626303391023105
1455628210906050565
1455666992007032839
1455667720809287683
1455710606833635334
1455791993838346245
1455909267169492998
1455923101129138184
1455958201929773066
1456314965590151174
1456317126638292999
1456345125601390600
1456667051041361938
1456969594149740553
1459302511182065667
1455575878038130691
1455576225213304836
1455576661706084367
1455577922501169154
1455577974527328258
1455579237457580035
1455579799888535552
1455581067046526991
1455581315512819718
1455582634843807745
1455585363758436352
1455585657494048775
1455585670764793858
1455586013846376452
1455586169425694720
1455586681973772292
1455591378201763850
1455593050718277633
1455599236725227520
1455599379687960583
1455603712018235401
1455604803128594433
1455609039640043529
1455610397441105932
1455611146388525061
1455614125673955330
1455652328674144264
1455654138809815041
1455657233233162250
1455663067891634184
1455710163864887305
1455745745974292481
1455788032624263173
1455791518153805829
1455802713271308288
1455803091639488517
1455820874876178434
1455823956234092547
1455833041549418501
1455844885739757575
1455849624112041988
1455867777776906254
1457879568082030598