1457813620419698691
1457813631140237312
1457813710106337284
1457813977212276742
1457814300916174853
1457815580690591752
1457815786270035969
1457817256382148618
1457818747431841792
1457819340871540742
1457819456948768771
1457819623596957706
1457827277350129665
1457833110591082498
1457849222695297030
1457861061487599618
1457861084346470407
1457884468904009731
1457885834951086080
1457981353350336514
1458032003958259716
1458032072455593992
1458034189538893833
1458052354222264325
1458059228141207556
1458079895683207184
1458082176457527299
1458096176566358025
1458131748236169219
1458169586474434569
1458473281791594499
1458786173191655430
1460925831144955904