1456262497766240257
1456262909919567884
1456264098568556548
1456269242500673542
1456270462720172051
1456270540717506567
1456271857116610560
1456311529419198465
1456822948703178752
1467584934995173376
1468018640368779267
1472223677798404099
1472572875525742596
1472931078805630980
1474086734770155529
1477032679862321153
1481560963258191875
1482646135135166467
1484164507534434306
1456265341479186433
1456271884132048910
1456275466189373450
1456277781118164995
1456655095102263301
1457874968092426244
1457878246737858562
1460095759315963904