1455869995188097030
1455870182090579970
1455870213455589376
1455870242748440576
1455870288290222083
1455870352433704960
1455870358087684098
1455870359719321605
1455870402199179268
1455870403847462920
1455870415751024648
1455870423632056349
1455870443424976903
1455870538694356993
1455870570847821830
1455870643635949579
1455870646416601094
1455870648178327554
1455870649965047815
1455870656004833282
1455870672815726594
1455870688011685893
1455870704881045511
1455870728910217249
1455870733037424649
1455870754491355138
1455870764285001730
1455870785583820802
1455870795788521478
1455870800297406475
1455870817804431364
1455870865388670977
1455870875144757249
1455870895034183685
1455870904316010497
1455870905721057285
1455870907969380355
1455870972779585539
1455870982061576199
1455871000222986240
1455871014034755584
1455871018484985866
1455871041360707590
1455871043386712064
1455871056468602880
1455871075204616193
1455871094913568774
1455871138823770114
1455871138848927749
1455871148353331200
1455871199490174977
1455871213616582662
1455871213729763329
1455871214841475075
1455871217047461891
1455871223577997320
1455871253504409610
1455871267018448898
1455871298395983873
1455871315135524869
1455871346156711942
1455871366641725443
1455871409402433545
1455871447658762246
1455871470626742277
1455871514729861121
1455871519054196740
1455871520874524672
1455871526637559814
1455871554466697217
1455871561961926663
1455871567339012096
1455871577212407809
1455871582627188746
1455871586918039556
1455871596078325765
1455871605540679692
1455871606551683073
1455871619365097476
1455871621109989382
1455871646997307392
1455871678588669972
1455871693579190273
1455871700847841287
1455871702215262209
1455871707785293827
1455871727121039373
1455871729042083847
1455871743168430083
1455871753184374790
1455871774617260032
1455871781131079680
1455871791356809219
1455871829311033345
1455871878212374530
1455871890560532492
1455871903675994113
1455871917051691011
1455871944167809027
1455871945405132802
1455871953944780806
1455871975595806723
1455872010064568329
1455872049360949251
1455872066729570307
1455872076816863240
1455872085457182721
1455872087432826880
1455872087554330626
1455872094030364672
1455872095259447304
1455872097255788551
1455872099113791491
1455872118663483394
1455872176570003462
1455872177224355847
1455872189287133192
1455872227895697416
1455872269151047685
1455872280060305411
1455872299853303811
1455872336243032071
1455872348066746370
1455872350818226186
1455872356048642050
1455872397857345536
1455872398033448961
1455872405855825923
1455872416173887503
1455872454652534801
1455872470720864263
1455872498898251783
1455872511346757638
1455872551997960196
1455872554426458114
1455872557475794948
1455872592024424450
1455872593999790089
1455872604598792192
1455872621166301187
1455872636626612225
1455872636819361793
1455872648487964674
1455872656499085313
1455872661293133827
1455872715257102345
1455872737935757312
1455872768696799232
1455872770068332553
1455872776024252423
1455872801101926402
1455872801898840067
1455872814305607688
1455872842000519171
1455872842961080331
1455872919448526849
1455872968026898433
1455872990038540291
1455873001019228160
1455873003233841158
1455873006773825541
1455873013606322185
1455873022930341897
1455873033516695553
1455873055562027010
1455873067784212483
1455873074385932290
1455873096179597312
1455873096343195650
1455873112067612681
1455873112336060416
1455873125095149573
1455873125766205443
1455873137703333902
1455873185614729223
1455873208373039122
1455873228946100224
1455873260436873220
1455873268989108224
1455873345778450445
1455873349729480713
1455873363138650112
1455873371762159619
1455873378074574850
1455873394302279685
1455873459884486664
1455873461331513346
1455873471573946369
1455873482823065600
1455873487235477507
1455873489588527107
1455873517480660992
1455873536887771138
1455873539559419912
1455873587387244548
1455873607691763712
1455873630198370307
1455873671424217089
1455873676008591376
1455873687404498948
1455873699773444097
1455873700151103490
1455873712662593543
1455873731557924865
1455873757734588417
1455873767897370626
1455873771844239362
1455873808292728832
1455873813233618948
1455873818858303488
1455873825460023297
1455873833588572174
1455873861799587843
1455873902379368452
1455873910268858373
1455873939440209922
1455873954048983044
1455873972122251264
1455874076623323137
1455874105035476999
1455874105069211651
1455874211772260356
1455874234597654538
1455874252180180996
1455874255854260229
1455874269389344779
1455874274900598788
1455874283612168198
1455874294756438018
1455874302415306760
1455874358434353156
1455874388973146116
1455874397315612675
1455874490320125962
1455874533609508865
1455874587116199940
1455874604795248646
1455874637548584966
1455874640681717767
1455874649292558336
1455874691529248768
1455874739029696522
1455874745250062340
1455874861494984709
1455874876921679873
1455874877655683076
1455874886006501377
1455874903547146245
1455874918449442820
1455874930659241984
1455874991501754372
1455875017221230602
1455875065371787264
1455875071084580874
1455875071512252417
1455875081570111500
1455875092102082562
1455875101035937794
1455875157008867331
1455875243352879108
1455875272025120776
1455875300605104142
1455875308750581767
1455875316539215878
1455875384939999246
1455875388664471571
1455875427147427843
1455875478288359430
1455875480255557640
1455875517769404420
1455875527319949328
1455875540062117894
1455875568784707585
1455875591022862345
1455875609268080643
1455875635100872708
1455875658127757312
1455875668869140484
1455875685306671115
1455875685524729856
1455875702268465152
1455875744412831755
1455875759013187586
1455875816118579204
1455875934318317575
1455875958603354112
1455876014748291073
1455876028799143936
1455876030179069953
1455876082536796162
1455876082570256389
1455876089713029124
1455876094406508547
1455876208114081795
1455876251294461952
1455876273629122565
1455876282881757189
1455876436770758657
1455876466856632330
1455876475232473088
1455876476256071683
1455876493976895497
1455876523676758018
1455876543851360256
1455876590328598532
1455876667071737856
1455876683588722691
1455876715910103043
1455876717671694341
1455876761451859975
1455876840640286720
1455876871485227011
1455876891047444481
1455876938099302400
1455876980893753346
1455876991467409415
1455877006151675911
1455877127396495362
1455877171403235338
1455877179305119744
1455877202667470851
1455877279238688773
1455877285265821701
1455877369747574786
1455877392048607237
1455877414785990668
1455877450320293894
1455877466006835205
1455877468783583235
1455877496411361280
1455877563570696195
1455877571820900363
1455877592708304905
1455877597443739653
1455877620587896835
1455877641995653121
1455877645539889164
1455877648740073475
1455877652061900811
1455877667513794563
1455877691706462218
1455877779296333829
1455877784857837574
1455877808891199493
1455877865661087745
1455877989707788288
1455878046267764736
1455878139125518346
1455878157144186889
1455878193013948416
1455878208600088583
1455878223066058753
1455878227805696003
1455878265382465543
1455878382663593990
1455878435486666752
1455878495293214724
1455878519125274627
1455878558908223492
1455878568072777734
1455878585156206594
1455878640076410892
1455878645604569091
1455878661664477189
1455878718484746245
1455878722003914752
1455878730589507589
1455878742035730434
1455878767457406984
1455878784247205892
1455878809954123778
1455878818468487169
1455878867873411075
1455878902400708614
1455878953143607316
1455878957786619910
1455878969190805511
1455878984059666440
1455878996776865798
1455879031555985410
1455879103953920009
1455879111394594822
1455879121330790400
1455879126494195714
1455879145150291975
1455879186615308291
1455879216235384836
1455879242600751108
1455879246744899586
1455879254617427972
1455879259759783942
1455879272711835652
1455879337329061903
1455879373878267912
1455879389044875265
1455879471396007939
1455879492258336775
1455879516258144257
1455879531944841218
1455879568191995908
1455879611473010688
1455879706033672197
1455879732336103425
1455879805837234181
1455879866461655047
1455879937269895169
1455879949361946629
1455880019146805253
1455880090961813507
1455880123983573000
1455880138688659457
1455880202278428680
1455880295283109891
1455880297153695746
1455880298789367812
1455880312290828293
1455880335493722118
1455880340510167046
1455880360571510786
1455880365898223633
1455880402871095305
1455880413713518597
1455880454351949824
1455880463134846977
1455880477152202755
1455880499767906305
1455880546995765255
1455880553341898761
1455880565756887043
1455880600699633667
1455880606785626123
1455880621822132228
1455880625945300995
1455880630231830530
1455880760070578185
1455880778991210498
1455880800583311368
1455880805411082240
1455880808057610242
1455880822020460555
1455880848113160197
1455880851644895237
1455880929113563136
1455880965029613581
1455880980242251776
1455881037276344324
1455881045883047936
1455881086727344131
1455881114162237440
1455881164678258690
1455881209288953870
1455881233871753223
1455881261600309253
1455881275588317194
1455881277261766658
1455881325097988107
1455881343720570880
1455881345805127681
1455881345998016513
1455881477078532096
1455881493935312898
1455881558431203328
1455881571412611072
1455881671891251205
1455881679348797445
1455881728816525316
1455881770067447811
1455881823188254725
1455881825059020806
1455881825365082113
1455881912510074882
1455881934001737731
1455881949252313089
1455881980118196224
1455882019682992131
1455882031431311364
1455882079837769741
1455882092722606081
1455882118379180036
1455882137429676034
1455882268707209217
1455882270804348938
1455882329650462721
1455882373942284297
1455882550467911688
1455882622727376911
1455882684270587908
1455882692008890376
1455882703623139330
1455882704214392834
1455882770987696128
1455882799928381446
1455882860099878913
1455882919046574087
1455882932283797508
1455882937061175297
1455882968065585162
1455883061225218052
1455883149716590592
1455883222676475914
1455883257023643650
1455883273708605449
1455883356311224321
1455883366692179971
1455883445683437574
1455883492085026819
1455883535550537732
1455883712143368196
1455884001542119425
1455884108408623106
1455884203078217728
1455884228474720267
1455884253506375685
1455884262289260547
1455884372448477185
1455884399665291273
1455884427209297928
1455884452643573769
1455884471425699842
1455884609976037382
1455884660248965122
1455884663923249160
1455884776389312519
1455884780411633673
1455884807066447877
1455884835281457165
1455884938876706817
1455884948485795844
1455884967985119234
1455884982329622528
1455885094380609543
1455885104840990721
1455885116597669898
1455885139033018370
1455885271514238978
1455885385867792385
1455885415559405568
1455885528738537472
1455885591342501902
1455885719130365957
1455885812680126468
1455885880942465025
1455886000735940608
1455886058051211270
1455886134526058496
1455886208350007296
1455886278524747777
1455886308174299149
1455886367343345666
1455886401296240649
1455886408657166342
1455886421877673988
1455886559165628417
1455886572931350535
1455886618317885443
1455886620473786369
1455886638387662851
1455886643877933071
1455886968747921409
1455887027166015492
1455887101631811590
1455887104261730310
1455887170351206404
1455887194862751751
1455887249539670020
1455887317764218883
1455887466897059841
1455887500283498496
1455887525667487745
1455887551617720321
1455887577311965191
1455887587189481476
1455887673395081222
1455887716223049730
1455887724578177027
1455887770606469128
1455887843838943235
1455887960499437571
1455887996058755077
1455888130112901122
1455888130398060549
1455888204364582912
1455888228678918154
1455888281959239684
1455888282676387841
1455888305803829249
1455888417263263751
1455888426918563844
1455888433881124866
1455888457268547594
1455888460812668929
1455888646662344705
1455888649833250819
1455888711669878790
1455888713863495687
1455888732029083650
1455888732066926595
1455888746939764738
1455888823544471560
1455888893731950596
1455888908005281804
1455889027505131526
1455889057112727566
1455889059914547210
1455889065560051722
1455889093968072704
1455889197475172356
1455889212759105537
1455889279192682501
1455889283760414726
1455889285639393281
1455889405550473228
1455889509321695242
1455889597896880132
1455889675525128192
1455889777002094597
1455889825869885449
1455889895726084105
1455889908401246212
1455889912285122566
1455889928718536705
1455889965049475074
1455890009286795271
1455890015834161152
1455890029931221000
1455890192938635277
1455890238572666882
1455890378813444101
1455890430210371586
1455890603011567621
1455890626772353030
1455890640202469381
1455890761048756227
1455890808180121606
1455890811950809099
1455890860537638915
1455890916032405506
1455890982973493252
1455890989717999617
1455891003416612867
1455891071674716167
1455891301094752256
1455891507446050821
1455891561770749961
1455891660324290562
1455891699859787787
1455891962188337157
1455892065179430912
1455892085916123136
1455892389596303367
1455892431061192708
1455892434978623489
1455892568223322114
1455892682937561098
1455892693175832579
1455892778190196737
1455892861728149509
1455892890526228480
1455892893344808963
1455893018016321545
1455893038505488391
1455893071820820480
1455893316436783105
1455893401015103491
1455893487413460992
1455893579264524295
1455893620112826374
1455893789172666369
1455893926963867649
1455893990155309069
1455893995511369731
1455894023906996226
1455894161693892608
1455894210935132160
1455894347447144451
1455894358763491340
1455894458092769286
1455894580788748295
1455894603241082889
1455894632961695750
1455894733268525057
1455894767330463744
1455894783486873604
1455894980057128981
1455895017227055114
1455895018447650824
1455895071572647939
1455895173917929490
1455895176015073280
1455895187239026688
1455895292042088455
1455895404701118467
1455895496552337408
1455895498217254922
1455895562490769413
1455895768666021889
1455895817609351185
1455895938694664194
1455895971221557251
1455895980818112512
1455896090343972877
1455896326709792776
1455896347043721217
1455896373874737155
1455896397912236035
1455896519236669445
1455896541198049285
1455896568553357318
1455896795146428417
1455897031927427077
1455897137863004165
1455897261951660032
1455897366750367754
1455897498308935686
1455897580328534022
1455897594710925314
1455897600457072642
1455897916435017734
1455898014992588815
1455898322128891907
1455898346174877696
1455898401388720128
1455898473140834305
1455898548487090179
1455898554795319300
1455898554917011459
1455898612265799681
1455898655014150155
1455898714623541252
1455898795707879430
1455898826842140680
1455898972162248712
1455899551605297155
1455899629808091148
1455899822557335556
1455899825875001346
1455899874428264453
1455899901972279296
1455900004376141825
1455900060940529670
1455900173075316744
1455900217161621512
1455900217857830925
1455900340700598272
1455900402956713989
1455900499929010176
1455900529565917184
1455900722487181317
1455900827546124288
1455900848861581320
1455900890603216909
1455901189602570249
1455901354912714758
1455901561570447371
1455901658039263237
1455901689022541837
1455901746232840198
1455901882702909446
1455901979285282819
1455902104757829636
1455902184546045959
1455902255039668230
1455902317283217419
1455902375391023106
1455902437328527360
1455902456311791618
1455902605398315009
1455902658020012040
1455902906587119618
1455903296934199301
1455903408590704640
1455903542854754311
1455903659087130624
1455903664225210375
1455903774363381768
1455904271606566916
1455904295832866829
1455904310680854532
1455904422123429891
1455904442625052673
1455904516184764422
1455904518311452679
1455904561764384776
1455904908276756484
1455904960638558212
1455905067186499589
1455905086152974339
1455905177421160448
1455905204029714438
1455905228503478276
1455905505340133377
1455905615318945792
1455905644876234757
1455905851026313219
1455905926842486784
1455905932865589248
1455905973441208334
1455905994937040896
1455906014578966529
1455906160272314384
1455906231965470722
1455906273346527246
1455906422995099652
1455906446843990018
1455906454989385729
1455906551294664706
1455907050878296065
1455907061972148232
1455907082385772558
1455907324598505482
1455907363278389253
1455907371683749898
1455907522271981569
1455907677733851139
1455907731349458947
1455907788559769605
1455907911251726343
1455907954172047363
1455907956839510016
1455908082991579139
1455908192093761536
1455908569887350790
1455908622458707969
1455908926201860099
1455908997295452163
1455909161888223236
1455909417514246149
1455909594409025540
1455909699027550209
1455909927617105926
1455910033544204290
1455910348859613193
1455910442929377286
1455910453746421761
1455910525942972416
1455910658990493698
1455910703450050563
1455910710790156289
1455910792730132480
1455910804176338951
1455911071215144968
1455911283744727043
1455911290103238657
1455911317580169222
1455911367710429191
1455911412174245899
1455911701602127882
1455911825111977990
1455911839473283078
1455912010890158090
1455912167266402309
1455912484594851843
1455912593869131778
1455912938666029062
1455913029346811905
1455913385476833280
1455913422395219970
1455913632189931520
1455914234185912329
1455914360568619010
1455914538264457222
1455914618660929538
1455915033553166340
1455915330056904710
1455915513125687304
1455915791950483462
1455915892571656195
1455916043000369163
1455916284546195458
1455916314816507919
1455917569324437504
1455917840435855369
1455918673365909512
1455918869256749059
1455918902404259851
1455919187583406082
1455919364880814088
1455919800346050560
1455919938112163843
1455919949428322311
1455920371157377030
1455920396742529027
1455921225608282112
1455921391711055876
1455921475198676992
1455921602936385542
1455921607763906565
1455922710446370823
1455922990948904964
1455923058036953089
1455923316389146631
1455923548577431558
1455923931534135297
1455924232378978306
1455925523125768197
1455925537184968706
1455926152279650313
1455926912316891136
1455927546181083147
1455927703853408259
1455927713990991872
1455927894354669572
1455928080518692873
1455928485562785800
1455928659563352070
1455928713070067717
1455929013264814081
1455929074182864897
1455929112304881664
1455929520255430657
1455929581098127360
1455929606117249032
1455929719715598336
1455929887319986176
1455930250425032715
1455930405954068480
1455930462090641409
1455930850294386689
1455930970675187715
1455931171011915778
1455931373261180939
1455932041589977095
1455932629358809096
1455932826847641602
1455933465480728586
1455934569140551688
1455934889602150401
1455935114769154048
1455935833534447626
1455936074815967238
1455936426667769859
1455936676908331010
1455936968232103938
1455937941667135488
1455937966551887877
1455938154297397251
1455938258039234567
1455939345123213317
1455939855418990601
1455939952466825219
1455940229630595073
1455940548955500545
1455940690387496965
1455940809539215368
1455940922391216128
1455943678623580160
1455943737608073225
1455944234863710208
1455944342150029314
1455944356414689289
1455944796053250049
1455945474771329026
1455945607579938823
1455946931440472065
1455947003775516672
1455947884327628801
1455948122794782727
1455948714640490499
1455948799281672196
1455949365579710468
1455950143606247428
1455950217585459200
1455950320517849092
1455950436666511363
1455950493298171905
1455951361116413962
1455952689368420356
1455952851541233665
1455953108677234695
1455953622907248653
1455953739622150144
1455954129688285185
1455954576381812740
1455954705700450304
1455955212473016321
1455957166817382400
1455957200468205574
1455957571936784386
1455957628375363585
1455957664278614019
1455958763408482310
1455959004883128329
1455959094188118016
1455959728090140678
1455961000591572994
1455961345413705730
1455961470961799168
1455961574980599811
1455961810503225346
1455962358803664903
1455962557072637952
1455962700891111426
1455962775998529540
1455962898472206340
1455963212260597760
1455963324185657344
1455963355143802880
1455964267815968769
1455964531012685829
1455965301992873991
1455965770547011586
1455966224714649604
1455966256952078341
1455966835556302852
1455967523271176197
1455968195890892824
1455968927742238722
1455969781367001092
1455969828557111301
1455970188998762497
1455970468779880455
1455972130860851207
1455973676575182852
1455974043488645123
1455975409204412420
1455976616740405249
1455977107943837700
1455977333748211713
1455978257816465410
1455978396056383494
1455978421482246150
1455978509122277386
1455978771148849154
1455978844230410241
1455980368327163911
1455980747785900040
1455982819788791809
1455985560661766147
1455988388897726468
1455989133936001024
1455989657406214146
1455992134008389632
1455998784618569728
1456001331051773954
1456001345090162695
1456003841896312835
1456004203533455363
1456005469336711170
1456006799450988557
1456009319414120456
1456009871694909442
1456012794395074572
1456015782794649604
1456016934885986304
1456019640279130113
1456022023784656899
1456024215086379017
1456025498153275392
1456025792555724804
1456026378978177031
1456031867698925568
1456034241272324097
1456039361812783110
1456044299414499330
1456045467809107968
1456047495784681472
1456048556863852549
1456048566732922883
1456048718398955525
1456054348539072513
1456061789624434690
1456067814456889344
1456067871235194882
1456068225511432199
1456071955375742983
1456073244822294530
1456075405459435522
1456075821005770765
1456080057181487106
1456082772091494400
1456087044187475977
1456087059643322373
1456090703134556160
1456092137129316353
1456092534799626254
1456098893645500418
1456102705458417664
1456102755064418304
1456103888436662272
1456106635974168576
1456108071743209472
1456109802648604685
1456111333380739076
1456115498328883204
1456118122226794496
1456118652671983616
1456120826223214592
1456122777086271490
1456123286652264449
1456124075038806017
1456124259437199361
1456127032023130113
1456127069050458115
1456131676052983811
1456133252536623104
1456134355823181825
1456134837354467330
1456134844002537472
1456135029571010560
1456136492976197636
1456145493784891400
1456148058362630144
1456149991794294785
1456151361620365312
1456151660514791425
1456154989261463554
1456155952491630597
1456158116026871808
1456159813478531074
1456166025607598081
1456180002324574208
1456188467352948740
1456193307730595846
1456208560602320896
1456218346140078083
1456218888534990855
1456223187457380359
1456226477285023754
1456236603857424385
1456256474141761546
1456265653246062607
1456273411781455882
1456287304507604994
1456294858889515013
1456305244594315267
1456418088992215069
1456439298899816452
1456468827072458753
1456471893364539400
1456476144031600644
1456489118075011077
1456495011718070276
1456509374768115713
1456521282883768325
1456579368348700676
1456627251030728707
1456794392967196673
1456899205134389250
1456932228122873864
1457127337699340291
1457185821119823877
1457215674988699651
1457298026465165316
1457328559480098820
1457400757645242370
1457401061971398665
1457634326137430016
1457663893300416512
1457780752997765131
1457879364230529038
1458082596047491074
1458084969167966215
1458623284388401153
1458812646128447491
1459452961835208707
1459512563910287365
1461548543357833216
1462417133090971651
1464207230064988160
1473954199717122048
1474125058540982278
1484955669908574208
1455869997922799622
1455870000053604356
1455870629492637706
1455870663713964041
1455870725294903298
1455871430998986755
1455872277782827011
1455872688149327873
1455872874607042562
1455873227482349570
1455873316737191947
1455874602471731201
1455874701696327692
1455875828093526018
1455876319183466496
1455876954603737099
1455877036321484802
1455877714259308549
1455877889639927810
1455878141210095619
1455878177390141441
1455878425483247616
1455880723446046727
1455881232634421256
1455881291950219265
1455881340339965965
1455881868319117312
1455881941853499393
1455884018403078145
1455890101834117123
1455890131949264900
1455893585513963527
1455900448322326533
1455902947372531714
1455908312977788928
1455910708097421313
1455912741634412547
1455914823020023820
1455915871986241536
1455924897650073611
1455929278760054792
1455929769271255043
1455935115239071755
1455936450260717573
1455936873747009542
1455939361342586883
1455939843939201034
1455941253296635908
1455949000369065984
1455995364528558084
1456012452458606600
1456023491484979204
1456089140345417728
1456214201974722560
1456224320389267458
1457328456409169922
1462330832010440704
1472714515292692484
1473376405933068288
1455870896095350789
1455871157836529669
1455871190057189382
1455871460874985476
1455871572846137351
1455872196501544960
1455873683692474370
1455873686846771209
1455874792406536192
1455875060024160263
1455876659303698435
1455878022335123460
1455878079209885699
1455879502106488835
1455882044211335169
1455885773736054789
1455890163565948928
1455957799419011080
1456159917966979078
1455874794155646977
1455874796072415234
1455874797821440005
1455875417450192898
1455875629962850307
1455875764558045189
1455876374489493507
1455876834927775747
1455877610026590217
1455880195684986892
1455880622526795776
1455880852047478787
1455880966631739395
1455881157216661506
1455881219330113551
1455881389593829386
1455882217536770059
1455882310167851010
1455882878890516480
1455883471834943494
1455884765265948674
1455886413916819460
1455887258985197574
1455887490645065735
1455888531684052996
1455888554005970944
1455888565531992066
1455892127435530243
1455894649990565899
1455894688926363649
1455896840872730632
1455899445594361857
1455900117618216965
1455902386598203398
1455904796037111821
1455911960583626755
1455913311858421772
1455922179875373057
1455931102686683149
1455931801080197125
1455933868721115150
1455941228269236232
1455969616778252293
1455970205637627911
1455976552173240326
1455980735999864833
1455981100849897472
1455984653886640133
1455995392424882182
1456089362098184199
1456154721970970629
1456237878254706689
1456251955559297032
1456252520368467971
1456468905434628096
1455874799738175498
1455894727245451269
1455894767103926278
1455899797672525836
1457879389174067208