1465246440809283585
1465250975292313605
1465256455427215361
1465261896072929282
1465261908081221634
1465262106618613765
1465262195625889793
1465262679984062464
1465262830857474056
1465264794206941185
1465264911047659526
1465265153587482626
1465265805038338053
1465265946797486080
1465270805760143368
1465271631337586689
1465276266039300098
1465278988952248324
1465280293707915269
1465281405991198729
1465281796774498304
1465283534461935623
1465285878020980738
1465289477329358854
1465294990784008194
1465297640334180356
1465306152930103296
1465306402285568004
1465307444930826242
1465318929123979276
1465334901457272836
1465348664331685898
1465364566863458307
1465394733359013892
1465396107316539398
1465431039585755145
1465454043849965571
1465586064597393411
1466201307069530116