1458542015273132039
1458545280807284744
1458550953179815940
1458576211521589248
1458577088349290499
1458608681226936324
1458706505042206721
1458718790947012608
1458769293122977794
1458771069339381766
1458776393710407681
1458881136692768769
1459169959058178054
1458547775461863434
1458547837696942089
1458548108376301572
1458548241545326594
1458548257034932225
1458548412253552640
1458548765770465281
1458548787647893505
1458548944783478786
1458549106566180865
1458549117274185729
1458549258311831552
1458549259293245441
1458549267644170242
1458550357374603265
1458550519383805953
1458550674233331712
1458551085954740225
1458551092019666944
1458551309628542990
1458551834063298561
1458551929492049923
1458552028234346497
1458552058970353669
1458552059100336139
1458554032742674440
1458554322644574208
1458554574151766022
1458554982643355651
1458556735447240708
1458557231155138561
1458561147737567239
1458566144470790152
1458568666149179395
1458572096213172226
1458572580001132548
1458574126231158787
1458583904076525573
1458584502284947462
1458591660208627713
1458597391800614912
1458597563066732547
1458599336284020742
1458608414335012865
1458610292800249866
1458616889572265990
1458620419926224900
1458625960031494147
1458626691375546372
1458626837425397762
1458626951489458184
1458642626836672519
1458651201944309765
1458661251580530691
1458675726006185985
1458691998529966080
1458706169799790595
1458731249003077636
1458745237019533318
1458758890129170432
1458759517613735936
1458770919992737796
1458774877612163073
1458785450341113859
1458796072206143496
1458796585916248064
1458805336219926531
1458806220148645890
1458818663465820163
1458820097263419398
1458823706852003843
1458824630718935042
1458827412997816327
1458834144088236035
1458834679612723201
1458835503877398531
1458836136957300746
1458843342536515597
1458847477155647491
1458851928369160198
1458855438741557252
1458856896727814155
1458875243200761858
1458898971057958912
1458902593657319429
1458904297836621825
1458905864102985738
1458953792188129283
1458957419237752838
1458969644820307968
1458977199911022603
1458982382535647234
1458984668548804614
1458987528942276611
1459059654143528961
1459087598215995392
1459165665324118022
1459193180755222534
1459264722864418816
1459337672405753859
1459540388264349704
1459593998188822529
1459606977642999819
1459659942688813056
1459755886214324226
1459786164492189698
1459788210603802626
1459799880201752578
1459811164028870658
1459845817490100227
1459849399438233602
1459862352300544005
1459870488533082114
1459935237149020165
1460064420634189827
1460066394670780416
1460072888363634696
1460264212773498891
1460349130451128328
1460631644155486214
1460717314832318464
1461114282788245507
1461219617419014144
1461331152954966027
1461452760923127813
1463635479434305540
1458555722854289411
1458561009866715140
1458561329577570304
1458566313874530304
1458612175203975169
1458659917242327042
1458672590000562176
1458703969979486209
1458706535836704774
1458773921021390852
1458952702377955344