1465441175784017939
1465441404335886341
1465441453178556426
1465441489954213899
1465441615099711494
1465441648222121987
1465441725846114312
1465442044399308802
1465442265661386756
1465442374612623369
1465443062642057224
1465443394893791238
1465443721714012164
1465444071196045319
1465444107787161607
1465444170487812099
1465444526173081611
1465445788297924612
1465445939066249217
1465446300111966212
1465446495855857674
1465446496011173894
1465448007453839360
1465449665122422791
1465450073949671427
1465450636955111426
1465451013570129924
1465451917006426113
1465452088549384196
1465453097547968519
1465453161590652937
1465453256444977155
1465453528659419148
1465455068627365890
1465456559660535810
1465457136796790791
1465457279612997648
1465457901082853382
1465458503913512970
1465459487695773699
1465461132777377806
1465461732235624451
1465463436360380417
1465463621496885251
1465464425897467908
1465464986164248579
1465465682368344072
1465465788895150089
1465466580196737027
1465466608755818498
1465467304796381193
1465467999180275716
1465471002201116672
1465471680742969345
1465472646678646790
1465473136443465734
1465473451666333697
1465473915438960657
1465473979292872704
1465476439340376069
1465477458686185474
1465478946288504836
1465479098713751564
1465479219572625413
1465481636804538368
1465482921331023878
1465483232015568897
1465484179370557448
1465484705218940928
1465485131737559040
1465486429430112263
1465486735672897541
1465494606741745669
1465494927173840903
1465495793742356488
1465499193422888964
1465502332347564032
1465503129219207171
1465517060230942721
1465517699224805384
1465522146118144005
1465523411845742594
1465530218446270467
1465537142583541761
1465538704626249734
1465541505033162754
1465542812917719041
1465549205842366475
1465575073348214788
1465575276998447110
1465579112206987264
1465591504693571586
1465640823706423299
1465641587241893893
1465652762117615617
1465664609357025280
1465666482327764993
1465668026355879943
1465668438538559502
1465668861991268355
1465670742050287625
1465670782152069121
1465672895645069317
1465673200717684740
1465673606428385283
1465676551345917954
1465678533683040257
1465679729541931016
1465682995268907021
1465687956719652870
1465690085966368772
1465691347587776522
1465691388469727234
1465692260306149377
1465692929859592195
1465693655172190223
1465694096408948738
1465696023188172802
1465697775312539665
1465699101954117635
1465701481026187277
1465703648021729287
1465707301579341827
1465708173101191175
1465708606758653964
1465711570097299465
1465711765656727556
1465711899723673602
1465724713951543297
1465725843959947271
1465726064211206150
1465730658890928134
1465738741838843907
1465740318528077829
1465742279113527299
1465748648751472655
1465749254148788225
1465749276902903808
1465750159392915461
1465750630623027206
1465750772373721092
1465751009221767168
1465752824680230914
1465755334769840132
1465764767092465664
1465771554000809995
1465771628969746436
1465772088837304325
1465772717647572997
1465777424352919553
1465780608852848643
1465780926005264397
1465788262820294661
1465790130032193545
1465790440003809280
1465794010136530946
1465809339273330696
1465813901002506240
1465831084604624896
1465842769147138053
1465847109295476736
1465865322330615808
1465910581332885508
1466006663047966721
1466041665450352644
1466050228063129604
1466050848396615688
1466071379317608451
1466071904536735748
1466199433247432707
1466413624134561793
1466422298521526285
1466422829944029192
1466436754110660613
1466479817168244738
1466481868958838798
1466505350606168073
1466599751101530114
1467486834460606469
1468026763901083654
1468403236319154177
1468403420361076737
1469352129450102794
1469361746464976898
1469390232600694788