1461420731493982213
1461420760250126342
1461420783721320448
1461420788796600329
1461421517737279490
1461421610792112136
1461421830959415296
1461422576253689856
1461422600932843523
1461422662950006791
1461424064430366722
1461424462251716615
1461424619483803650
1461425128991084554
1461425362349424644
1461425766021812226
1461426618451169287
1461426624071667718
1461427696970485765
1461429832164818945
1461429852787994628
1461430046128750593
1461430442851192832
1461430541895491588
1461431915093938177
1461433020204814337
1461433426070806530
1461434378052116486
1461434596919287813
1461434723692007424
1461438385436901382
1461438764891398146
1461442083332493326
1461445467947122699
1461446711767969808
1461451408725581829
1461451500509609995
1461454622535688195
1461463778235617288
1461464198962057221
1461465536467030028
1461469384434601989
1461471279631024132
1461488815567163402
1461493032243634189
1461497038261137410
1461497722733748231
1461503355553865728
1461507744817565697
1461510901870350340
1461512687377080320
1461513195462397953
1461514177768423426
1461517463951077380
1461518970025095168
1461519116796416004
1461519384980201472
1461521400900902915
1461523721022160897
1461524256693628931
1461531852607393797
1461532448576180226
1461546801584955392
1461555851840339968
1461568451852570626
1461573046645387270
1461575945354022914
1461578164770115584
1461585837045469185
1461586589788766214
1461605351736983554
1461616146306813953
1461622338491924480
1461622961090273285
1461623973683339268
1461628530761117699
1461633756649996293
1461634044215672844
1461649995204071427
1461654403556024323
1461667779149504516
1461674606922657796
1461681509165936666
1461685204574216200
1461688790242705422
1461689718031147019
1461691714964320260
1461695166952062980
1461698442116284416
1461710136393744388
1461710851505733635
1461730515942137859
1461741468394000388
1461742160202584074
1461781739529986060
1461801690492030981
1461820435515981825
1461821013252096001
1461821410347782159
1461866345881116673
1461872140047708160
1462016911978512385
1462099264851611664
1462099809444245507
1462194252356726789
1462253619084808193
1463127826757046276
1464222858482225153
1464456548932104195
1464569501224255491