1464848939119742976
1463586150946324489
1463586386536247296
1463586398506684422
1463586887155654656
1463587710598266887
1463588126505328642
1463588298824290309
1463588747312775171
1463588918339809280
1463589166147461123
1463592451487191041
1463594172409995268
1463597394335916033
1463602242066567175
1463608374189305858
1463625865166667779
1463665279343366144
1463708606205997061
1463726511220043776
1463727348881235968
1463779627143417863
1463818152274546689
1463839048351596548
1463882843856068612
1463883285898186758
1463890389203574785
1463898343138988041
1463914691449659403
1463921415799771136
1463944451970113536
1463950342379474944
1463951592588144644
1464039941227401225
1464054211839205376
1464067307362258947
1464068250824847373
1464088536919990272
1464154324716724225
1464205258947805185
1464229451949088769
1464263227659931648
1464271443009671189
1464530239263055874
1464627741047898118
1464645982394765312
1464734781304983552
1464757897657606145
1464785523013300227
1464814409444954115
1464834163974967303
1465000982245433350
1465162574484365316
1465444926905225220
1465674811850514435
1466126395411603457