1460974352355282953
1460974549709819905
1460978060027695111
1460979028119203840
1460981721596366854
1461052225715904515
1461052458545950728
1461106526471565314
1461237755791433731
1461266226030780419
1461844692027514883
1461007862457581578
1460974316758122508
1461007097781440520
1460975453141876744
1460993355597291523
1460977448057806855
1460978089480044548
1460978811214962689
1460978276856434691
1460978476547248135
1460986064563322880
1460978727777669129
1460980578640138243
1461243136685088769
1460981096414334979
1461243143567908872