1461830948002189317
1461830986061082626
1461831032647344134
1461831634240655361
1461832229047439374
1461832315835977730
1461832403828285449
1461832811791400969
1461832949117116426
1461833229669969931
1461834427793907714
1461834859987542019
1461835109879799808
1461835918952730627
1461836218233151498
1461836413285007362
1461837616089862146
1461838084073525255
1461838935739580421
1461839016312160261
1461844948567969795
1461848828244594691
1461851594715189248
1461853854459437060
1461854800673325059
1461856804414148609
1461858078131830790
1461858937502797828
1461861089109499906
1461863907673317382
1461863920113750016
1461864079493058563
1461870622548635655
1461871515863969793
1461873769493024768
1461874145306763271
1461874210771513345
1461875260668530690
1461878214574358532
1461883511036592133
1461898065267286020
1461902265090985990
1461906338364243968
1461916338557968386
1461917142899728388
1461923667655467014
1461940775168581634
1461943954824335360
1461955069394374659
1461967620496887812
1462016475171102726
1462026485443792896
1462039851159719938
1462053915160162314
1462058333234421772
1462062019343958017
1462063869145321478
1462067880401408002
1462095465512685574
1462095746673618945
1462110636977102850
1462112595834458115
1462112795932168199
1462113762341801998
1462127542371065863
1462170187529003011
1462192962847350795
1462194450252320768
1462221448836050950
1462278155591368708
1462293540550037511
1462489911064334341
1462494776826249218
1462497215843225605
1462497461532966915
1462512649456005122
1462603132626558983
1462626136085643269
1462837785027649541
1463126721427820549
1463202901485051912
1463264757637693447
1463507322819395585
1464253558388310022
1470759577864089602