1455240958660984843
1455240982052622336
1455241472844963842
1455242689843245061
1455243719989506049
1455243964324270080
1455244035547975681
1455244153307140107
1455244341090398214
1455244981346709509
1455245652359745540
1455245806718623757
1455247860631547904
1455247950574198790
1455248131659079680
1455249298434658304
1455252385799065601
1455254184585056267
1455255167155286024
1455256134705717256
1455256250267193344
1455260773878571011
1455262940622372875
1455267284344180738
1455272456738852865
1455284204921507842
1455289492072542212
1455290010307944449
1455291277117906951
1455307951103778822
1455308585953644547
1455308641079382031
1455308935552983045
1455311907900907521
1455336668739739651
1455345268598050818
1455356589955768321
1455379941034430464
1455388360025989129
1455418487078211585
1455429547642474496
1455470235813695494
1455472721706557444
1455506147293765637
1455530064188264457
1455538544664002566
1455546873608085511
1455560598742253576
1455597281412067333
1455597851363446785
1455610227076775936
1455710857594277890
1455909866011254787
1456400616956309510
1456969728824598536
1457364755165876228
1455356910102740992
1457879892511510528