1465435315376689162
1465435961299513353
1465436311259688969
1465436416574373897
1465437207464927238
1465439235696050179
1465439278499090434
1465439337651183620
1465440207050838027
1465441032464650243
1465441386707230734
1465442040703979524
1465448333389017100
1465452375515320324
1465479305388077060
1465509428409552896
1465509748023902209
1465523260171374595
1465537704242950159
1465543377756336128
1465555489878646787
1465591500369272832
1465619497117794307
1465628454502686729
1465660824924602372
1465666554704678912
1465674647668760580
1465688064701857796
1465704152105832467
1465704418632818702
1465715762652401667
1465751257042329609
1465772148304203780
1465772916902141953
1465842754941034502
1465881496535937026
1466042139868082180
1466108336282107909
1466148110409871365
1466326853371707396
1466439388536074241
1466748262552064007
1465439701087703043
1465440181964525568
1465440214210465799
1465440407865769987
1465440674862407682
1465440922422837253
1465441351319785474
1465441741985619976
1465441858130259976
1465441940296675335
1465442225328996356
1465442625125851142
1465442723519873026
1465442775533510656
1465443014466232324
1465443304808587267
1465443330393837578
1465443389135015941
1465443503396114432
1465443816517734400
1465443861707296779
1465443896708661248
1465443929537622017
1465444343095779329
1465444650336935936
1465445041485193220
1465445426669047815
1465445653568385024
1465446288124751873
1465446323314958342
1465446620598652931
1465446747635793925
1465447649251840006
1465447748770140162
1465450073517703176
1465451565687488514
1465451658297712642
1465451696335704074
1465452319294713856
1465452413654122499
1465452415910481923
1465452585960173577
1465452956363497485
1465453372106964998
1465453729822433292
1465454141342420992
1465455792908242945
1465457223665000452
1465457629690576904
1465460631377743877
1465461050405441545
1465461474336251913
1465462117046251524
1465465240238407680
1465466756428931073
1465470201684578304
1465478528795697155
1465478760325599240
1465481150965563392
1465482029231923203
1465483330388836356
1465483403273273346
1465484782435975176
1465484834214748160
1465485600740491270
1465493174210768897
1465507154367070212
1465507799987806224
1465508825230983173
1465517009626669057
1465517460434608131
1465517509755523078
1465517577967386628
1465527310820409347
1465536104703184901
1465542687503708163
1465544459517501441
1465550192174895108
1465551760408334343
1465555263801409538
1465556138552868864
1465558298195894279
1465560144427708417
1465560598322814976
1465563269976838148
1465565140347019264
1465595738755244032
1465612335117074438
1465639128217923584
1465652656483954696
1465662686805602312
1465667730804289548
1465675707279888386
1465736595663851522
1465740768178540544
1465744480338907143
1465747926362296320
1465756418737418247
1465759478733848583
1465759514179813380
1465773690168045571
1465774947285049357
1465775894665048071
1465775946942791686
1465777899168960512
1465781886471622664
1465799114222972929
1465819221640847365
1465840688159940612
1465848304697331715
1465905348183687171
1465934582922891265
1466054614285836293
1466062415796203521
1466102190938877957
1466395181306068997
1466395210435469314
1466400733310369796
1470017455296712704
1470018774178828290
1470019267483471875