1461468471871561741
1461468564989386754
1461469303966994434
1461473410580680704
1461475921764892677
1461484706319331334
1461485246235426821
1461486736790495232
1461493688325099530
1461513512862117890
1461515026783686659
1461516657843650560
1461521120151101440
1461521697543122944
1461528302104059914
1461529289040535562
1461539455546707971
1461540283607302147
1461547671240560640
1461647770704650240
1461681183461416961
1461712190222835735
1461737210433130501
1461737726420688906
1461771550823272453
1461772989251211265
1461781687428435976
1461868277672644619
1461898278501502979
1462020319439245313
1462026334557900804
1462054634613313538
1462224230779691011
1462257956339138563
1462452632086327300
1462530011987075076
1462550428042743812
1462564856658370561
1462572124099559425
1462633156956377088
1462885465158086661
1463121551541288967
1463134457897103364