1465404651071848448
1465404974956007432
1465405127389446145
1465405174290206732
1465405962106261507
1465405973867028480
1465405995669024773
1465406194726625292
1465406904365199362
1465407474308112389
1465407533187805184
1465408413572157455
1465408672281026569
1465409337237536772
1465409390840885251
1465409400361922561
1465414499096162307
1465415172437131271
1465417585592352771
1465418466572308486
1465419745054838787
1465421782148550656
1465421949828542470
1465422204934443009
1465422518425059331
1465422980448612353
1465423688405340162
1465424176521650176
1465425792024907776
1465428873303101441
1465429232067174407
1465429400040652800
1465430689470287879
1465431039279611905
1465431825292034048
1465432619861123072
1465432734776676357
1465434049586020361
1465434976925724673
1465435041392168962
1465438997220634640
1465440874586906629
1465441468269707275
1465442509945933827
1465452318414065669
1465457531694858241
1465464819914526722
1465465018380554241
1465493850244403206
1465495496944984065
1465517345976328193
1465522050672611331
1465541202443264001
1465562830338506754
1465591489539547140
1465658618263572484
1465663618297565186
1465666629614907393
1465688093206487040
1465799064448946178
1465860806839455744
1465866272579719173
1466048411770273803
1466524894175313924
1468532022683574272