1455294402512007176
1455294486792138752
1455295277129105409
1455295373904392192
1455296230792306691
1455297107695489035
1455298199959310341
1455299196295188487
1455299611598360577
1455299986586050560
1455301504206790663
1455302321865433088
1455302710580813830
1455303302372003844
1455303965294399491
1455304080931311622
1455306229807411203
1455306399572021249
1455306786269925381
1455306920554688513
1455311092620697600
1455311896106709001
1455312555971432451
1455313149830205448
1455318551645065217
1455328876658311168
1455330009204367365
1455330277551607810
1455343147886600197
1455346477245648897
1455365350715916293
1455373855409770503
1455376364123602945
1455392459295367170
1455395967218462724
1455422638722011139
1455481122129842179
1455484734465847304
1455484937239515140
1455492357999190021
1455497320322187266
1455513071577935877
1455514424819736584
1455553143631122442
1455560600566833155
1455572518778060801
1455578944984473605
1455586195174563848
1455598286908366848
1455599074959413253
1455605642853601288
1455648475207569408
1455648724323950592
1455650254074822659
1455652458881904642
1455664472656338948
1455664848495280129
1455664875213135876
1455682664506134528
1455685516045664260
1455906218527055873
1455917757317406726
1456117939279519749
1456201342049873928
1456447090394079234
1456971098420039686
1455294265135968261
1455294404206473224
1455294867911806979
1455295295600746499
1455298668769198082
1455299842255691780
1455301037842178052
1455311785876197393
1455319697109315585
1455328076343119873
1455331038939525127
1455332332374618113
1455343904690163717
1455352764788195328
1455354644503351301
1455356825293971458
1455357495564767233
1455374280607387651
1455402125857484802
1455429562771329029
1455452116382715910
1455493582509551619
1455508726052491269
1455515528597057540
1455516230119424000
1455520218739056645
1455530747339493376
1455540226483437572
1455546310854168579
1455548318214463499
1455556909940068360
1455562390481768451
1455567681327751171
1455571780450455555
1455576751640387587
1455597630751399936
1455600376455958531
1455611551809892352
1455616110741622789
1455628231038496772
1455640364187099142
1455645440217550851
1455651470594936833
1455652003531603979
1455652509842817028
1455652853771558914
1455653151823077383
1455655127151529993
1455661658563616785
1455710662307483648
1455760065911136257
1456495513470111758
1456969655613108229