1458102494698119173
1458102735623102464
1458102954028843020
1458103844882325507
1458104011584909314
1458104410605867015
1458104465064615947
1458108213207969794
1458109542882021383
1458110005840789504
1458124718435803140
1458129927375626241
1458130183911878658
1458139323186909185
1458142329525710851
1458343783716827140
1458103848497778692
1458104568101879814
1458109956683673614
1458111557427240970
1458112101982015489
1458112259079622657
1458112745614757892
1458113450152914945
1458113723466338308
1458115068240048128
1458115105422467075
1458115721930559492
1458116301113679874
1458116795454263297
1458117034630340609
1458118077338427394
1458118122284662790
1458119146676359176
1458121260286676995
1458123040147984384
1458123057864843271
1458123150353330180
1458123687278776320
1458123699907923972
1458123954846060546
1458125811895214086
1458129001503879173
1458129871528468487
1458131170193969152
1458134399669522434
1458136124338151427
1458136214964297729
1458138081815576578
1458140652428955650
1458141688354906112
1458141922216738823
1458142724893249536
1458144088818008068
1458145269627904001
1458153683393335296
1458157955698892803
1458165404006768648
1458166196138770436
1458176509517176833
1458181338104688642
1458196060514537475
1458236328479313921
1458243521010352130
1458243534067281921
1458253975531233281
1458323454336258054
1458343789676859392
1458374357684682753
1458449423839735814
1458452432636219392
1458452603877138444
1458453546307923968
1458460294498373633
1458473027855912974
1458522823522066435
1458534218204655616
1458535591180603398
1458535741185724430
1458563830074810374
1458605118346215428
1458893118569279498
1458967693185273857
1459145295237951493
1459283757538574340
1459324656285069313
1459573879647657989
1459674006668210176
1459769226496036864
1460608618965999618
1461452916070486026
1461523848625541131
1469356325851344898