1458513150991601677
1458514465654202369
1458521458255319042
1458519197265416202
1458519447002656771
1458519454204239874
1458519879242428419
1458520283967639567
1458521152620412930
1458521936296747011
1458523919166607362
1458525590064095243
1458525790161735683
1458525967043989512
1458527683298660356
1458529882976161808
1458530023162318849
1458530400062554122
1458530981229432833
1458532785375760387
1458534643192504320
1458535111734042627
1458540448310611970
1458540599708028928
1458544231518285826
1458546005750714369
1458547118625341443
1458548855809712136
1458551096117547009
1458551380109676547
1458552454811955202
1458555860251185171
1458556605319061520
1458557277087150090
1458561409667805185
1458562336923467792
1458563445956268041
1458564219339776003
1458564606893383688
1458565446311895042
1458569571611262980
1458579320704749569
1458581448110350336
1458583197315436545
1458584371384958981
1458593763216048128
1458596411361091584
1458623421613547528
1458632089025220612
1458652129124655106
1458654583106904065
1458664124221575168
1458665600411217925
1458665938446962688
1458666176821796866
1458683784052633603
1458686202811490306
1458706146173362176
1458728776213303302
1458737101197873155
1458742165186793472
1458767784666714114
1458776187925323788
1458813751382183938
1458849408926162969
1458849760761331717
1458876822406328320
1458879444802752512
1458890571305603081
1458892792306888704
1458903115156144130
1458905421096312834
1458910138627100673
1458912457209036803
1458933343727325198
1458988448401047553
1459085686263496707
1459099541823758384
1459132821981773825
1459193469038055430
1459200785674387456
1459842386314604544
1459895477223178245
1460084871678681092
1460315995394957315
1460560366866472964
1460594237762945026
1460594380595732483
1460602447219544067
1460612931889119232
1460613667297402883
1460636557359079436
1460990578124939266
1461180752184287232
1461452798902648832
1462254168081514496
1458526821952147456
1458530031026642945
1458533723595411461
1458706491255439362
1461456183743684614
1461492805658841089