1464356718817779713
1464356808659714051
1464356868147482629
1464356943577989128
1464357024028930057
1464357318909435905
1464357408151683074
1464357792517611521
1464357843646177286
1464357853330870277
1464359185982767106
1464362311334785026
1464363157439369224
1464364770287575049
1464365214162432002
1464366267859554308
1464370142989619200
1464370483525132292
1464371169088270341
1464371372646285321
1464371871281913856
1464371970276048907
1464372697400365057
1464372927483232259
1464373210829529093
1464373968769630208
1464375595660300291
1464386030463766533
1464387889014394889
1464388317231910924
1464390179511283717
1464396160622284808
1464410754069807111
1464412597378183172
1464412714596458499
1464443830275653632
1464556723822342154
1464569387432779776
1464600337495560195
1464600414821699597
1464601584948719619
1464613931113193473
1464617938053443589
1464622672407638024
1464627202432118790
1464628725224464387
1464663662765899778
1464685125757812741
1464693049624248327
1464710626681372676
1464713698401005570
1464715960678506504
1464726497487433732
1464728412812189707
1464747416549265415
1464754913037139972
1464758249735950343
1464769095627415558
1464789814490902532
1464930219748474883
1464933149260013578
1464983524256018436
1464985456907542540
1465018028584841218
1465072366434856964
1465076874728640523
1465123756909674499
1465156312791236608
1465156833056808960
1465310626893467661
1465354231855128577
1465358549723271170
1465369276290846728
1465369487029510157
1465395108531085313
1465759591942311951
1466050073557708808
1466459984951234566