1455688168120872965
1455688200190636032
1455688242439893005
1455688441044381702
1455688641053970443
1455688701850365953
1455688736793059329
1455688786701168646
1455688787229614092
1455688792745070592
1455688810289930245
1455688865390419970
1455688927457660935
1455688996336570369
1455689000551813122
1455689019958824960
1455689058034749444
1455689078188486656
1455689159453073411
1455689190927110144
1455689228319436800
1455689451552788484
1455689455453581312
1455689460914528256
1455689469663850498
1455689537498267650
1455689557752565760
1455689615168446466
1455689621266911232
1455689640413999104
1455689651998580740
1455689682931515392
1455689706923040768
1455689761096716297
1455689785029189636
1455689795452260358
1455689874305011714
1455689888238505984
1455689901781839875
1455690015678345218
1455690020308803587
1455690035513249793
1455690060330844168
1455690079704424449
1455690178488590338
1455690195660120064
1455690265797218305
1455690353831395328
1455690513252749315
1455690530596270082
1455690532940763143
1455690548866478080
1455690829364879362
1455690867407212545
1455690953449213958
1455690977797017600
1455691118763462657
1455691134605398021
1455691169413926915
1455691265429884938
1455691380936871940
1455691442605760521
1455691460079063041
1455691477401669635
1455691484917866498
1455691642577555456
1455691712987271168
1455691720608321537
1455691742150160387
1455691758088589313
1455691833950932995
1455691852192026627
1455691866624700421
1455691934761029634
1455692095918903303
1455692109948674052
1455692180295766017
1455692265343553537
1455692280568836104
1455692429504385028
1455692496697106436
1455692592335687690
1455692623683805185
1455692645913800705
1455692650410020871
1455692654319226882
1455692728818274311
1455692823962005510
1455692826147123202
1455692857432440837
1455692872435576834
1455692928576327686
1455692939443777538
1455693014165295107
1455693110642712576
1455693226011250688
1455693296551047168
1455693359545143302
1455693370626609155
1455693476733984769
1455693504131342337
1455693613816553472
1455693658129268737
1455693876589649927
1455693945745313794
1455693957602684929
1455694028276645892
1455694036375949315
1455694103778267136
1455694412902805508
1455694583661092868
1455694655404740608
1455694662249984003
1455694666410516484
1455694902210318347
1455695003024506889
1455695106481131523
1455695206288814082
1455695270533111809
1455695298609754117
1455695320629882885
1455695355828391936
1455695421813280775
1455695483205206021
1455695497059053572
1455695497230962695
1455695497264574464
1455695508626882563
1455695515161595907
1455695549886308353
1455695695856422918
1455695721395490820
1455695737237295110
1455695738407510020
1455695833916223490
1455695881852829701
1455695906720845826
1455695963172098048
1455695993350017027
1455696036895367177
1455696049532723209
1455696223487287302
1455696246480510977
1455696249861152769
1455696283537219587
1455696300930908164
1455696314168008706
1455696428123267076
1455696486595973129
1455696524554428419
1455696541528821766
1455696610248232963
1455696625112731654
1455696631555231745
1455696637255430149
1455696709846138883
1455696773775777804
1455696777827389440
1455696804419231745
1455696849927610376
1455696946409127941
1455696952897769482
1455696980215091200
1455697036460888067
1455697042668507144
1455697090663772162
1455697145495961606
1455697156988448772
1455697296625123335
1455697390791446535
1455697427395067905
1455697542642126849
1455697565995999233
1455697577031184386
1455697592411586563
1455697645817765891
1455697743112986634
1455698043097993220
1455698075775901701
1455698207141515266
1455698269401542657
1455698312661721091
1455698402423894024
1455698415426359297
1455698457918857216
1455698496464375810
1455698602467082247
1455698662554841099
1455698715960807424
1455698732092170240
1455698788467752969
1455698921330782209
1455698928725368833
1455699013718589442
1455699101249466368
1455699152990441472
1455699159667851267
1455699289741611011
1455699332087353345
1455699365281112068
1455699415180660738
1455699431223820292
1455699477088518145
1455699509648846848
1455699600908693505
1455699985761189897
1455699991754952705
1455700500825919488
1455700618467688453
1455700622267744259
1455700634649366530
1455700715012247558
1455700766891593735
1455700959259082752
1455701000661176320
1455701031929712644
1455701167971909635
1455701257159692288
1455701598697672714
1455701603206508550
1455701685419008008
1455701779220361218
1455701796249235456
1455702403001503748
1455702449147236353
1455702637005918209
1455702924961755143
1455703001981599744
1455703017085407236
1455703160820015105
1455703180508020737
1455703343523901442
1455703503842721799
1455703640023478280
1455703867660898305
1455703905426345985
1455704343529807876
1455704955118133250
1455705117731266564
1455705296635154438
1455705500163641345
1455705781660266498
1455705872936706049
1455705949549781000
1455706231331438599
1455706264256847877
1455706396792655872
1455706499058225163
1455706521422213121
1455706858195406853
1455706865736818690
1455706957902487555
1455707038667866116
1455707429711253507
1455707708758261762
1455707830422544384
1455708119150088194
1455708126490107908
1455708714711732225
1455709064722219014
1455709188311564288
1455709254560669697
1455709430062911489
1455709580634169345
1455709723890790400
1455709786180227082
1455709819613102084
1455709934432161794
1455710011557040131
1455710248409370627
1455710257515270149
1455710285029859332
1455710336514936839
1455710341019709443
1455710366206361605
1455710898010525698
1455711135164993541
1455711344901169153
1455712771342053380
1455712964691075072
1455713039307710465
1455713074321797120
1455713233252364292
1455713295889956867
1455713839895531521
1455713942622310400
1455713996892516362
1455714526360375301
1455714542814519302
1455715409638957061
1455717213583724549
1455717458027896833
1455717839306907651
1455717868922826753
1455718273274818561
1455718403705122820
1455718790835154947
1455719313009221639
1455719480290648064
1455720704385630208
1455720849575583745
1455720922128728066
1455722101315416064
1455722149034053632
1455722189127184388
1455723068622622720
1455723192631316481
1455723242870747140
1455723376350318593
1455723425616601089
1455723451558268930
1455723500166172683
1455723707268313089
1455724214263103498
1455724390939860994
1455724848840208385
1455725033414823937
1455725600140898305
1455726038147817473
1455727006792892417
1455727058122784769
1455727496255713287
1455728748456824832
1455729248627564547
1455729706007990274
1455729711196278785
1455729755953713162
1455729789961220101
1455729835251167233
1455730259140173828
1455730368498253830
1455730615505104897
1455732570193154056
1455732612912357379
1455732842172878850
1455732906983243784
1455734053869662210
1455734925164875779
1455737539369881604
1455739485950554113
1455740347066187779
1455740527945601027
1455741340814397442
1455742078848229377
1455743080511021057
1455743366201761797
1455744856106487811
1455744944841371650
1455745807387447299
1455746577205760004
1455746624764977161
1455747433007173639
1455747584551636992
1455754744664756228
1455754916476096512
1455755131409084417
1455755314607714310
1455756966622646272
1455760462939893761
1455760500273213445
1455765719325446148
1455767430320381952
1455767976855150593
1455772777596608512
1455777909944111106
1455778132791906308
1455780314177949702
1455787975003017216
1455790349536821263
1455790695583735811
1455791094927695872
1455792028818841600
1455792576796061696
1455793774530080770
1455800318562902017
1455800987311083525
1455805858663776257
1455808931255648257
1455810013818195969
1455815537930477568
1455817988007923716
1455819306126745605
1455830466775367680
1455830942417752071
1455835882494349315
1455836159519731716
1455837636820717570
1455838588986294281
1455843755429441536
1455843777298509824
1455845341442584583
1455847023417171968
1455847990053249033
1455851027949830148
1455854300933021702
1455859402964078597
1455859411159851009
1455859550695956489
1455860146173739013
1455860200255197188
1455860437652750341
1455861379030781955
1455862521466863621
1455862944772808707
1455863153691086853
1455863350580195334
1455865366031306752
1455867230999171073
1455868548480475138
1455869173511376897
1455870037986848769
1455871529619709954
1455871731785211911
1455872569488416773
1455873032375914504
1455873143269117953
1455874014258216961
1455874093086040067
1455875521858916355
1455876087859318786
1455876680380260358
1455877208476692481
1455877425259290625
1455879873939922946
1455880746581696514
1455881108772593671
1455882584848752641
1455882682718633984
1455882833713582080
1455883126455078914
1455883289689010181
1455884705878798338
1455884984523309059
1455886741932552197
1455886819485229063
1455887130098610179
1455887198440628229
1455887492486475782
1455888019026812928
1455888360715677702
1455889745620443138
1455889831301615618
1455890326040629249
1455890484237414400
1455891722584707072
1455892136713404424
1455893886933487624
1455894659184541697
1455894948667183107
1455895807832596481
1455895973356609540
1455897252426301444
1455897726701408261
1455898034039136259
1455898402991099908
1455899465915584515
1455899497939230726
1455899533205020680
1455899596366954497
1455899951230226435
1455899970842750977
1455901036158271497
1455901575256346633
1455903099726581762
1455904431908823040
1455906063014842376
1455907508481110020
1455907983137943552
1455908483828748292
1455908943016779776
1455909127935324162
1455909187897237506
1455912339274752001
1455912824094576643
1455913125186875396
1455913352719372289
1455914322484416518
1455914865722368008
1455914876346454021
1455914919539331073
1455916160067637250
1455917570259783682
1455919022273347586
1455919432665022473
1455920202533642247
1455920212574982144
1455921030451449857
1455921291492352000
1455921538247454722
1455922990802165766
1455923070049218562
1455923517510144005
1455923806824898568
1455926930671390722
1455927584781373442
1455927825379201025
1455928749245886467
1455929547417862144
1455929784412823557
1455930569909575682
1455930658304380933
1455931848882786313
1455932000049582082
1455933225793163268
1455933895145361415
1455934288071901184
1455935969534877702
1455936365959389189
1455937446802243587
1455944279281455104
1455944616264536069
1455944910595633155
1455946576447344646
1455947920822444034
1455948003819327491
1455949031910281224
1455949589429768197
1455949756971241480
1455950399815380992
1455953573049688072
1455953741627146245
1455954714084904977
1455957039461531650
1455957401547550721
1455960877765697536
1455965614695084037
1455966797803319297
1455967778087874561
1455971648906186754
1455972610869710849
1455973031176810496
1455974481420328967
1455975291910856717
1455979321613455363
1455980353156493317
1455983732687527937
1455989506813808646
1455990597546807306
1455996308624400391
1455997777671081986
1456003469710696454
1456016207425982472
1456017552463835141
1456020475730141192
1456026734919311361
1456031754406486028
1456037301834952705
1456043249051873282
1456047545155657728
1456053229545050114
1456054824206753797
1456062852184227846
1456065967746805766
1456082786914377728
1456087063392964614
1456094941742985219
1456096312609361922
1456098598739845122
1456110832018853889
1456135787343273996
1456157369843568644
1456220305416876038
1456220327021740033
1456240000870195211
1456243627722788865
1456243866491830278
1456249901235511300
1456256357326196743
1456258464624173059
1456295956807311365
1456305954774044684
1456310739392663560
1456320549936902146
1456321913299652612
1456340858224136192
1456349379871195138
1456358117965451268
1456365834495045646
1456378197822607362
1456407738032951308
1456407778289860617
1456432058507612160
1456442050128220161
1456456651091886081
1456481774150762498
1456548235313434625
1456548467002667012
1456565605276991500
1456581142136582145
1456630414471217160
1456799002662301699
1456846255284436994
1456858002137378817
1456869220357222401
1456871773887029249
1456898273071951882
1456969369284661249
1457055771393282051
1457062558012084224
1457074278910812169
1457074760245030915
1457074872090198019
1457078265839947776
1457106452104032258
1457114275160281094
1457124503247638530
1457137772045619204
1457140172282204162
1457161784289206279
1457166148294914051
1457179121348403202
1457183268927848451
1457188013935665155
1457197975852265472
1457199178103328768
1457247400674963456
1457255022870204417
1457273368462434305
1457280216049627137
1457305049709916160
1457307268056289280
1457348966060736516
1457349791516663808
1457358513370447876
1457358596279242756
1457367257814810624
1457384187258802177
1457400927770525706
1457426329637433346
1457454019287334920
1457456498162929666
1457457249664778244
1457487546909343759
1457487838149283846
1457580553398624264
1457713029940924417
1457796824421462016
1457808723586527234
1457808903400480770
1457836132117397505
1457880445635514369
1457881078589448196
1457896575024435201
1457920971034202119
1458136772307820544
1458146080001073155
1458152135653306373
1458156040084549634
1458200134198640642
1458207674051477504
1458207717575778307
1458208881964945410
1458209781303418895
1458212347235950595
1458214197054132234
1458214422854488064
1458214587451518976
1458215896422526977
1458216968696311809
1458218865406713856
1458223175037296645
1458229854583803905
1458232332528328704
1458236139110690817
1458241533849833481
1458248259655319553
1458253230316703746
1458253546059702282
1458254294080270336
1458256830304456708
1458301357899796481
1458302675787792390
1458332758384726019
1458345287714365444
1458376478098403332
1458379920376168449
1458383197557899265
1458407440349863941
1458430843450499074
1458469506616074249
1458499014429642762
1458510840521498629
1458543366979866628
1458556805274013703
1458570461818851328
1458574973098995717
1458608129399091207
1458648523268935692
1458777524834484234
1459242671583555588
1461739810910093325
1455688789129564163
1455688952795512839
1455688984353558531
1455689001420136462
1455689087432658945
1455689102213488640
1455689111897923585
1455689120097964033
1455689137407856640
1455689165690052609
1455689242336808970
1455689288608149508
1455689363573116928
1455689418715582466
1455689516446982146
1455689680784175107
1455689707917086720
1455689768289849350
1455689811495370756
1455689840394063874
1455689925685387264
1455689970442715137
1455690069956726787
1455690128173633536
1455690176362131465
1455690197727948801
1455690238576238602
1455690370252161024
1455690472702332928
1455690510698377216
1455690556324122625
1455690570433810436
1455690575269728260
1455690635760050180
1455690739896123396
1455690874692702215
1455690916551802887
1455691031127773184
1455691308274704388
1455691359986257934
1455691577330896897
1455691842603868168
1455692020987699207
1455692173115068418
1455692372898050048
1455692388366790669
1455692592541229061
1455692682563620868
1455692804965928967
1455692937384374273
1455693038508986368
1455693261851529218
1455693312640360457
1455693325512679424
1455693389341548556
1455693687674085379
1455693834088759297
1455693834843738112
1455694059050307585
1455694490757439488
1455694716977258501
1455694777719136259
1455694791040192513
1455694964248227842
1455694972477448197
1455695033173221384
1455695074130550786
1455695123308851200
1455695188303745024
1455695213947768835
1455695661308030984
1455695687300042752
1455695890098712578
1455696120529760256
1455696120886161413
1455696174577500160
1455696221272567808
1455696228814053383
1455696240000192515
1455696246946111499
1455696289870409733
1455696329305432067
1455696339744985093
1455696365389033477
1455696420183412746
1455696426252394498
1455696442677288966
1455696504421769223
1455696509853446150
1455696587817164805
1455696738145210377
1455696806990524423
1455696829635383297
1455696883096211460
1455696893862842376
1455696910057095174
1455696922476355589
1455696922606325760
1455696932412723210
1455696953824665609
1455696956890796034
1455697009827094529
1455697101497769990
1455697140244701186
1455697159068717060
1455697172469620737
1455697328380076034
1455697346629705728
1455697458416295941
1455697493606367232
1455697644450373636
1455697651119243269
1455697765258891265
1455697802261143560
1455697820611186696
1455697847446343689
1455697933832097793
1455697955680358409
1455697964995862533
1455698007475691523
1455698024332767235
1455698121594388490
1455698137415290885
1455698381909766152
1455698570741309450
1455698624164270082
1455698663376834560
1455698684486815746
1455698750660296707
1455698752157724678
1455698775318712321
1455698837872513024
1455698888548130824
1455698977186320387
1455699056366440449
1455699063786119168
1455699064734035976
1455699074024308742
1455699092449992704
1455699126100938754
1455699193985646597
1455699234905370625
1455699319273689093
1455699401507328001
1455699437632819212
1455699591190519811
1455699669506564099
1455700136093528070
1455700160390963201
1455700241508814848
1455700270885838849
1455700692417617925
1455700693961093122
1455700963537440768
1455701153782460419
1455701242928320518
1455701908895768585
1455702001652805634
1455702231412457472
1455702319052599296
1455702397116891139
1455702493866958849
1455702628332150789
1455702677241745409
1455702943613784069
1455703029320085507
1455703135834488844
1455703163374288902
1455703314742530050
1455703354106163201
1455703420833259524
1455703469608914944
1455703477812752385
1455703497442201605
1455703807204147205
1455703877895008258
1455703998787317771
1455704369786232837
1455704469400870919
1455704789103357955
1455704894724362243
1455705274048724993
1455705657726885888
1455705886958125067
1455705924065234947
1455705998124068865
1455706130693378048
1455706397845381121
1455706441755422723
1455706628267773952
1455706747931291651
1455706929511157764
1455707086965383171
1455707304087588870
1455707388514902016
1455707695768645635
1455707763292753926
1455707859371577350
1455708062145200129
1455708170031095811
1455708241766277127
1455708910493577218
1455708993767231489
1455709140404346889
1455709537286049798
1455709654252605442
1455709702772477952
1455709750348468224
1455709859433828353
1455710070826749953
1455710078409920512
1455710543772360709
1455710597413232650
1455710770340192260
1455711241997983746
1455711509196115968
1455712312673935363
1455712644351025154
1455712870495399938
1455713337275125762
1455713584462376963
1455713811592253446
1455713988323381249
1455714182481985536
1455714780904361990
1455714836898328578
1455715396829564928
1455715450436866050
1455715564299735047
1455715855908552704
1455715977396695046
1455716411314147329
1455716589051940865
1455716755091771398
1455716916430057472
1455716946784268288
1455717030233972736
1455717306705846274
1455717400159064066
1455717607294701568
1455718700200259589
1455719007923818501
1455719381699289091
1455720411392618501
1455720498592198659
1455721292607496193
1455721416003919874
1455721782460108801
1455722078917652494
1455722137893867520
1455722176242503688
1455722978797359105
1455723048389255168
1455723320163307523
1455723406326894597
1455723639911813129
1455723701043806210
1455724666916593668
1455724691159764992
1455724806402297857
1455724855614128129
1455725006995050499
1455725334981083146
1455725513914388486
1455727034227834887
1455728182259245057
1455729697392709632
1455730175610654722
1455730550694629377
1455731287902330883
1455732817527070720
1455732917758480387
1455733572199985153
1455734992907161600
1455736284090093569
1455737149869936647
1455737264382877699
1455737282238029825
1455737447116070912
1455739336587022336
1455739821771538434
1455740124940091393
1455740620933304323
1455741941111418880
1455742135584497664
1455742470722138122
1455744660392009732
1455744680994426891
1455745600234815499
1455745699501461505
1455745870943506435
1455746697674428419
1455747009848086536
1455748779857022988
1455750033127604228
1455754288433704966
1455754712846848004
1455755251940691969
1455755747158016003
1455759267512733706
1455760084424822789
1455761335334096900
1455761941843038209
1455762287906594822
1455762554379141120
1455771851402006529
1455773087081848833
1455773124767535105
1455774792447971337
1455778745567023106
1455786060164714496
1455792640646070272
1455793086945120258
1455793177294786560
1455793831870230529
1455794784086417409
1455795127662821377
1455796473677897733
1455799268892160001
1455800515347075075
1455805927932768259
1455808890994495488
1455812673468342274
1455815212972576771
1455821680111230977
1455826699761881088
1455829042909810688
1455839092327976964
1455840577870761987
1455843631810629633
1455843723389059074
1455846054977589250
1455847500808601601
1455849177775284229
1455849214018211846
1455849398626406402
1455851648614420485
1455852292440305664
1455853020537835527
1455853769892057088
1455856225514577923
1455857954801045511
1455858947093577731
1455859050596421638
1455863200340135941
1455864694464552968
1455867740347146245
1455868087224373248
1455868968942592002
1455871552046747654
1455872481634422786
1455873058242191365
1455874195557175300
1455874233586765827
1455874389711413252
1455875186415190024
1455876182180868104
1455878546421911554
1455879286603325445
1455879910241800192
1455879999827873807
1455881907783225346
1455884312872587273
1455887160507305989
1455887449134178305
1455889580746551307
1455893027894054918
1455896102960390149
1455899227800883205
1455901936465727489
1455908923379118083
1455909272513040388
1455910957461426181
1455914411449802765
1455914702404526081
1455915174922227719
1455915471102955526
1455915975572918280
1455922121620742151
1455922835239677955
1455926755500429316
1455928496686092299
1455928584963608583
1455929176180002823
1455930101359644679
1455934318316961795
1455935733324079109
1455936777127018496
1455942333719928834
1455943232949407744
1455943931850592256
1455950137998692355
1455953875911921664
1455957328704987140
1455966823036473344
1455970604012744714
1455971310945832974
1455972926717636610
1455980157991149575
1455990414310260744
1455997743223214080
1455999045177020419
1456003432020578315
1456007716661600258
1456009958907015171
1456010205104332801
1456011588411006983
1456016349759778824
1456025383090917376
1456049704941281290
1456064327157493764
1456069858995605504
1456083141982973952
1456084437582680066
1456117868844621831
1456149036151549952
1456258432650993668
1456320749250166793
1456377454155771907
1456381882594115599
1456425939873644548
1456443022460157954
1456970976214855683
1456991193045344259
1457764313125593088
1458171722876739591
1459148595911966729
1463770474089893889
1485196329781534723
1485743361474629632
1455689055665115140
1455689069581668353
1455689242861084673
1455689749625294861
1455689776586125316
1455689791652208644
1455689805396856834
1455689841849651205
1455689971738693634
1455690119160160257
1455690388518232066
1455690966061441032
1455690966506119168
1455690977474134019
1455691537304543238
1455691964037349381
1455692016705212417
1455692148951638019
1455694772832718849
1455695379995922435
1455695454931464195
1455696367834308610
1455696508691623936
1455696680695652354
1455696697867177986
1455697258700320781
1455697876479266820
1455698369934921734
1455698795963076612
1455699158392659973
1455699208380497924
1455699408557944838
1455703708965040132
1455703900305068039
1455704800260247555
1455707137267560448
1455707244247625734
1455709094246064130
1455709426552344577
1455709586434973697
1455710915224088582
1455710989706481664
1455711616507465733
1455711776813760512
1455713250184552449
1455713565395099648
1455713991330836483
1455714237377044482
1455715004066504707
1455716515744034817
1455716564553146369
1455717024613732367
1455718335048527873
1455719099862958080
1455719184088944642
1455721625660370945
1455726471117512706
1455729154960338946
1455732242475593730
1455734060513259523
1455739355738230787
1455739530607202309
1455759225330692104
1455769444660117504
1455777737029861376
1455790134427721728
1455806059184934912
1455828292855074821
1455830593661513728
1455850904658202625
1455856150344314888
1455868651614183424
1455878696133345281
1455893883330646024
1455895240859164672
1455898792633503748
1455900243992748039
1455901660648140806
1455905012580638721
1455908876755226637
1455911361746137095
1455914477673721861
1455921805525278731
1455924575733178368
1455950175822917635
1455955707849805828
1455973616009502729
1455993985248362496
1456024617466966018
1456117833218211842
1456760065491361800
1463064358917971968
1464264447330029598