1455641446019702792
1455642308402159627
1455643755156021252
1455643870763552774
1455648941278519296
1455652099019132946
1455667291899658246
1455669966313869314
1455710272627302402
1455737810464362505
1455758255095881731
1455792024649666565
1455877652045307907
1455879934044372998
1455963736863346705
1457375571864956929
1455651075260702721
1455651164498931727
1455651183373258763
1455651291472990215
1455651441209655300
1455651473614835715
1455651607241187329
1455651741727264768
1455651787562569735
1455651815412932608
1455652586518896640
1455653088577081347
1455653104330870785
1455653191211790338
1455654186704572423
1455654612183158797
1455655466219065352
1455655605344030722
1455655747136671744
1455656733523603456
1455657630534361088
1455658477792096259
1455658920521908227
1455660104276135936
1455660321511641090
1455660503758299140
1455660632116764680
1455660785556877316
1455660818859806724
1455661130643238915
1455661660052410371
1455663074430627849
1455665396510515202
1455665433848209418
1455665639633276933
1455668608437215238
1455676066291453958
1455676177335521282
1455676234365640716
1455677607199059971
1455678824922943488
1455679213818761216
1455679623681830913
1455679761976528903
1455684029055967236
1455686555113250822
1455688001502126080
1455691166134018052
1455696745636274184
1455709506445393927
1455723304979877890
1455852726361931778
1455887616545591305
1455908968543375360
1455943757656907781
1455950211117993992
1455973389848530948
1455991829594361864
1455992237943365641
1456117904458407939
1456253478053945349
1456335104079507461
1456338850075357186
1456971041121652737
1457745746346790913
1458143322086727686
1462905853888155662