1460730117211234304
1460730558812766209
1460730784302702597
1460730962120417280
1460731545724067846
1460732420257312770
1460733058949255179
1460733214373335048
1460735440185606150
1460735699586625547
1460736192257871874
1460742475681828864
1460746798474145793
1460763132117209090
1460767476979953670
1460780341455638534
1460788042189484032
1460791616571158530
1460802715160698890
1460805710946582528
1460812164462166020
1460827798180966401
1460831527231635460
1460856587229220864
1460878752355950595
1460880115903217666
1460880528446574595
1460910974760898570
1460916235798040577
1460926422940278788
1460935509837062148
1460945194875035654
1460950269194211332
1460958395335417861
1460967345036406784
1460988634392371210
1460990672857620484
1461000395355004934
1461016546529136653
1461021396478218246
1461024799774420994
1461045876395167747
1461046703805501442
1461048049736765457
1461059667841499136
1462152523163312129
1462253889382600705