1461394708173709314
1461396351103553537
1461396487775166473
1461396770638884867
1461396952549969921
1461398241396903949
1461398473937465344
1461398592980238341
1461398603352580098
1461398827357724679
1461399256615452677
1461399466485944329
1461399568529047559
1461401203741499392
1461402510808154116
1461403611397771273
1461404342137851904
1461406303893422085
1461407115168342021
1461408612077735940
1461410373555286017
1461412224925327367
1461415734538477573
1461416300585140226
1461417060886474752
1461418272142684161
1461467275538710539
1461566921254617089
1461605344984145920
1461608180438507520
1461624794747703302
1461661830129061889
1461710832916643849
1461711565493882888
1461748830395899904
1461784922440486914
1461794594375544837
1461872920775602176
1462052074242334724
1463127887226228744
1461430754001534991
1463581449899159558