1458528005375078414
1458556682037088262
1458953877840039937
1459193494896058375
1459204423243157505
1461109071877054465
1458885327871905794
1458532854846087173
1458533864981385225
1458537773867016194
1458706497404346368
1459182576745205762
1458538844060540928
1458536630139031556
1458541111425871880
1458543271605637120
1458546376565010436
1458557210485829632
1458609989178867720
1458618972245573635
1458817218947473413
1459312302419677186
1458538305062981634
1458540098790776839
1458540463477207040
1458546389688979461
1458610385523777550
1458662768555577345
1458534754483982337
1458544687338475525
1458546411008581637
1458551778010619907
1458540933960675331
1458545269558194179
1458706499862204419
1458776355055702020
1458805594576457734