1455958307877920768
1455959363261067265
1455960869939056640
1455961320117862402
1455962163688902659
1455962253556129796
1455964304046444547
1455967479512113156
1455971463903727625
1455972914461827074
1455986731438813192
1456004681570914304
1456109773930344453
1456154331510673408
1456266250905030660
1456588537176805384
1455966098407530502
1455966309766811657
1455966515119919105
1455968830631596034
1455974239589310467
1455986563712753672
1456026307398193157
1456119895817539586
1456154336946540549
1456216429624242176
1456263829604618252