1464211056096526336
1464212249816481796
1464212433405419531
1464212832455696384
1464215110486880260
1464217241315164160
1464222396794257411
1464222427307724808
1464222541527101442
1464223333688524803
1464224176164724738
1464226476954292226
1464233475893047307
1464234038055555074
1464237594112315395
1464242066280484871
1464244554769518594
1464251114489004045
1464255961783316491
1464277333079166996
1464284665217495042
1464286644345913353
1464288425658527745
1464418318740250628
1464504785185427460
1464548821002764300
1464772867078430722