1460694602281897990
1460694936219578369
1460695063164456961
1460695293696090114
1460695329863524353
1460695466924904448
1460695486629924864
1460695701252280322
1460696237980610562
1460696566516310019
1460697333352513541
1460698512811642886
1460698660673523712
1460699329794957312
1460699362011480069
1460700444968341505
1460700835449557001
1460703799350214656
1460707260984872976
1460708293878366216
1460720963146891277
1460722531686662144
1460738071553400837
1460763344927924230
1460788088725286921
1460860719419826179
1460880511937789953
1460885094067884034
1460993663501168641
1460998160067747844
1461004182891155467
1461016832391798786
1461030803601858561
1461083660363264000
1461362218688081924