1461838162012037123
1461838343520595969
1461838951157616641
1461839142082465797
1461839190010695682
1461839202622918661
1461839412837421076
1461839537936605184
1461839554604851202
1461839687715332096
1461840011586949123
1461840055656402946
1461840065789718529
1461840111159496708
1461840226175778819
1461840238549127169
1461840274540228608
1461840359898689541
1461840600706301952
1461840655936724994
1461841103703871495
1461841111584894982
1461841411448266753
1461842293384613888
1461842854628757507
1461842994068344834
1461843027467534337
1461843108996526093
1461843192408641544
1461843299854082051
1461843499683233792
1461843638871339010
1461843697104920576
1461843974684123139
1461844071924785152
1461844168162963460
1461844203453960194
1461844286144761866
1461844303752355851
1461844322853269510
1461845138406264842
1461845863865536515
1461846045089054720
1461846173216428035
1461846210554306564
1461846663111135233
1461846704995581957
1461846904636162054
1461847384963571716
1461847718628782082
1461848095625388033
1461848237250252800
1461848737303699459
1461848914123018250
1461849850681638913
1461851047605850112
1461851049535356929
1461851244167897100
1461851293807480835
1461851438762573828
1461851467543826435
1461851658237980684
1461851776332619784
1461851930129571844
1461852154939981833
1461852537368289286
1461852617362092043
1461853640793202692
1461854068989698048
1461854569802219526
1461854673770582018
1461854712597291013
1461855631518969858
1461855660388204547
1461855930941902852
1461856037049303045
1461856948362649600
1461857794097926145
1461858410949799936
1461858703381045254
1461859036756774912
1461859526643052548
1461860479173865474
1461860652167806976
1461861210459029504
1461861316273094660
1461861348913168384
1461862087240699913
1461862842009800708
1461863497692762112
1461863994591899650
1461864090960384004
1461864124980338689
1461866580502061062
1461867794874748936
1461871062048808964
1461871454660665344
1461876616074874882
1461876958820769793
1461877568827793412
1461879332838723587
1461880654522638337
1461881672933199873
1461883980513525762
1461884687471812617
1461884861006983169
1461885908198641665
1461886063866265600
1461886409325916163
1461886827724476416
1461888881184415746
1461891312798556161
1461891938324561926
1461893344385187841
1461894524242993161
1461896228426424331
1461899315455135747
1461900228550967300
1461900256942116869
1461901241986990086
1461901440989937665
1461902352139669507
1461902635238408192
1461904726136692738
1461906870688358402
1461908278435213314
1461909446922285057
1461911506598121477
1461911545148059654
1461913641981198339
1461915392612483074
1461917111954063365
1461921684479483908
1461922166430121991
1461930154037555204
1461931172523560961
1461937569902571520
1461941825795768322
1461944354159816704
1461944787553169408
1461959007875252228
1461960999758704641
1461966301052784643
1461967624426901510
1461970388762587137
1461971619841257476
1461988001047879681
1461995798858588166
1461996192573931531
1461999781882982405
1462006267573063688
1462016385786200071
1462025971817664514
1462026453130878976
1462029592554876931
1462032498976866314
1462033961195081728
1462034097652523009
1462034531570130947
1462038846959497227
1462039034713280532
1462039872462626821
1462041689951023106
1462047523749732353
1462047750846099467
1462052728704806920
1462056043287097359
1462056584406835201
1462057719125495826
1462058035308896262
1462059973526147078
1462060034494509058
1462064446814269440
1462065743344779272
1462069822766804996
1462071705925570562
1462072864211968003
1462073035364581377
1462073901043916809
1462076141150347269
1462076424106520585
1462076471279824897
1462082276465033218
1462089146990792712
1462094444799438849
1462098429316931598
1462098473080086541
1462105052701773824
1462107517857812491
1462112299028819970
1462113112174198785
1462117495951831042
1462118844714131465
1462119844543963139
1462119983564173323
1462120100249718796
1462120106318782466
1462122079835332615
1462127270596907019
1462128896279662598
1462130095783510016
1462130465582813190
1462132952989638665
1462133497745719299
1462135694898380805
1462136386975318024
1462145092102373387
1462153588579319808
1462154260699881479
1462154294107508742
1462154966538334208
1462161188226281474
1462163038354624512
1462163138934046721
1462163484481892359
1462169847048015875
1462170128506769408
1462179295724335106
1462180677282058245
1462180917892599823
1462187994077704193
1462189515448238080
1462192034526248962
1462193769961472001
1462196605617119236
1462200285556736002
1462212493816782854
1462233187011149827
1462233426459779076
1462233473842876416
1462238073295716356
1462257028584427521
1462265657479897090
1462267909594570752
1462273906392244227
1462277771489542146
1462284166939045899
1462287795943362566
1462302864466841608
1462308833158733827
1462320841824243719
1462371919618060291
1462383499852361729
1462392660132515840
1462395395598860297
1462410818163773441
1462418080563437573
1462430883684700175
1462452740714553346
1462456631476826116
1462458910422573059
1462464581838815237
1462473655716397064
1462476339030679558
1462482915619713034
1462497697139609602
1462500745199030272
1462502480923799566
1462513697792745473
1462521457313927171
1462522734127325191
1462525073638756356
1462526994285879311
1462545232424177669
1462567549615366145
1462589578859134976
1462605003860979715
1462611686062501889
1462612487229083652
1462620676490158084
1462621082863738882
1462625167780286467
1462633247381327876
1462669626182144001
1462674543596773378
1462692453895467011
1462697799020072964
1462736707661484042
1462757658964811777
1462765837492932611
1462766921833668626
1462769301925122058
1462776595475750917
1462776984732381184
1462778147338919942
1462778345020702723
1462783757719683072
1462790018691481600
1462792133602119687
1462798287002550287
1462800941321752578
1462801702374027274
1462809667365650437
1462809924380073990
1462811036931739655
1462811043864920066
1462812863572099072
1462818621575483393
1462828229224386561
1462830860068175872
1462831689747484680
1462834280581804036
1462837074491543557
1462839570249261056
1462842257376227335
1462843194073391105
1462844209082384389
1462854174375301132
1462856934688583681
1462861009891184644
1462875515543502851
1462885836769439754
1462888617571803138
1462891739291820032
1462900244472115205
1462905653798780935
1462905723151601671
1462907758303350787
1462911464897859585
1462944165642256390
1462985587653169155
1463160486992695310
1463165361596030988
1463201071724056583
1463202147273625601
1463231468289892364
1463231586711879706
1463237694356692998
1463247299715477514
1463280896916611078
1463389877169442821
1463556164239646725
1463666759999893512
1464042305082511363
1464111314012278790
1465783215461908482
1466855079345070090
1470424612882108418
1470759308308750351
1472213058848235526
1461839960676388870
1461840353053577220
1461840410523971587
1461840519575883788
1461840546188587008
1461840763013189642
1461841031419228162
1461841920326443009
1461842281842020353
1461842787586887686
1461843806614085637
1461844024629805063
1461844336228790272
1461845363430727680
1461845747721125891
1461845801185906691
1461846112332136452
1461846300526272518
1461846660460519432
1461846977465909248
1461847082751471618
1461847533685194765
1461848070329716746
1461848377121980429
1461848609842860035
1461848869717741568
1461848927502680069
1461849729441140747
1461850280450879493
1461850817892433924
1461851402540572673
1461851952141144067
1461852771192381449
1461853284591816706
1461853677153665033
1461854637145739264
1461855076780105730
1461857069447983115
1461857153891844106
1461857960506761218
1461858448996540423
1461858685366329347
1461859694721449988
1461861814308847620
1461863737472655360
1461864219494785030
1461864677667864582
1461866689172283392
1461867328010919943
1461867711626199042
1461868935729590273
1461869166848270339
1461869391063224335
1461869914759774211
1461872638310195207
1461873062178025476
1461873475686223877
1461873763356758016
1461874830236688386
1461874974642290695
1461875130129424390
1461875503284031493
1461877029482213378
1461878344522387458
1461879433846001667
1461881627441831939
1461881723487150097
1461882608665567234
1461884862025986051
1461885432220819460
1461886449846943747
1461887442399674369
1461888340303753217
1461889665200500740
1461890041194635265
1461890106042769411
1461890176293261325
1461891060171526148
1461893969458126854
1461895034484281350
1461895086686580739
1461896295648477192
1461897026136944644
1461898733021368322
1461899767592767488
1461900351355953154
1461902062233530368
1461902347634941954
1461902658973798402
1461905083768229893
1461906820361068545
1461907535661723649
1461909348280532996
1461916554606436358
1461918778850115591
1461920949733785602
1461924599659220992
1461927966896578569
1461929168061480968
1461930650559123456
1461931890953363460
1461932801834500096
1461934660435517440
1461935755618521091
1461941781050769408
1461942741303189510
1461952837265461249
1461969503600844805
1461978362411319298
1461981071088619524
1462005452515037192
1462006227576279040
1462006860383506435
1462012158145961986
1462022905479536641
1462024344276774913
1462026242216058886
1462037049465348101
1462037952243113996
1462039399114453000
1462040288525012998
1462040690272215050
1462041604181700614
1462041693205770240
1462042044893966338
1462042313119739907
1462043904757448704
1462044604182769670
1462049235705241602
1462050300462702597
1462050875493523456
1462054467357007874
1462055879252008967
1462056752900419590
1462057291218399248
1462058240104148997
1462058663665967113
1462061898627694594
1462062037559910404
1462070563502006272
1462071556016906247
1462072739464892420
1462073756210368521
1462079570237014016
1462079636913864715
1462081010493837319
1462086974181982209
1462088446676189186
1462089574121828353
1462093112231088140
1462094777835352068
1462095547825893382
1462097709565894656
1462098050730668033
1462099403888492545
1462101713083670530
1462101860505038848
1462102174465409026
1462108257552642058
1462109464132268039
1462118166327406592
1462118844957433866
1462119776273063937
1462121940055773192
1462122358706216969
1462123186942742529
1462123598202736642
1462130009896804353
1462131575244607498
1462133635247742980
1462134384161665025
1462136006912589831
1462136827654160390
1462138169210683394
1462138646769897474
1462140839027687425
1462152645741850624
1462152811223957510
1462159805552939013
1462163958207430656
1462167285846532097
1462170823851184131
1462171279709159435
1462175293918126080
1462177756536524803
1462179186626416647
1462181606622470153
1462181785283051532
1462186157450612737
1462193108670578694
1462194212439482374
1462195982892998656
1462196145283907584
1462197396318801927
1462197909219282944
1462201158504783877
1462201206546198532
1462201341732745217
1462207302019125251
1462208635032027143
1462215618833305600
1462217185187831812
1462229786911150084
1462232247600234499
1462232849017417729
1462234972505325579
1462239245310083076
1462257479602028544
1462260347730079744
1462277308631371777
1462278979474309121
1462313026401538051
1462330609418788864
1462403649569792006
1462409398513324034
1462415764812705793
1462436026396422145
1462440594412822535
1462446202809724929
1462452607838994443
1462453597015318532
1462456406930505736
1462458713420312576
1462468861714997260
1462489066570661891
1462489098950787072
1462489992245219335
1462507479535742979
1462510835339870210
1462517243070328837
1462520895717711879
1462522302264971269
1462523279512584192
1462524534070861833
1462524745228955659
1462527961442263045
1462529979795841025
1462546049508130820
1462548787495415814
1462550398342811653
1462564827210162182
1462572093539860485
1462620501680005127
1462626137985757186
1462626498263851011
1462633115927646213
1462639370377351171
1462639574853771271
1462639940962033664
1462651117116997635
1462742145316671494
1462743703286697991
1462768016538718211
1462776893569183746
1462780344202145795
1462799954431205377
1462802586910834697
1462804960584900617
1462810535934758912
1462817012111970305
1462829736724516873
1462858931567538185
1462882689699266569
1462905337539960833
1462906432932691969
1462924246774996995
1462924792093282307
1462934689505845249
1462936704810205188
1462937793559150595
1462943228727119879
1462970689162395650
1463062217063026694
1463121467118395403
1463124347866914817
1463134429153574918
1463151399823360005
1463163409533489155
1463184934668013570
1463192915971297289
1463258518446919688
1463290384411463682
1463495014575534081
1463510293166841861
1463515303061696519
1463716321602928643
1463927510870200324
1464408196051869712
1464571168984342538
1464730705221410819
1464731078451552257
1465456432669765645
1465477314288967684
1466113800168513542
1466395431869550597
1467280087859052544