1456577951236042757
1456578077153169417
1456578361787142146
1456578491613331457
1456579131559358466
1456580022878285824
1456581364531269632
1456581447062523904
1456581936302854148
1456584098328240131
1456584646855176195
1456584840166268929
1456586697299447810
1456587603268997124
1456590716612878338
1456596027616735235
1456599216760004619
1456616098195902466
1456668126897065985
1456683635160064002
1456696688182185990
1456713579021758466
1456879469487087616
1457015243926687746
1457017118856077313
1457040223582527493
1457177043448184834
1457241819419455489
1457341645465088004
1457384558186438659
1457465308663279619
1457874060667285504
1458777251466469383
1458779593045798922
1459171449906733057
1459171572288090123
1459607727974408196
1456585830986919937
1457593817138335744
1456700212840382474
1458399708125220873