1461880608553066496
1461806217752424465
1461806555964317712
1461806706577616899
1461807299840860170
1461808321082671110
1461808569834217478
1461810000196739079
1461810045893681155
1461813672288870407
1461814997689020419
1461816236015329291
1461817053145227268
1461817583540133891
1461817717011398659
1461817841993330688
1461818126014763008
1461821325023059981
1461821534612471812
1461821636160765971
1461841657339342851
1461848134917648384
1461871671124447234
1461890021582114817
1461900493542891527
1461935586604838926
1461967613416947716
1462009815111290884
1462015808134164480
1462016664992632837
1462055145697681409
1462060604319952896
1462076301779611658
1462129871509884928
1462141013229723648
1462152336030142464
1462209254601990161
1462209865284214793
1462281507821826051
1462525836033241091
1462527547888050184
1462580712343752704
1462664865286430720
1462689423053795331
1463126833516498948
1468662720337780742
1461813152967012363
1461813309162901514
1461813640957501445
1461813723346214916
1461816409349107714
1461817023349067776
1461817077090734086
1461817978052358144
1461818291631050752
1461844703662518284
1461856213629427715
1461862606348513280
1461863047815913485
1461871617131175939
1461880077617094659
1461881148297129988
1461889887649423363
1461891858699857922
1461907901178519561
1461917174759665665
1461967617120473091
1461989373575061508
1462015512553086981
1462016549926187011
1462026516775280655
1462051116871557125
1462076644655386627
1462127966520070153
1462171291255926784
1462185697113264134
1462227539926028294
1462246191069024261
1462263118373994499
1462321754387279872
1462381632992784388
1462384778397683714
1462410884123402249
1462527491617312772
1462542825090797576
1462587492641787909
1462843636169781266
1463126770081804299
1463517798873944066