1455890371779567617
1455890538226274313
1455890975692234760
1455891066893344784
1455891851148414982
1455891968563703811
1455892010016014338
1455892787417600001
1455892804454912011
1455893690359205888
1455895483201646594
1455896537293328386
1455897173715931145
1455897353857028107
1455898407084564489
1455904759454519299
1455912137218564096
1455916336136134671
1455940514650501128
1455943351480426499
1455955702938279936
1455966991882223620
1455971395985305604
1455972508646006785
1455987135228493829
1456014428051226626
1456021004166189057
1456032841125568514
1456033566027091970
1456063237405937664
1456099342658334727
1456132988358434820
1456133123020709889
1456154668728455169
1457879342160048130