1459268325389836291
1459274448306159618
1459277257214676999
1459283865919361024
1459300735439581187
1459327009780387848
1459548131125776392
1459576942508879879
1460050157970636804
1459272712291901440
1459272856232022021
1459275442251255809
1459276945976344582
1459276950409826307
1459277061072297988
1459277839556136961
1459286501783703565
1459291951551897601
1459295458434576384
1459298073931358210
1459300679483338755
1459325064969658368
1459329281394413570
1459373603724541953
1459431083775303681
1459448623339429889
1459492570007064580
1459494145731411977
1459514900208930818
1459543325149642757
1459548083277156354
1459562049432956931
1459715360974856196
1459818661711998977
1459911199374589956
1460258277342679041
1479655680193691650