1463613701894782982
1463614339848544263
1463614370831757312
1463614479829291014
1463614780074307589
1463614880762634242
1463615441599934469
1463616918443761673
1463621570731995144
1463623406004236289
1463630357824217094
1463684598521634820
1463723083542323201
1463779642805039104
1463882769650663436
1464004741889814551
1464039909895856137
1464074374315589644
1464095223206715399
1464106123435388935
1464163359759253506
1464203930129289217
1465740282968907779
1465982086658105347
1463621129726148610
1463621921375928324
1463622401284096006
1463624063549538304
1463627203472609282
1463627205523775492
1463633262161522688
1463644651299160077
1463674826598584325
1463675931717943301
1463716615711858694
1463723749463711745
1463779647834198019
1463847989873676302
1463853380359663616
1463985329015336969
1463988660571881474
1464001934239563778
1464003764940013571
1464035830717157381
1464058165981589513
1464074680164306964
1464076549309833219
1464134290019659779
1464235253430722561
1464247689307111433
1464253697567899679
1464278993599881220
1464303688919433218
1464304379591372801
1464304757850390534
1464332757958598658
1464585508189786120
1464834952764088324
1465161597349994504
1465893600865230852
1476272187434807299