1463572328839884807
1463574075142549508
1463593236992122884
1463640305438457858
1464206146223415320
1464278872858533889
1463577654200868882
1463584344593809408
1463586201131171847
1463586938724573189
1463594467294916615
1463603183289315338
1463638253731520519
1463641618058199043
1463660409882296320
1463674055526162432
1463690601593856001
1463839191633170432
1463847854796062725
1463853231654723585
1463895981762695179
1464034887921508358
1464234906419138563
1464266737931722761
1464268647212457993
1464280463040786436
1464387953258549250
1464601641903087633
1464755005697757192
1464933173993918467
1465364429047050242
1465395162394374162
1465405118820630549
1467173827964776460
1469787467330961411
1470233810243661824