1461092725143523334
1461093272047087619
1461093309116526593
1461093943412772865
1461094636404019201
1461095230392918016
1461099361929244682
1461109338068631553
1461109488635813892
1461115693194121221
1461123833939718146
1461127328990474244
1461128464866684934
1461129367585759236
1461137243003834375
1461141437370753027
1461180005648683010
1461247486006374402
1461326930255306759
1461330008367157254
1461359605720621065
1462059265103994886
1461095765007339527
1461097868924801027
1461102013417197577
1461240753942941700
1461096782847434762
1463183564707708943