1455979705191084035
1455979742004490240
1455980094678208516
1455980241944518662
1455980566587875332
1455980835790753794
1455980915004428294
1455981526982832132
1455981732323155973
1455982359686389762
1455982726322950144
1455982943801942017
1455983500516003842
1455983636700934147
1455983783153442818
1455984654725566465
1455984712279904264
1455985289134952451
1455985535223095298
1455985625887354882
1455986704163217408
1455986848002494467
1455986947856297988
1455987788839542791
1455990265886425096
1455991228911087616
1455996513184796675
1455998436055175176
1456001118094438406
1456001385615409153
1456001504100425731
1456002151646388226
1456003504271597568
1456004307975696390
1456004965558857735
1456005722576236546
1456006127053848576
1456013271039762435
1456019949055614976
1456021737662001152
1456024699385876481
1456025362698313733
1456027208502415363
1456028593428082699
1456029120261939208
1456035589619281924
1456035695445807111
1456035706049110019
1456036032143560705
1456040128510676996
1456043703148023811
1456044848776040450
1456046131222233090
1456049301704962051
1456051641350754304
1456057493398900738
1456057702615027723
1456063321669525504
1456072524576411649
1456073908851982344
1456078076509523969
1456081798983823365
1456081956186337281
1456081987584811009
1456082312353955850
1456084065128484865
1456087467027836930
1456091943537106944
1456092689334616070
1456093746030809088
1456095192323342346
1456101064126701570
1456103806010372108
1456104846826819585
1456106884289683462
1456107505092804611
1456108939976876032
1456109000693583874
1456109870395047936
1456119363442991106
1456123007781543936
1456134839002755078
1456136431525670916
1456143527478444043
1456154342403330050
1456155451398176771
1456161026823622656
1456206306696695810
1456206341706379264
1456233274037133317
1456237292276928512
1456239209765916685
1456248948256018435
1456249319863070724
1456253517304369153
1456258290787106828
1456258679733248014
1456263277294481415
1456265437247770627
1456266814514622471
1456267491034947584
1456270594601717769
1456271885281337346
1456273408996429838
1456274104403722245
1456287085426581514
1456293522215215111
1456296164957982722
1456306247519674374
1456309231246712833
1456318857522688004
1456327529610956800
1456336977599549441
1456338084031647744
1456340731350638603
1456347890117447685
1456348903884955648
1456349587925393410
1456360110150848515
1456369716973481988
1456374117301620744
1456375753021534211
1456375985146941441
1456379119206346754
1456380161868406790
1456381499121541123
1456384626109341704
1456384969408925698
1456413143756804106
1456419563789242370
1456435673184055314
1456437804364443657
1456447614367502338
1456450742118723595
1456456572381638658
1456467016076779520
1456467200802377734
1456475438075858947
1456491985615818755
1456494442123350017
1456507684799254546
1456523797310283776
1456528601239592960
1456577541016260618
1456584137503035395
1456588444772167684
1456589551288393734
1456590910431637504
1456598032598831105
1456610358974627849
1456621169185017866
1456636563417350147
1456643114190450688
1456644784286846985
1456651326176251908
1456657997132931085
1456661503034208263
1456664995681423368
1456669594719068163
1456682476227768328
1456697472793915395
1456710994399567877
1456711758572244994
1456762016425660420
1456762086529306626
1456789335366422528
1456802115406467078
1456815914985328644
1456819775527481345
1456865420305178629
1456871644786413573
1456940517988749322
1456969151562620931
1456999819461935112
1457039281978019842
1457077813295599616
1457085487605108740
1457087412618727427
1457089088411119617
1457101926118592515
1457109446228791301
1457116014370594818
1457137305001594882
1457161072461418500
1457161768451588103
1457179470146809864
1457267601852309510
1457273773636345860
1457344898584174595
1457364018163761154
1457367356380942349
1457387417657249796
1457406732930621441
1457445002800508944
1457445615772782603
1457451232654594051
1457469555731832836
1457502000577449988
1457520618652405760
1457524685298708481
1457526019909423108
1457557660908277765
1457673696244551681
1457696277211254789
1457697208506093568
1457705072197087233
1457719488758046726
1457725985395073030
1457728350269628421
1457731365760208914
1457744393033723904
1457746395776135176
1457747349455966208
1457778430787784710
1457779043676295170
1457783489097469953
1457793121199149060
1457827707677548547
1457831394885861381
1457832661330939909
1457840996369195014
1457855294109794306
1457885679426289666
1457965583161507841
1458067989320765445
1458073903214039050
1458078297695399941
1458079796001398794
1458081501858435082
1458081700081250314
1458123053318115331
1458128697962151940
1458129154180894727
1458129330450702344
1458131636403458052
1458143225537916930
1458169377287819265
1458170722602258436
1458172401997398022
1458184518221713409
1458203146610782208
1458208605270839308
1458213928748597250
1458243188678868992
1458268321405616129
1458468237952180227
1458492266675326986
1458502063047028739
1458502195876405258
1458512674883526656
1458519865812205580
1458550211576356868
1458564259894415361
1458577470601449476
1458617755851276290
1458669318452002821
1458755072263925764
1458770577146224641
1458779164316733448
1458792704981319681
1458807799518044170
1458830388974006279
1458898263545987074
1458908336913633293
1458945000314740744
1458952475986124801
1458964214631079952
1458968947005562887
1458970468141219840
1458990585486921750
1459001084580671491
1459026557960396805
1459032737734557701
1459061259081498624
1459244326513520648
1459278497336152071
1459318882418802690
1459393848245895168
1459526205611266054
1459530471612641284
1459531797834969090
1459548032962379776
1459572878584647688
1459603293659930636
1459611288942694401
1459611752455364613
1459628258941624322
1459628657312468998
1459725198622662664
1459790228764250115
1459876210012573699
1459911138334937090
1459940367852359689
1459940533997031431
1459976479488430080
1460036144951873539
1460041311193608195
1460042356049199111
1460083601127710721
1460124300229308417
1460153417603575808
1460242380754456589
1460287444843040768
1460288431356063751
1460297363105333248
1460321658682720258
1460340437059837959
1460352560292843529
1460381484154560519
1460395105391681538
1460422874309615621
1460456536506093576
1460466458719395841
1460576649280434179
1460618018455699461
1460621506237579264
1460626769313251331
1460631842865000450
1460632878690324482
1460632946612785157
1460637303462838283
1460641361103933442
1460657595870502914
1460675400640647171
1460675741834694657
1460676298825678857
1460676685909606406
1460677150374301698
1460677784771121156
1460678062341861381
1460678957557325830
1460679971958149123
1460731268749049861
1460735196647628810
1460736166899167233
1460761359784849410
1460787998749077513
1460789127847288834
1460827573982740480
1460904186174865411
1460945162729926657
1460975635871014919
1460994549086515206
1461026342170812417
1461059237858189325
1461250418726486018
1461370352379084802
1461386395956695040
1461386613078982657
1461387397019705348
1461442112210173957
1461453014296842247
1461494603446583303
1461514814996496389
1461542240891768833
1461585659349635074
1461586182882557952
1461620720665083907
1461621411118731266
1461685847258972161
1461686945113948166
1461737874366373890
1461745512885874691
1461757120156684293
1461758432445358084
1461799308240605189
1461810322919018499
1462877553086111744
1463445446651699205
1463450919107010562