1459186173830565891
1459187235908169734
1459178791230705689
1459179415506673664
1459179915413229580
1459180692043026433
1459182562845159425
1459185353315729410
1459186390156120088
1459187396872966146
1459221202178699264
1459306480243408899
1459377078621683714
1459399422136098820
1459443796815626246
1459179270937452546
1459179281184174081
1459179460981362688
1459179521324716037
1459179734663892996
1459180047466745861
1459284368271101954
1459886783777456131
1459894270370926595
1459907727128412170
1459911559803641860
1459985244115898374
1460013679265656833
1460035123194257413
1460336247474376706
1459179405150982165
1459180050822139936
1459180263733227527
1459180601861410816
1459180835450597377
1459181923411152897
1459419404697956359
1459923830747672584
1460066481362898944
1462023082919411713
1462650509421019140
1459179800950624258
1459179860404940804
1459180444524728322
1459457382514315265
1460051165488599044
1459179946614657036
1459180060053839875
1459181149255786496
1459183300895985669
1459185176467152896
1459188146835529735
1459180075451093034
1459180293697507328
1459180513034440735
1459188782582935554
1459986787439423490
1462023744684187649
1459180639069081644
1459180789199945730
1459180937862856706
1459181003956760576
1459181499538890756
1459181771413721097
1459189392132747278
1459368466670968834
1461815677833007105
1462400192108453892
1459180887002828805
1459181195162488843
1459181504198848515
1460320220820779019
1459181029948805122
1459184853153419285
1459250500889632770
1459250945842302976
1459253616661966850
1459272270300520458
1459281380358172676
1459627663044354056
1460295811841945606
1460930751004827650
1459181146927996932
1459181512419643454
1459182339997810689
1459182530704379922
1459181238191853577
1459181430181924888
1459181891760885800
1459182965653704706
1459190672485933063
1459196918580531204
1459181523350036488
1459181645723062275
1459197971006959621
1459181951403888646
1459191397592928261
1460281120814206977
1459182174129819662
1459182969281679360
1459183385880915968
1459259875733692426
1459373019525115908
1459309143353958404
1459182627030802433
1459182695796379671
1459240904204722178
1459187888470454273
1459188239802187782
1459192688633425924
1459523978368884738
1459188930943848450
1459189025458335745
1459189691110985729
1459189835873325062
1459192132703596548
1459193889173217287
1459194571624230913
1459194749366194181
1459196480456216578
1459197036771917825
1459572310957043731
1459840019171061768
1460042677668384768
1460350453384982528
1460626717148594185
1460641687944970240
1462905571456208898