1455278840364900355
1455278946619121674
1455279178199310340
1455279906519240712
1455280153559552010
1455280585639927810
1455280853760843778
1455281200961052677
1455282190766407685
1455282191215247366
1455283087131045888
1455283277963710464
1455284419267280897
1455284993274662912
1455285914230419460
1455286863309254663
1455287213378396165
1455288056735481857
1455291984428556291
1455294678341988354
1455295364945297409
1455296676256751621
1455310193542189066
1455311987710193669
1455316354811170818
1455318459416469505
1455329410467381249
1455330773922365444
1455336286986768384
1455356849327378436
1455358944646504448
1455393551987130368
1455429558585470983
1455432208831893509
1455476219844206596
1455483594357477380
1455505158528454664
1455542219037818880
1455543136755675136
1455544184404942853
1455548392935985162
1455549257931534347
1455550038856421376
1455561277330264069
1455568464106688514
1455576944616038402
1455583730161143810
1455597691640090625
1455602053649031170
1455605602227474433
1455615154624860164
1455710695924830209
1455747750046355459
1455760327816007681
1455787622266286081
1455875949728313347
1456367181873176581
1456600903146827783
1456969693458223104
1457035602759671808
1457557856077721600