1456201555036839941
1456202410888675328
1456208965495365632
1456209333679710212
1456212851778072579
1456220707176677380
1456224448890220544
1456226335827898368
1456227207169380360
1456227283849687047
1456242468446515207
1456253410865520642
1456262092210663431
1456265327554170884
1456266065118302222
1456267217272598528
1456267494927208450
1456267600539750422
1456267820472233999
1456268365702393860
1456269399187345411
1456270109735940103
1456270635303256072
1456271766049853442
1456271815005724674
1456272123740098561
1456272276391796748
1456272777527267353
1456273143597715460
1456273148505038862
1456273219514626053
1456273235645927438
1456273317069946882
1456273973717520391
1456276708043247616
1456280442659692553
1456280731626491905
1456284381333504009
1456286866886443015
1456287740627091458
1456292831656562705
1456295891426480137
1456320480676352003
1456339851314450443
1456342137361022986
1456343163384197122
1456355832484950033
1456442866537050137
1456444606522986499
1456444912744927233
1456453700176678915
1456460660070625303
1456473780310749193
1456474004580192257
1456520390533058610
1456533024426893324
1456534603901112322
1456536589132189702
1456542051462352897
1456557625466757124
1456596381183979523
1456756195075641347
1456859453899214850
1457877449518112772
1456209268458274822
1456210076209930240
1456210303511842820
1456210414551715843
1456210904106913798
1456211413001723909
1456211431318122497
1456211587304357890
1456211860232056842
1456212903669948417
1456213651321393157
1456217079539978244
1456218595894067200
1456219104625537038
1456219276323475456
1456220208952139780
1456221616510230529
1456222136901775364
1456223365849518085
1456224416858214401
1456224882031841286
1456225208042467331
1456228610101104649
1456228615205519364
1456232150446006278
1456235736575971328
1456242385235505157
1456245943133622283
1456246261527584768
1456266413065211922
1456268416482897929
1456268767671898122
1456269615462379533
1456271370514427916
1456271793631629325
1456276180831719427
1456277464716566529
1456277786432348162
1456279295446368261
1456304742511042565
1456336750272413696
1456355416389021696
1456430244492087299
1456522584539885572
1456859808129191936
1456860935214309379
1458154247875403777
1458217637868097539
1458359160374956040
1477341959970865154
1487958748727758849