1456686347763191824
1456686546984349696
1456689410712408082
1456690525713616905
1456691302779736064
1456691376364654592
1456692222775103490
1456697690528624642
1456736978758619136
1456754589416493059
1456757433670508553
1456879118360928256
1456909571038056451
1456931950426574848
1456942962919804930
1456958461355380741
1456959331337789440
1456971250295656454
1456984565554221057
1457045560419098634
1457048737079967749
1457089234767171585
1457093952180477958
1457102238439157770
1457171804393558018
1457188834207141890
1457190181153349633
1457292318424412160
1457361426331361286
1457364052913557507
1457380438297698309
1457552377087766531
1457557497884073984
1457672769760600064
1457676909555429380
1457705217701548037
1457966222100795393
1458082034027540486
1458125611596197891
1458139826197123073
1458358444075986945
1458409704552546309
1458538449288450053
1459313734875324416
1456689903690043393
1456708006876487682
1456690391034568707
1456697348097196041
1456767356038955010
1456695768866164737
1456695884113223686
1456696219519143956
1456705384836583425
1456711831620255747
1456713346720354307
1456714558870073344
1456716344301400067
1456884655982923778
1456979411887132672
1456695019490975758
1456697006961971200