1456706893791989762
1456707654177415177
1456707779821854725
1456708885197230082
1456711198968254471
1456711790272806917
1456712060348207104
1456712584065781760
1456715612357488640
1456716078000877571
1456719524116504581
1456721099224408064
1456721994184077312
1456724312057122829
1456733966560530436
1456770291212947456
1456808729903616002
1456870624173850630
1456879129035517952
1456931993124589569
1456943568078077956
1456943646939439105
1456957886362443777
1456966525655543812
1456969040266682372
1456970901090570245
1457046378014720008
1457059511303168002
1457077259475378179
1457102207975833600
1457127825505280001
1457153019640942596
1457359621946028032
1457374814323318789
1457402477142323203
1457418748512583691
1457420486552526858
1457443411628335111
1457479480906223625
1457552348734267396
1457557391948587008
1457672573219524611
1457712797609988105
1457896234786582529
1458081881375784967
1459877912795140110
1469356745986396163