1465260775946162179
1465269725974437888
1465270207195365377
1465271422171897858
1465273036177911808
1465261025494712323
1465305417467133956
1465716434097561600
1465303120494350342
1465262222947627012
1465302670642757635
1465310866585243649
1465458057614405637
1465263205702410243
1465263218629222401
1465263886408560649
1465264334238621701
1465266894231912451
1465267018706264064
1465268666661015558
1465268997730058241
1465269394985013260
1465269721461403655
1465270330713247747
1465270404113584132
1465270968314519553
1465271041199157253
1465273272803549191
1465273529067347978
1465274180786524163
1465274547821760514
1465274764067549190
1465276058123526148
1465276112368455684
1465276210083160074
1465277016018546688
1465277079734431744
1465277460350521347
1465277515665186820
1465277561957584896
1465277875779563521
1465278274699943939
1465278327825043458
1465279033248301060
1465279267944730628
1465279495040954368
1465279726365204480
1465279922478489603
1465279992015855619
1465281687017988097
1465282714442027016
1465282912689950722
1465284367224389632
1465284595537125382
1465285880478896138
1465286106577055750
1465286514208821251
1465291205756047365
1465292102733123584
1465293755540463620
1465295988021731332
1465297958140887040
1465298944695717896
1465299101461925894
1465299140779388929
1465302642507366408
1465303130145447937
1465305224516706305
1465307650212696070
1465307940869611529
1465310125254750222
1465311962997436418
1465317584778244098
1465331263880024072
1465357567178293249
1465416059733753861
1465422252585852928
1465445701069029379
1465716921081470990
1465783038139408384
1465930660594470916
1465931410099867649
1466060716079726593
1468454453397311490
1465263467787698177
1465264291960037387
1465278476521545737
1465285727504121859
1465265116270661635
1465266112938008576
1465294445952344065
1465415281417801729
1465800374208675841
1465300676427358223
1465265236592795649
1465267123773751297
1465265351634128901
1465266816301813767
1465268191459000320
1465268243891953665
1465268840422588424
1465274348814487557
1465274488652656642
1465282581134548996
1465286947258220546
1465303083764916224
1465265438066102276
1465340761579347969
1465363703826554881
1465265927675695109
1465266060672868360
1465266217086771205
1465266682688163842
1465266728871542786
1465267038205751299
1465267317558984712
1465267776453554180
1465303111409483782
1465307889170411533
1465266925265641483
1465267981739446282
1465271369269141506
1465289222332555273
1465402695787982851
1465443722355560452
1465267382570651650
1465267676016787457
1465267846343270400
1465273071397441540
1465287243367600134
1465303093130706953
1465348767461302276
1465382245712076801
1465267617900515340
1465388026465505285
1465417040378826754
1465636062546604042
1465267899732570112
1465268118180315137
1465268716648685570
1465277534937894916
1465279754785931269
1465621852034850821
1474316500735754242
1465268057279021058
1465289441841336326
1465268220449984514
1465268706133618691
1465268860643426313
1465269358351974401
1465268431301881860
1465271362449252357
1465303102274383875
1465268699359764488
1465269912436359173
1465270240493940736
1465270242997899265
1465277856292954117
1465292186996678657
1465268887579209735
1465270811858640905
1465271831984754689
1465275739935281163
1465270298845011973
1465271338646618113
1465273579692507136
1465448695411843073
1465377514038214660
1474420052149604390
1474481316540268544
1474590373691498496
1474602801045065728
1465271018415706117
1465271359781617668
1465273801302761473
1465273213663924227
1465352170040037377
1465636070540914689
1465271676178817030
1465272611139731459
1465286286206451720
1465288829489729542
1465329669025107977
1465334253810561033
1465286045977784323
1465271713197961218
1465279439055511559
1465286047437402112
1465350338882461706
1466654286322958338
1465283728981336073
1465318623203975177