1465743265358036997
1465743665565949954
1465744322582638593
1465745507209429001
1465745573353377797
1465746394866589698
1465746644335398914
1465747188902813699
1465748696348381185
1465750724709597188
1465758346456313864
1465758593324662791
1465759750679896068
1465760126053330951
1465760530744942592
1465760696126296064
1465762895627644929
1465766206166777862
1465767065369788417
1465767365312860164
1465767369079414785
1465768643829063680
1465770600870383617
1465772395382259713
1465772730758807554
1465777552845279232
1465780262017675267
1465789468804222978
1465793577091403776
1465795977114271752
1465802522325516293
1465804378846203919
1465806139400933378
1465823907999625219
1465829891631456257
1465833310920261640
1465835117893586949
1465837937543856133
1465858797956591618
1465871255609884673
1465885202065117186
1465891804813873155
1465893019194990593
1465909019944669186
1465918364111548417
1465939498454421507
1465953865556180994
1465979868617793542
1465994951683153927
1466012334204194818
1466016334630817795
1466026692972060677
1466030359326478343
1466031636177371143
1466039297962827782
1466039584043814913
1466045555130384389
1466046042068168705
1466049798893674500
1466064021988200450
1466064442786041871
1466064749943271427
1466070994980851730
1466075398005997569
1466076509563719685
1466084112515702792
1466087565849735172
1466101080362729481
1466102990125813765
1466107987110543366
1466108258092044290
1466120646518362120
1466121622214123520
1466129753354772486
1466148544117719040
1466156383074758662
1466190953576906756
1466192022084149261
1466231877329723392
1466232614671552522
1466245495593095170
1466246904828809216
1466250818005393411
1466323976175734784
1466345492619661312
1466353784234332161
1466371651998781441
1466377125485850626
1466413463207563269
1466418894520913923
1466419594428657668
1466430790972153859
1466435273991073795
1466436564834205705
1466446303601246213
1466468702434570240
1466470530308091914
1466475934282919940
1466503101481988098
1466503472577191937
1466522012231159809
1466528705904271374
1466529418369650696
1466531175564910593
1466532562868662276
1466537798270287872
1466538110632738822
1466546529460789259
1466553658363957253
1466579589874872325
1466581298181402631
1466586794393227264
1466596544711315457
1466602333794672646
1466603678136033282
1466610258592378884
1466642727458594820
1466669931026862080
1466708109833900033
1466708253811908611
1466737887752425477
1466747480456974337
1466748226976030726
1466761996087570442
1466785272063004675
1466811639236370434
1466823153901088781
1466837270124634119
1466838197334421511
1466849017057402884
1466849506381729800
1466887516200464384
1466891075814109194
1466891499065520144
1466913551268737024
1466971856527773705
1467040488276455424
1467116320974123014
1467116368462065682
1467123324824215561
1467137520412643340
1467153657749774345
1467169861696737284
1467215856568573956
1467221264502767621
1467226985088827396
1467234019326795777
1467235995045150726
1467278577108410370
1467301577652195328
1467319987052367877
1467371600026681347
1467371741001494529
1467491900219277312
1467515435667136521
1467527266334875656
1467533918178091008
1467548481707380736
1467579979772809216
1467597079522549762
1467603388200144896
1467638197542920192
1467641018862510080
1467647254131527684
1467684610209460225
1467862967115001857
1467872157707517959
1467912601145249792
1467920542409887747
1467942834699440128
1467953330177597441
1467970553302634503
1468013789144571906
1468017323776692224
1468041962326482948
1468056743204827139
1468129327879446528
1468167916034170882
1468215410809982978
1468255768931713024
1468263722959327239
1468274418069786638
1468275519535861770
1468298038749900811
1468338696336207876
1468412644277186563
1468417276193955843
1468421445868941314
1468547218114293767
1468560276131926024
1468592671086288904
1468607188566425606
1468611800870670338
1468614764645564429
1468644012563353610
1468744286808297472
1468747922519040006
1468760413399662597
1468765906532663296
1468792550886682625
1468792673658097666
1468851584998203396
1468908808730775557
1468944703987097612
1468955608023900166
1468963911630135301
1468980214390837251
1468988549043310594
1468994598437588992
1469007502088019972