1462469257824985089
1462469862803005442
1462474912598302721
1462474975085047813
1462475005451804672
1462475076792565765
1462475220422471680
1462475479319912451
1462475573008076805
1462475583594528773
1462476129701441540
1462476399306964994
1462477003551133711
1462477238050476033
1462478120515219467
1462478238450696193
1462482957923463173
1462483443195863042
1462483781445726215
1462485591237353480
1462486363215966220
1462487790008954881
1462489120136216580
1462491883318427652
1462492252312330243
1462492851653292032
1462494575805677568
1462518522278387713
1462531227165024262
1462539143628656641
1462557800949633025
1462566760285192196
1462568286206320651
1462582548937256960
1462649413394960387
1462681293221736449
1462692554953089025
1462774658327924736
1462797784659095554
1462818513329004552
1462822130400309257
1463884618864771076