1456390067161911298
1456390661150707717
1456390930324496386
1456391588867936260
1456391918380670978
1456393820996657153
1456393846246477825
1456394985931169795
1456395593732005892
1456395777228500996
1456397168961630209
1456399377585434631
1456402202789040139
1456408909376278528
1456431988185862147
1456432219648495617
1456446942305730563
1456465243736051712
1456466624874176576
1456467119986597899
1456543564326969362
1456624741465329674
1456663384875798532
1456674711883104256
1456679827038167045
1456694090167422979
1456695639622963205
1456751589339774976
1456752297199820800
1456759876491915270
1456792697977679882
1456792711361662978
1456796935097028616
1456807183497170951
1456808392396267520
1456819591141892103
1456833001984200704
1456836523475800071
1456891468279435266
1456891698173386752
1456907066849824772
1456922025147215878
1456970643518496771
1457011185459417091
1457150747183779840
1457306453744644096
1457312759062859776
1457336468591063041
1457549733581377537
1457713043379572744
1457751420187389952
1457751712941367303
1457824653280518147
1457828207126745088
1458820331368587264
1474899452041175040