1461726234363129858
1461727653791207435
1461727722431033344
1461728113361137667
1461728120353038338
1461729260356395009
1461729935526035463
1461730122143256580
1461730197305233418
1461730325743091714
1461732063904772104
1461732589484580872
1461733498981687307
1461733609111441413
1461734463558361091
1461734675307634694
1461735529066684421
1461736691815829516
1461737929064296453
1461739487898132485
1461741280074022923
1461742203370364929
1461742743353364485
1461742934597021706
1461743285744152576
1461745108815122433
1461750867535802368
1461751171316596737
1461753198247649281
1461753678826717194
1461753952891027460
1461754444744384513
1461755617069211648
1461755813853339657
1461762588048510981
1461763430814076932
1461764172216246291
1461765824096743430
1461766899839246341
1461767735851950081
1461768185917681667
1461771874895990788
1461783461598007306
1461784172473823235
1461792792775168007
1461798589731155974
1461803884796686338
1461809160262139910
1461809339493146636
1461814072660434945
1461834996583383043
1461870213947920390
1461871755127967748
1461877975104819214
1461885730695917568
1461885975710212102
1461902063907086339
1461918713481940994
1461933880408252417
1461939767357042691
1461951028161507331
1461967590096576527
1461979180149604355
1462016446935019525
1462088751467933696
1462110152119574529
1462171413419216902
1462228861546942465
1462289331117346819
1462350231035695106
1462394610475573251
1462409399612411905
1462415200909410312
1462420375082524681
1462422641961283584
1462429928390021121
1462457708196552705
1462523998600900620
1462524577591046152
1462526687871213568
1462566533855653890
1462595936107044871
1462936426417434629
1463127438242816001
1463247726754336782
1463400014848217089
1463466377293959169
1461730583621648384