1457439368428195841
1457439370823323648
1457439399671582720
1457439403614228483
1457439441115496450
1457439489316511759
1457439555062312968
1457439607121920000
1457439695579799554
1457439709353947144
1457439740936949760
1457439877130297354
1457439933937893378
1457439952686379008
1457440009812946947
1457440146039590914
1457440276344102925
1457440487284035592
1457440766683385874
1457440885927411719
1457440969817788417
1457441041867370496
1457441099614756867
1457441512430526464
1457441515245031424
1457441626289225728
1457441713480470534
1457441890685566985
1457442090506407938
1457442111750434818
1457442172236550146
1457442519285968898
1457442618208444418
1457442622620983303
1457442811758845956
1457443026603814915
1457443119218180098
1457443215729168390
1457443741296467970
1457443749223620608
1457444035262615553
1457444053843423232
1457444151633580038
1457444203915448321
1457444411940298752
1457444706665730050
1457444766925393926
1457444969850019843
1457445083305885699
1457445618171858944
1457446031759745025
1457446453224300548
1457446459238928386
1457446582366785537
1457446682879201288
1457446788923805702
1457446901146603534
1457447027709657089
1457447086413258757
1457447187521032192
1457447579231219712
1457447867510046721
1457447928524537857
1457447992810557441
1457448194380419073
1457448407560343557
1457448650498576394
1457448709520826376
1457448718479904779
1457449063494787074
1457449432069197826
1457449520846065667
1457449564949164034
1457450352580644876
1457450925837201416
1457451033550983168
1457451070456668160
1457451154196115458
1457451589170601991
1457451594069516289
1457451894994096131
1457452211076747278
1457452439318192138
1457452472901963786
1457452714300829698
1457452730126110728
1457452964528988161
1457453187942817792
1457453299192446986
1457453301159563275
1457453648800325638
1457453937896742912
1457454721057230851
1457454832491499524
1457455050909958149
1457455539567345671
1457455941998292993
1457456501216317443
1457456608137650181
1457456652442087425
1457456917530431496
1457457284133502981
1457458006434664450
1457458098805805056
1457458216195985414
1457458413865033730
1457458503291850754
1457459137722269699
1457460240866238466
1457460372319838208
1457460793809596417
1457461093861715970
1457461279812165636
1457461651028971526
1457461715264737281
1457462404904890375
1457462432687869954
1457462627425153024
1457462656739258371
1457462729317433354
1457462885647593473
1457463316285120524
1457463433029423117
1457463820306235395
1457464201790754817
1457464225283158016
1457464708957618181
1457465026021834761
1457465438653321218
1457466271142928388
1457466677847904263
1457466866209894401
1457467203809263616
1457467357371191304
1457467858146021378
1457469884376387588
1457470006632062978
1457470147241914370
1457470446065098757
1457470525924646923
1457471255163011073
1457471277984256004
1457471442300321801
1457471674547412994
1457472582391779332
1457473278134599690
1457473969926246400
1457474500266762244
1457474560224153603
1457474575655215109
1457475174983352324
1457475213386342402
1457475497005359107
1457475891345428482
1457476214235484160
1457476242526121990
1457476331319566342
1457476654553513984
1457477810214350853
1457477834327445508
1457478088875446276
1457478462076334086
1457478629944750080
1457479127800311810
1457479733835354119
1457480290666881027
1457480362062397442
1457480405989330944
1457481332607660051
1457481406653870083
1457481495426310150
1457481496521027584
1457482571428806666
1457482888903942146
1457483548596838402
1457484305215762436
1457484375285661699
1457484375977873415
1457485773284921344
1457485799100985345
1457486299007389701
1457486312886439936
1457486550208499716
1457486660854337538
1457486744073523201
1457487962866737160
1457488476941737993
1457488758022893568
1457489380004687876
1457490070789935110
1457491910155653123
1457491992741564420
1457492757333745666
1457493037819449345
1457493203381272578
1457493877733068800
1457493933349560320
1457493990601891848
1457494198794559489
1457494521563033602
1457495146761650179
1457495428790996992
1457495494486212610
1457496216154034182
1457496619864186882
1457496715758612487
1457496890744848390
1457497234724036611
1457497888825610244
1457498013748932612
1457498169915305987
1457498474459459584
1457498839842230273
1457499067953594375
1457499584721195014
1457499624311250946
1457500445962813443
1457500505945559048
1457500550098915332
1457500964760559623
1457501291161083910
1457502171591811073
1457502725034422276
1457503112382582785
1457503921396764673
1457504671803838468
1457505163401388034
1457505869852184578
1457508353052086275
1457509436595970048
1457510836273025026
1457511827059978242
1457512852579885065
1457512975334576133
1457512979885330436
1457513979052396545
1457514613050839042
1457515130594504705
1457516747381149699
1457517888873529344
1457518411404091396
1457519090780803075
1457520004837019650
1457520799175249928
1457520957086646275
1457521294673645570
1457521610974507012
1457521844643409920
1457522421356011520
1457522657558138880
1457523324502913025
1457523506489483266
1457523583509483528
1457524030009917441
1457524724100173825
1457525763272552449
1457526728029519875
1457528652141314048
1457528786002583552
1457529062889385989
1457529348848640002
1457529795311333377
1457530734344876040
1457532742124593163
1457533078914617344
1457533392443019267
1457533540460113921
1457534022033227787
1457535446951469060
1457537817194766338
1457538217549438982
1457538280082264064
1457538513788760066
1457539019135406084
1457540583505924100
1457542330559434753
1457542459752284161
1457542470544379906
1457543184838381571
1457545407190405125
1457546195685937158
1457547715412299780
1457548336026644489
1457548476024188931
1457549034332168208
1457549183829770240
1457549384317652998
1457549590450696195
1457550261199806467
1457551226493493254
1457551424410243075
1457551618845589509
1457552180395732994
1457553104988217351
1457553336509550598
1457554252507852802
1457554721640566786
1457555105050357760
1457555335078682627
1457556181464096771
1457556216729649152
1457556312749973516
1457556739499438080
1457557046639972354
1457557468842577921
1457558238057091073
1457558723082088448
1457559566435115009
1457560063766323210
1457560302833242116
1457561041102114818
1457561384770809857
1457562867318722562
1457563289223929859
1457563329476501507
1457563335621320704
1457563452533362699
1457563501975597056
1457563702362841092
1457563903156699139
1457564454149890054
1457564628712570883
1457564671343353864
1457564711927623686
1457565504479109127
1457565623828033536
1457566083360059395
1457566449329848320
1457566712098922497
1457567091314278402
1457567731054694400
1457568138590097408
1457568141475725316
1457568278193319938
1457568860484345857
1457568895351541760
1457569245236183044
1457571070156763137
1457571632260734978
1457572430415683585
1457573147071369222
1457573705895198724
1457575229232910336
1457575833288130562
1457575879937122305
1457577129441255428
1457577284647354368
1457578258954915844
1457578644772171776
1457579035056226306
1457581964093841409
1457582238749519874
1457582383088144384
1457583713416404994
1457587486721466370
1457587953480388613
1457588388677226499
1457589630618963969
1457590918526107650
1457591268230455296
1457591295078068226
1457593061849149447
1457593684472500225
1457595044840476672
1457596726156541952
1457598383493828609
1457600748292907008
1457603497071947779
1457605680387567616
1457608909204623361
1457609375858630657
1457609899249127427
1457610250790518784
1457612741171204098
1457613037091926019
1457613295863701508
1457615042363346944
1457615052802985985
1457620821892083713
1457627638403670022
1457633150620864517
1457633332280299520
1457633886507307008
1457635522092965896
1457638769985822724
1457646942566105094
1457647859042435078
1457648212974653441
1457653450469265409
1457653551266549763
1457655776848318466
1457658904901341185
1457662414682533890
1457663647975624707
1457665275680149508
1457669087799259136
1457669236420186115
1457672379996545031
1457673256421543939
1457675753408053250
1457676840773079049
1457678477956689928
1457679493519269892
1457679739313917954
1457680415339204609
1457680925903425537
1457681456092884992
1457684372899913734
1457685271819046917
1457685320489738247
1457686238828314624
1457686608728236038
1457687913416830980
1457689142415052807
1457689342055526403
1457689581374091266
1457689621693825026
1457695504255553540
1457696202171076610
1457696256629772288
1457697284284682248
1457698823959195650
1457698936626548737
1457701126367846405
1457701931934228492
1457702617459613701
1457703484552318986
1457703678094180363
1457706147775909896
1457707367743819777
1457707839372226564
1457708546703953920
1457708735435100168
1457709023373975562
1457710161691299844
1457710487282589699
1457711222321819651
1457711937329025028
1457714483523162117
1457714956267261952
1457715415405191172
1457715679835140097
1457717367312617477
1457720434502389760
1457720677125951495
1457721101031780354
1457721394012246022
1457721541010014218
1457723304631013379
1457723635662303236
1457723973026856962
1457724083798351886
1457724188333121550
1457724453027209224
1457724473176739841
1457724501903413252
1457724578688425984
1457725621849657352
1457725898791297027
1457727417611477003
1457727560285052928
1457727991044263937
1457729169740214281
1457730086061453312
1457732197184589824
1457735932782780425
1457736058347556865
1457736186521391120
1457736687115591694
1457737626501500940
1457738158460780550
1457739743307968512
1457740946985127940
1457741521185243136
1457741530005852168
1457741736592166912
1457741930000011269
1457742063836008454
1457742370049560583
1457742911907323914
1457743265059557376
1457744303371927557
1457744614308384768
1457746218008801284
1457746331884310545
1457746978494828546
1457747083239198720
1457747159063752705
1457747774146072576
1457749902314950662
1457752315562184717
1457754280237150209
1457755173267427329
1457756715668197382
1457758177781600261
1457758723242217479
1457759946662055938
1457761169947643912
1457761250671140872
1457761352366403584
1457761653093715969
1457761841480810496
1457761934879584256
1457765675045244932
1457766304836816896
1457766725768728577
1457766964462505988
1457767239508127744
1457767355547795458
1457767723677671426
1457767882327302147
1457768376873324555
1457768536986771457
1457768919582707717
1457769213783773198
1457769459985391622
1457769928677740546
1457770009850257411
1457770948606644225
1457771302815604742
1457772367158005770
1457773259085078532
1457773664405835777
1457774294402887683
1457775072249188352
1457775297412034565
1457775618204962822
1457775622533439497
1457776287292936199
1457776623864877067
1457777000454647809
1457779298828390403
1457780625906176003
1457780918140030993
1457781561928007680
1457782067538714633
1457782895414706176
1457783001236996097
1457783744954204160
1457783829188382722
1457784534875852805
1457786699874930690
1457786702332772354
1457786830804303874
1457788316019945472
1457788839561347072
1457789925164605443
1457790090025979911
1457792799839948800
1457794165744435205
1457794478815670273
1457794540090249220
1457796447768772613
1457796594300960779
1457797466741379077
1457797542112989189
1457798429740920834
1457802203561807876
1457803433646301185
1457803930516144129
1457807521385566209
1457807648619855872
1457809440900583428
1457813202935422977
1457813607413129218
1457814021466378255
1457818541617553419
1457819759416729603
1457824357460451331
1457825519844667394
1457827014627504132
1457828991948181504
1457829430202707968
1457829468324642817
1457829487413014535
1457831314170728448
1457844958983966720
1457851442627239943
1457855437123072001
1457864053792051203
1457870505042608135
1457876225456623617
1457883533343551488
1457890139527688199
1457893776047976457
1457903276972814336
1457906091908636674
1457906478044622850
1457912309909790722
1457912400124985347
1457920461938044929
1457923743137681411
1457927583312474114
1457930625378242561
1457939648639082500
1457966797056094208
1458001049655156741
1458026028765487110
1458042222385971200
1458046338889928704
1458054193185447945
1458059770540265478
1458072713579405316
1458085068698705925
1458099707419430915
1458113106773610496
1458116941160202243
1458130476594573319
1458130988421242886
1458141286771265536
1458141744176898051
1458158943633563654
1458173487881854980
1458187919919927305
1458227426845134848
1458339784573825024
1458471285873385473
1458498905142874115
1458648230023946242
1458652157087862784
1458880614279651333
1459318476569468930
1459380318444654597
1476310835647631362