1464976759087149057
1464976807728500740
1464976963819483141
1464976988167413772
1464977036150284298
1464977161018826754
1464977200147419143
1464977483305000960
1464977491718643717
1464977549935751168
1464977757163634699
1464978091948888069
1464978461156540417
1464979126436208654
1464979312084500480
1464980008573624330
1464980238320824324
1464980461386620930
1464980511990992906
1464980843504541703
1464981922107510798
1464982065141661708
1464982089426784260
1464982154455269379
1464982366598975489
1464985569897943048
1464985726416822274
1464985935339261973
1464986319042580484
1464986449883848705
1464986496834973700
1464986634076758025
1464987531498475521
1464987690521272328
1464987938614300674
1464989028227461122
1464989135878377478
1464989485624700943
1464990167870156801
1464990306420592648
1464990407499165703
1464990782096609284
1464991888814051331
1464992372794798087
1464992395389554690
1464993270505742336
1464993828608397315
1464994457372213248
1464995655139700742
1464996123118997505
1464998042688446474
1464998100506976256
1464998809826590721
1464998965108097025
1464999570769907727
1465000477959983106
1465000639788773379
1465001948193697801
1465002657257504771
1465006514121453576
1465010729686159360
1465011859417968649
1465012033892634630
1465013066530115586
1465014924908933123
1465016890443673602
1465018027695652868
1465019789781475340
1465028428525027333
1465029689127407617
1465029788066881550
1465032187506565127
1465037924517482503
1465038810849361926
1465047333796823049
1465047761888415745
1465047923264307208
1465054645319974913
1465056025241784323
1465056780816420880
1465059344094056449
1465059990574538758
1465060041958985735
1465066946441981964
1465068657323745286
1465069411551760384
1465070692030840832
1465091484135297024
1465091719381151748
1465124275644424198
1465127962898960390
1465128608826118150
1465141612233826310
1465142511920312321
1465150489515806721
1465169594352472065
1465174154148261898
1465175464654348293
1465212113580924929
1465212720874151938
1465212993050869761
1465214549766848513
1465214662467801089
1465219078696710147
1465219391323316224
1465223455616344065
1465229511092576256
1465229550829326348
1465229878563794947
1465242339224473600
1465288037479464961
1465326952571678726
1465328974779740175
1465340690930487301
1465397209969532929
1465500186076192773
1465543298668544001
1465734806285832197
1465898175365988352
1467923770702708738
1472716538549608449
1464987776592527370
1465058184997982213
1465075995107631106
1465153467496939520