1460278025283534850
1460279898577281031
1460298898828775427
1460744718908674051
1460745431109890048
1460745729895321600
1460746068367314947
1460747211738734598
1460284218869567496
1460286785360220160
1460288469536632837
1460288573048074247
1460289362541879296
1460289417822703616
1460291562261209090
1460295742115905537
1460298106428399627
1460298928230789129
1460307692870848519
1460309147669262337
1460314192573992961
1460321390792515586
1460325022875230218
1460330605225385993
1460334743132725260
1460347881869692946
1460348589918535694
1460378922617491456
1460389578792132611
1460417458779602944
1460448739215089665
1460451780790300672
1460474499074248704
1460479193939017729
1460480861476958212
1460518534262497283
1460540631114305547
1460544809408638979
1460576310808530944
1460618307841712136
1460619430300377097
1460620452473315332
1460863277240664065
1461356072464097298
1461364830707671045