1456366211109986305
1456366353321902097
1456367673735065601
1456367798251364358
1456368127059582984
1456368309985677313
1456368632733343750
1456368851885699077
1456368984241020930
1456369418880098304
1456370585747931137
1456370630568263687
1456371967498592259
1456372377030479884
1456374360491573249
1456375219992477704
1456375681038884871
1456375746453131264
1456379194376601600
1456379924282028033
1456380207653326851
1456380244298907670
1456380316717760548
1456383575918514184
1456384562783821837
1456385882068434965
1456386189112586240
1456386893365399552
1456389659978711061
1456389890401312768
1456394893312643072
1456401668426407938
1456413808298270720
1456416341334790171
1456416365930328070
1456417508634759168
1456419113966968833
1456422988849553411
1456428756755628034
1456430734177144832
1456436053305438221
1456437421466259461
1456440694000791554
1456446118808719360
1456447667618336776
1456450781184413700
1456451595898540040
1456453943295365122
1456454041840586755
1456455164731215874
1456456026861961219
1456462166450712596
1456464052683612163
1456464425054056471
1456466070349492273
1456476499608014850
1456477345133449216
1456483739224231936
1456530933256007685
1456554033666199554
1456555171345956864
1456555551014408194
1456557484634685451
1456557529589235720
1456561722593001485
1456571698405281797
1456572400494075906
1456576220318023680
1456578788993683463
1456591612813905924
1456607866173935617
1456610798768377860
1456612307950309381
1456619685319938049
1456619803007934477
1456620695245393929
1456640408046374920
1456642516950859781
1456644998322171907
1456648337734635520
1456655612553564161
1456659816341020680
1456663228444991491
1456664178698199045
1456674601199603714
1456681772784107520
1456685331307241473
1456689305540169734
1456691865277841411
1456692764494778379
1456695752877555721
1456703081295409152
1456711318686232578
1456714651606134794
1456728713995894795
1456729071430340615
1456739549359509506
1456780257134985220
1456793732657811463
1456847773840646148
1456849718244364291
1456867495814447107
1456879092754747395
1456912331477114884
1456969105483997196
1456991713378115586
1456991797645877248
1456999780853366786
1457025152844066817
1457154155567538180
1457179371408478211
1457191014918025226
1457335567566389251
1457396646543826946
1457422752357441536
1457481350714470405
1457539674067587076
1457545695938891781
1457552436848173057
1457557575919181825
1457673374629519361
1457704539532976135
1457763182894673921
1457764819449389056
1457963755103391748
1457967215307862021
1458080382675570689
1458635911005192197
1459913484733345803
1456365937481986050
1456366427510804486
1456366631349850118
1456367298927792131
1456367586686427136
1456368008696369163
1456369266538659844
1456369837735829520
1456370044787593216
1456371960523341835
1456372402187747330
1456375794746470405
1456375929178054663
1456376741031600128
1456377327475122176
1456377908944113668
1456379515492450306
1456380666707267584
1456381780622200834
1456383629345673217
1456383816168194049
1456383935445970948
1456384859534815236
1456392258568134658
1456392475036176384
1456404175907086343
1456406134043066371
1456415779088388102
1456417489412362242
1456417704445980678
1456422495641391106
1456438629581066242
1456446964468420609
1456460202467803136
1456466873994862614
1456481224361398272
1456568409492234240
1456574601501151234
1456578645795946500
1456595768610021391
1456596222903558144
1456602857998852107
1456605330767429633
1456606844101828612
1456610039230308354
1456611609305128970
1456617859635990534
1456621831973216263
1456624347360202761
1456625663176282112
1456631380503375872
1456632766230114305
1456634883564990464
1456638450174681101
1456640808119980037
1456641101926965254
1456645121559212035
1456648598721028110
1456648862001676289
1456649950289334273
1456653094427758603
1456664245899304968
1456668185416118277
1456669744900182017
1456675935978147845
1456681046863335425
1456681246013247499
1456684608494374922
1456685827967291403
1456686126912008194
1456695256007815170
1456711080747708424
1456711194505453570
1456717336178663425
1456718911932674056
1456721528704339971
1456721920884453378
1456726794137186314
1456735612179042304
1456735659427864584
1456761057637289984
1456761116659367941
1456779360912936966
1456781423776514053
1456790202454667264
1456797190500888579
1456813712510267396
1456824139550007298
1456836893761421313
1456840170221735938
1456841503884595205
1456875604180025345
1456876170704678912
1456913088393977859
1456922355280797696
1456922709766680580
1456940449214648323
1456946709934886919
1456970702616252416
1456974221091946501
1456994399381037062
1457011217453572098
1457021993677729795
1457059428679786499
1457084735516205066
1457153316308324358
1457154987432112128
1457160174506962947
1457185283422576642
1457216037280047105
1457361098902949896
1457364115140321288
1457516083133493248
1457723431022211078
1457751752510476288
1457752544164421641
1457753246089502725
1457853425241231367
1457853692573585409
1458117580967723010
1458156015782793218
1458156440250576898
1458196747147173898
1459983744165679116
1471137312276983809
1456366240029683715
1456366445659664385
1456367280951005187
1456367308109197313
1456369360046592008
1456370093441486851
1456370154695241732
1456370546753609734
1456371418757795840
1456372153075449866
1456374770321264641
1456384335389634579
1456385333482831883
1456388517232197632
1456392638081372162
1456397131267428353
1456404223780954122
1456410166706987008
1456415465446674438
1456418003751481347
1456424510203351043
1456447002435272715
1456507477890060288
1456552768131538948
1456577562512068610
1456585291100299273
1456591374594318340
1456629932050763780
1456664348626149398
1456712013745250308
1456736222928310281
1456801604317945856
1456879096277913602
1456958709867888642
1456958892118786050
1456970747587534851
1456985820951302151
1456993957011988488
1457004829906141197
1457011249695264772
1457078148105969666
1457229949425885189
1457480325488160770
1457753266075447305
1457753660381966341
1457932143125012481
1458080341940375562
1458117602291503109
1458141858324836354
1458187275314081794
1458199260197965829
1458821308771409920
1458822062362042379
1461033438639804418