1464007903556349954
1464007958933741573
1464008824994635777
1464010365814124555
1464011140934029317
1464011449743904771
1464011498183929858
1464014337903931399
1464016354835460109
1464016824341655583
1464017014175854602
1464017133214396430
1464017351230337037
1464018475081416704
1464020171299995651
1464020548443385870
1464022870301069327
1464023110743519236
1464023370341789705
1464024751966461963
1464025717172314113
1464026265820831748
1464026421555249152
1464026669321183232
1464026926901870600
1464027516667052037
1464028519281876992
1464031094106472455
1464034356918468624
1464035000928538672
1464040570037456901
1464043352916168706
1464043912348282889
1464044486120464386
1464045196958736387
1464046419153760260
1464060466553139208
1464076438206828548
1464077465811312640
1464084365734907909
1464092269661675522
1464096765645246474
1464099456119283712
1464100850498945026
1464106641666625537
1464106789943844868
1464117968342822929
1464122736696045577
1464124010728329217
1464134143646785545
1464136996432105473
1464137135431299072
1464140402462801920
1464141450321432576
1464141909413220352
1464144843194654720
1464144871082582047
1464145358066536450
1464145379335757856
1464146101603241985
1464148225519022082
1464149392760397830
1464154186656980996
1464154379112517645
1464158300904345629
1464163278330998785
1464166908853374977
1464169399049457664
1464169477386522635
1464170039548907523
1464170330860109826
1464170462506852353
1464171069896601603
1464171854881599489
1464171964189364252
1464172624934850592
1464174840663969799
1464174870779023364
1464176862435893254
1464180541113225220
1464181348701290503
1464182334530277379
1464182449022418946
1464184579619651588
1464187163143192579
1464187914095673373
1464191135866368000
1464192571861778432
1464192887302807554
1464196731533508652
1464201389144424451
1464202488475787264
1464203002454200323
1464205820011425800
1464206869136920577
1464206959805177858
1464207218539175954
1464207540653334530
1464209536064311296
1464211838254653466
1464213177441288196
1464214548597153797
1464214636706689033
1464214936100372480
1464219123370500100
1464220051687546882
1464221181829996551
1464222218733428744
1464223425312997378
1464224264584720391
1464225451828645890
1464225494920880129
1464225625271640084
1464227688906952705
1464227979505152000
1464229120074665992
1464229339365580824
1464229794535587842
1464231497767006209
1464232276296937476
1464232751062818818
1464234473558532106
1464235567609171969
1464239051985272833
1464241692035502080
1464243897719218189
1464245812918202369
1464245959962075141
1464248839645413380
1464249141148663828
1464250713786109952
1464250962655199239
1464251540034576389
1464252929360150528
1464253071698112514
1464255144988594183
1464255735781548038
1464255764147625987
1464257312101646356
1464259243654230016
1464259531119247366
1464259627789475840
1464260362249785344
1464260717213896709
1464262155000336393
1464262670522064899
1464262755406462977
1464264912780279814
1464265908453580809
1464267488699424770
1464271177015300118
1464273415708291075
1464275582074728453
1464276018492026894
1464278293352370177
1464280981934784512
1464283217284845572
1464283675147833345
1464284258193788940
1464284347259703297
1464284546619219968
1464285710635048960
1464287486151053313
1464287763059073026
1464287997373960199
1464288217813827585
1464288300626288643
1464289737619955720
1464290297102442499
1464292480065490948
1464293434353664010
1464294782281424896
1464295262734544898
1464296691541049347
1464300990933389320
1464301419767504900
1464305762025422848
1464308029881344000
1464308412359970816
1464308501472329729
1464311174128930818
1464312044987904004
1464312118937886722
1464313044054462470
1464315085376176136
1464322331640217607
1464325714694610947
1464326972352380937
1464333650971873281
1464348064337039360
1464348165465849858
1464365048147685377
1464365518295470082
1464372477052665857
1464372585613910017
1464372856549220352
1464377625221152777
1464380573347160069
1464388760167014402
1464392112926076931
1464397022702755842
1464397085080526848
1464408479901229056
1464422795534819335
1464492868396101632
1464509143591518212
1464541918759727110
1464556546386497540
1464556826335219722
1464603609379790849
1464629357356498954
1464739745607696393
1464807415375880199
1464879406833455104
1464926583416766471
1464965728201842699
1465024134354591747
1465185321402843137
1465272819374305284
1465395181503586305
1465396267962490891
1465483221949423616
1474530509581688835