1461032883037028367
1461044323017969667
1461051584314425347
1461057203092148225
1461071675114459136
1461243165646667783
1461051426906460169
1461043264618913803
1461043561982570504
1461043756937928710
1461043771571773441
1461043852492480515
1461043903080148999
1461044378621911040
1461044478685368320
1461044751038402565
1461044946077511681
1461045206711775242
1461045740906573824
1461045749203050499
1461045754986782722
1461046233338945545
1461046698621509644
1461046703918919693
1461047202328068108
1461047943163789326
1461048245032038400
1461048701280002053
1461049722114764800
1461049833771474946
1461051949143363587
1461052854983176200
1461059301326397441
1461059838201536524
1461066810716049408
1461069848428138502
1461072148005625860
1461075754125443072
1461076842115485698
1461077054523420680
1461077779483705350
1461078485967986697
1461080650476253185
1461082940029341697
1461148023862571009
1461151333424238599
1461226209421918208
1461242903934775297
1461259923044679683
1461350803675910147
1461376477547704321
1461454908213760002
1461795221294006278
1461867274495684608
1462489161881976834
1461044624731131905
1461046890276007939
1461243170180710402
1461407038005649412