1455928385016934406
1455929093111877634
1455929411094687746
1455929504166256646
1455931285969334277
1455931665512022017
1455932777577189383
1455933706854621187
1455933725540298753
1455934303213338631
1455936114804547591
1455936269880594437
1455936816138399744
1455937022770794502
1455940232164020231
1455940612046344200
1455941723763400713
1455942700319100931
1455942904606703624
1455946106471272448
1455948428538781707
1455949254170710018
1455950266788843524
1455950445881479169
1455951574958628867
1455953280102711301
1455954092778471426
1455954959158153219
1455957812681613314
1455962507739340802
1455966939423989763
1455971999797235712
1455980045520965634
1455984101278695435
1455986576572436480
1455991997907492865
1456002504760733708
1456007921809059847
1456019578203557890
1456036467013263362
1456065267268825093
1456066627150176262
1456080991718682629
1456086254462722048
1456154311189221376
1456155402144415749
1456188120366555140
1456194203957043202
1456206355375796225
1456261291148922896
1456268013527724048
1456277624901230593
1456303681314324480
1456394571152347136
1456456611443191811
1456478488370847744
1456484727058100227
1456557713421340677
1456599701793480706
1456677837864374280
1456691488293744643
1456731757978525697
1456800322441990146
1456959701237702661
1456969230994321413
1456982101895651335
1457037561868783617
1457048937647333378
1457065132891250690
1457483346141982724
1457516480279367682
1457557711701282822
1459416130431426560
1459416875532800006
1455929934950588416