1463267506693492746
1463267985733263362
1463268947680239626
1463273762376331268
1463275974808723465
1463282219905130505
1463290540385083393
1463292047742447618
1463293048448815108
1463296025922203652
1463297120262397954
1463301291157770242
1463317959884120066
1463324966783434753
1463342047088324614
1463360463832449031
1463362156674564096
1463367297347764230
1463381435167883268
1463417271410434057
1463458623514976259
1463472213185773568
1463477963458965512
1463478739132731397
1463499870464098307
1463504478586429442
1463505472271491078
1463515031438569476
1463524177915170817
1463571969916424197
1463572935373897735
1463579642812633091
1463584731212091395
1463607081639067650
1463609482110513162
1463615657191292930
1463641516728008711
1463660776938475526
1463835476935196680
1463839353340370944
1463949049107673096
1464207658806820871
1464255831197716491
1464303046762983426
1464606185026428940
1464626214518276104
1471929868111732741