1463237640560517127
1463237976478175234
1463238914492219393
1463240972570140680
1463246429279834115
1463246484116152320
1463265286585470977
1463275702145462280
1463281706031591433
1463291887054372871
1463296942180552708
1463299946438926338
1463335662799699973
1463397268355174401
1463487331684564993
1463493088140304387
1463499296322600970
1463505428214603783
1463546802309894160
1463553101642833932
1463865505664716800
1465099692560338945
1466395327569743872
1466597945877299204
1463239316641968130
1463239654463795204
1463240013911580675
1463240049127051273
1463240080890421254
1463240142995476480
1463241196009136138
1463241670036803593
1463242130260963338
1463242401565216771
1463242639176876039
1463242909067923456
1463243294285217800
1463244576278388745
1463246512423587850
1463246922710401030
1463247222187900933
1463247707745697797
1463249008189710344
1463251450197278723
1463252705443463172
1463252841397727242
1463253947880140801
1463258317514584066
1463260377467310080
1463266636937502721
1463266763278327809
1463267333649182720
1463268666707902464
1463276127762456581
1463277420384034821
1463285962990051328
1463292208723935232
1463302457249861636
1463341623262302211
1463343881152602119
1463353444979384328
1463401376512462848
1463417262652674049
1463429456488448003
1463483677879455753
1463563301619585026
1463883594405978121
1464208573324533762
1464590298902839299
1464835732598525957
1463245634639650820