1465014748819247109
1465014863495933969
1465015308763213828
1465016417758040064
1465017121369378816
1465018127914315780
1465018342599659528
1465022535133761540
1465022752746704897
1465023369489764353
1465031773738438661
1465049998991765515
1465052555508166657
1465064347751829510
1465103118648107012
1465107754914308098
1465108068631564290
1465116881468239875
1465130745501032451
1465135617193431045
1465152785524174850
1465159143132647437
1465202409119129600
1465211926343032832
1465217451130437634
1465229178710671364
1465282084591788036
1465298657725583371
1465307212339769346
1465307503554699264
1465307809386487812
1465310635386888206
1465323262314008581
1465387687620210688
1465389354235441163
1465393853301772309
1465396698830848006
1465406014253981696
1465476428863000578
1465775331760087047
1466327193714413569
1466748337730854917
1466859199082729480
1471330697730273287