1456637859075706885
1456638559578820610
1456641120151158793
1456641256860393474
1456641277219409926
1456642383496433665
1456647771059064834
1456648066560299008
1456648975432437760
1456656239304323074
1456672049540259846
1456680961253457925
1456711572928155648
1456744022404472836
1456879102095462403
1456960335131279360
1456960570222014469
1457531320586817540
1457532358609936384
1457533948045582336
1457699031694680074
1456638693918187526
1457967176003072003
1456645955789500422
1456646033602138114
1456646236614926339
1456646267665330179
1456646623363280905
1456646858466631680
1456647206581284866
1456647669066223616
1456647863690317832
1456647893541130242
1456648228338814980
1456648545004503042
1456648586054311937
1456648600465907714
1456648644581527555
1456648712822870017
1456649143158513672
1456649185294536704
1456649414886502403
1456649603093254149
1456649661985353730
1456649703941152771
1456649711960485891
1456649785260351495
1456650000386060289
1456650595725725699
1456650660016009222
1456650833794306057
1456651099113345025
1456651241631670277
1456651308623175695
1456652420801433607
1456652677765533699
1456652930082349059
1456652958297436166
1456653020054306817
1456653137830367233
1456653244999012357
1456653414750998532
1456653452961107976
1456653839667507206
1456654030520860675
1456654109461860353
1456654378702606342
1456654477847576577
1456654567500750852
1456654575713259523
1456654657560907783
1456654811068260353
1456655180326490124
1456655455007166470
1456655626755522560
1456655778614501385
1456655805248425984
1456655877423841287
1456655995086716933
1456656218521587713
1456656265053184001
1456656288994238468
1456656292626399237
1456656365192192001
1456656365917720586
1456656452014116865
1456656467390517268
1456656515327160328
1456656560621596672
1456656873847934985
1456656920513851406
1456657025493053448
1456657052374286342
1456657131948711939
1456657251679313924
1456657377109979140
1456657684527124481
1456657692257292291
1456657848725692416
1456657928392347649
1456657973959434243
1456658013545107464
1456658034973810697
1456658060471115783
1456658265891299338
1456658298397208582
1456658498050162694
1456658518128291846
1456658556074201089
1456658574294257670
1456658678103384070
1456658936052994048
1456659005758054402
1456659121298681858
1456659187857965065
1456659252072927233
1456659284565979138
1456659305579495426
1456659364392194053
1456659393081069570
1456659425004068865
1456659443383480324
1456659564837806083
1456659693401739268
1456659817313996809
1456659848326696964
1456659956350947328
1456659972301991940
1456659980212342791
1456660059505692672
1456660131580727306
1456660173905301510
1456660270034554881
1456660317245558785
1456660443418828800
1456660486888595463
1456660566903123972
1456660580887146499
1456660702278524928
1456660751708352512
1456660891018022914
1456660924861804547
1456661082232213507
1456661213635653634
1456661264399167488
1456661297844482051
1456661337619066881
1456661495073415171
1456661626480779264
1456661751731195911
1456661975639990280
1456661980840873999
1456662126739722246
1456662396416692226
1456662491707154436
1456662607734009869
1456662799053066240
1456662882465239049
1456662902333710348
1456663018310275077
1456663121154740224
1456663192818667524
1456663297453867017
1456663342731481092
1456663406727946243
1456663419067699202
1456663750858117122
1456663828687589377
1456663922929545217
1456664018484142083
1456664105545310220
1456664141444395012
1456664224659382280
1456664266337964033
1456664327465865221
1456664592810012676
1456664672195723273
1456664903205277701
1456664917608644613
1456664922109190149
1456664924512477193
1456665066892374035
1456665161746591752
1456665168855842822
1456665262682431495
1456665286233534465
1456665371755302917
1456665398087241740
1456665410938433539
1456665541540786184
1456665620292984835
1456665626584387584
1456665664073129987
1456665674688966659
1456665736349462539
1456665791047348224
1456666097734799368
1456666115162009606
1456666122770550791
1456666144463626246
1456666153900773377
1456666201074110464
1456666270372352007
1456666290148593671
1456666340220186629
1456666348881391620
1456666405588373511
1456666424332726276
1456666492867645444
1456666500044103681
1456666522227781635
1456666532113797133
1456666574983778309
1456666648576860162
1456666684001980421
1456666755439415304
1456666781750280196
1456666792005361664
1456666809130749953
1456666852558573568
1456666915729027074
1456666991578820619
1456667068082786312
1456667130800197635
1456667154179411972
1456667190585970689
1456667231413276672
1456667282625597441
1456667304243105792
1456667310995902466
1456667349960957963
1456667371456901126
1456667377383399432
1456667434879000582
1456667536662138881
1456667548934709253
1456667553980243974
1456667566211059721
1456667591091658755
1456667669462196235
1456667670804418562
1456667810755760133
1456667844767223808
1456667902036389894
1456667972664057856
1456668063684718601
1456668127928864774
1456668136858693633
1456668151316373510
1456668192194007040
1456668229955465218
1456668233004634118
1456668285064384516
1456668307038224388
1456668336599678989
1456668339129012232
1456668355599929349
1456668500097998853
1456668527209984014
1456668528082255873
1456668531030822918
1456668545769779210
1456668604930330624
1456668658420359169
1456668665806479361
1456668680180359172
1456668686232682496
1456668698203213828
1456668756210438144
1456668951732264960
1456668973987213312
1456668994241548288
1456669003124969484
1456669023408513024
1456669023987400705
1456669085333430273
1456669131403497478
1456669155004911634
1456669184394473477
1456669234600108032
1456669261980700694
1456669333778796553
1456669338338005003
1456669360966230017
1456669361247227912
1456669362018996225
1456669427588599826
1456669444382420997
1456669520484085765
1456669565694402561
1456669638700326914
1456669804031512576
1456669815284944897
1456669924710039553
1456669978896240646
1456670049599586307
1456670057795309576
1456670130495049729
1456670209092120577
1456670310611107843
1456670355712524290
1456670417825959939
1456670441943314432
1456670444241788928
1456670448918409220
1456670512759906308
1456670540312231941
1456670552383541250
1456670564278575115
1456670946278969344
1456670979787272192
1456671016671920128
1456671094480457738
1456671117867995151
1456671150851854338
1456671168774262792
1456671186293772297
1456671388039852033
1456671394469711872
1456671402770063362
1456671456109207554
1456671476220825610
1456671528108498944
1456671629476511750
1456671650963992582
1456671777518718982
1456671909316337669
1456671916866121731
1456671947090239489
1456672149347962880
1456672313794048001
1456672385587978243
1456672428776693770
1456672473945051140
1456672482623168518
1456672554400235536
1456672580828495872
1456672607928004608
1456672699317514244
1456672719144210433
1456672814619103237
1456672895845949450
1456672912740597760
1456672977345552385
1456673078902026243
1456673228680740879
1456673316652011524
1456673340190515200
1456673362080583687
1456673365163483139
1456673389997928456
1456673434138783753
1456673462047608839
1456673546084630533
1456673567895138310
1456673746400555011
1456673799403868161
1456673874502995977
1456673996515254272
1456673998121623563
1456674014324133889
1456674130133229574
1456674309103968271
1456674344961130502
1456674387642433536
1456674414800490500
1456674493997350913
1456674597340946437
1456674608472600583
1456674640827408386
1456674672339087360
1456674684804730888
1456674838270013442
1456674902623199238
1456674913268289536
1456674936802713606
1456675109381545986
1456675138502545416
1456675223915409409
1456675253271289862
1456675270119755776
1456675274293137412
1456675279288537103
1456675282040016898
1456675287752658945
1456675389439348739
1456675417352327175
1456675444451856398
1456675600106614784
1456675609900462087
1456675653256810502
1456675678129168391
1456675691513008128
1456675829631623178
1456675892877565962
1456675916042719237
1456676015313465350
1456676030836473856
1456676069487022089
1456676088579432451
1456676136323358721
1456676156640403456
1456676177456902145
1456676243965943814
1456676252635435012
1456676259099025424
1456676305500528644
1456676360752025604
1456676412644003841
1456676448060719110
1456676475227328524
1456676478729560067
1456676481522970630
1456676527588864003
1456676538875879431
1456676731981647879
1456676786406838273
1456676848616738824
1456676954871144470
1456677017458384899
1456677102607085572
1456677145007116290
1456677153605505029
1456677161566306304
1456677435169144838
1456677498335350785
1456677517121794050
1456677547689738241
1456677589741887488
1456677671656640516
1456677790737125376
1456677849356767232
1456677864468779008
1456677883120914433
1456677893442969604
1456677914624266240
1456677972786749444
1456678016902475776
1456678111035248642
1456678316446998528
1456678363104522240
1456678373720268803
1456678379248312324
1456678534798262275
1456678548614172675
1456678586426011652
1456678630218682371
1456678667531309060
1456678790562734080
1456678836205232134
1456678842513362944
1456678851111751685
1456678853724631045
1456678911526506504
1456679029201834000
1456679099758518278
1456679106297442306
1456679158122221568
1456679299776397314
1456679462267875328
1456679746125774853
1456679785703395329
1456679830481776647
1456679867202768898
1456679964493942795
1456679994202152963
1456680000980094976
1456680045263605763
1456680069901033480
1456680080143421450
1456680088074956801
1456680112980594688
1456680294346600453
1456680335828267014
1456680581140553728
1456680581652115462
1456681166854103044
1456681168963883015
1456681388179181574
1456681422186369024
1456681422467571721
1456681443552382989
1456681586649354249
1456681937137913856
1456682156013588488
1456682283394637837
1456682297525080067
1456682299202936845
1456682325476093958
1456682448318836744
1456682516237197315
1456682563049828356
1456682587343228930
1456682699901452290
1456682831355301892
1456682858597203973
1456682872002199558
1456682917900472320
1456682994307977219
1456683077946773504
1456683085001539586
1456683142069293061
1456683455090135042
1456683486668996614
1456683498488614918
1456683520902905856
1456683646665039881
1456683661009592323
1456683750440325122
1456683881617399808
1456683926538309637
1456684124056457220
1456684330957295620
1456684456660504576
1456684488625463305
1456684585354420232
1456684613007413248
1456684692170739714
1456684712592871431
1456684742166859781
1456684782037962757
1456684884316073990
1456684927492186122
1456685034484678668
1456685035386544130
1456685232334282762
1456685265163112449
1456685376131715077
1456685404787122180
1456685409031921665
1456685414018805764
1456685507564371968
1456685712707932160
1456685749848379393
1456685778428366850
1456685845369475073
1456685874943610880
1456685877657096193
1456686022649991169
1456686092464308231
1456686207484801024
1456686253613719566
1456686302816964609
1456686304150753280
1456686348551684099
1456686381388926977
1456686381762289673
1456686447222661123
1456686521403142150
1456686531867865090
1456686546535518210
1456686546627801091
1456686570061271049
1456686584368181258
1456686600671350791
1456686766077980672
1456686828422004738
1456686828464054276
1456686955559747586
1456687167741304833
1456687194312171526
1456687210225352715
1456687439372824577
1456687479302631427
1456687479508152321
1456687584910925838
1456687610135388162
1456687681317003264
1456687712585412609
1456687767379972100
1456687771716919306
1456687816038047744
1456688024696283143
1456688038679965696
1456688110817923073
1456688123002306563
1456688184998334468
1456688229156114432
1456688282499125252
1456688289524617221
1456688410769309697
1456688497046302735
1456688780581261316
1456688787648651272
1456688874005032963
1456688897254203402
1456688919899254785
1456688944259665927
1456689067270328328
1456689090884161539
1456689105916424196
1456689141450743813
1456689270752747527
1456689373336903681
1456689431771975680
1456689527389491203
1456689716175196162
1456689772173406208
1456689823545180163
1456689846962069504
1456689854436216838
1456690038868037632
1456690077262880769
1456690120078233602
1456690270351802372
1456690308691939338
1456690375331139585
1456690432725983241
1456690436530188296
1456690470558396419
1456690477080715280
1456690535079550977
1456690562010996736
1456690585679564800
1456690742030737410
1456690783629742081
1456691000944984066
1456691039272636424
1456691183602868227
1456691310316896266
1456691315467591680
1456691434757689350
1456691439916617732
1456691442286534663
1456691527929925636
1456691539149737985
1456691555859894272
1456691673728274439
1456691688143921153
1456691813251682308
1456692109868613637
1456692157453062146
1456692290609500164
1456692367344480260
1456692379721904128
1456692461804212227
1456692469484036098
1456692619153661953
1456692714091724809
1456692746908012544
1456692778986090593
1456692982917201924
1456692993704878083
1456693199955705864
1456693237578612741
1456693295992610818
1456693333351403526
1456693360689762305
1456693560464400387
1456693566713991172
1456693686604124164
1456693690458681346
1456693801066672133
1456694163685232653
1456694195117232132
1456694355973099526
1456694376760070149
1456694438357520403
1456694644545409026
1456694701927637000
1456694724421636114
1456694789588586503
1456694823809859586
1456694849407651840
1456694871184474113
1456694874258903043
1456695199334293509
1456695234797228040
1456695273799962632
1456695300005924864
1456695301708791815
1456695396978380808
1456695551425073153
1456695615279271937
1456695626389938179
1456695626536734725
1456695673550741504
1456695812675735563
1456695833437609984
1456695848121864199
1456695850982330381
1456695852555292679
1456695866820026369
1456695882183843844
1456696071925772289
1456696487853891589
1456696716296589319
1456696887713619976
1456697213971623938
1456697255260573699
1456697315486470146
1456697475360829454
1456697480448552970
1456697531187048463
1456697568549875713
1456697690188881929
1456697717808304140
1456697727614476289
1456697824712830984
1456697935249375236
1456697983572062215
1456698029872910336
1456698083039981578
1456698089142566917
1456698103780757512
1456698158679875588
1456698214829133824
1456698254117130240
1456698340637302785
1456698374778916870
1456698588831047691
1456698755919515653
1456699189157584906
1456699218807111682
1456699342438293515
1456699451100258308
1456699564732436481
1456699706789269504
1456699887299354632
1456699888251686912
1456699939208065027
1456700071844716552
1456700110415568902
1456700168380694532
1456700446811344897
1456700739619901451
1456700742346186759
1456700761082056712
1456700806523150341
1456701129232953346
1456701174829264898
1456701444556406786
1456701470443704324
1456701484574388227
1456701555218993161
1456701581844357123
1456701648009678857
1456701650681409539
1456701790301290496
1456701859683397635
1456701887693180937
1456702083038650378
1456702167323185156
1456702201355714560
1456702230690738184
1456702258335436802
1456702318435438595
1456702325716930563
1456702349334876160
1456702385389244419
1456702673072398337
1456702699047694338
1456702710326116354
1456702755343585290
1456702768295591937
1456702786570174464
1456702789040492546
1456702790785376260
1456702925162561547
1456703062966513676
1456703071900295172
1456703212027715585
1456703218201743364
1456703328805552130
1456703359755321345
1456703473525960704
1456703481448996869
1456703486972866564
1456703667713753095
1456703720054345732
1456703727138709513
1456703729126739969
1456703957888212993
1456704058866077699
1456704087500607492
1456704109952716801
1456704116885966857
1456704194631520257
1456704230794821633
1456704276097470469
1456704285392134152
1456704423489572865
1456704479357771782
1456704496290045954
1456704526564696067
1456704570462248962
1456704606591799297
1456704678805258242
1456704701198749703
1456704737559171075
1456704757138079753
1456704944241659904
1456704966899470349
1456705015029145601
1456705037074317314
1456705072872701956
1456705075787669510
1456705125267955719
1456705263881179138
1456705325424390146
1456705378771685381
1456705515669495813
1456705522661474304
1456705617872175108
1456705810784997381
1456705902229209092
1456706000208203782
1456706076326305793
1456706130512654341
1456706175567900677
1456706343679799300
1456706431437127686
1456706533828415492
1456706689261088768
1456706729287331840
1456706773944045571
1456706858274770945
1456706890675671046
1456707191579238405
1456707208926879745
1456707435289268225
1456707476657741828
1456707549584052226
1456707595817861130
1456707756631605248
1456707996046737408
1456708080746602498
1456708121762545665
1456708134123319301
1456708283230785537
1456708799826436104
1456708821745819651
1456708840024543233
1456708901034815488
1456708938477576198
1456709072338792455
1456709219797848069
1456709236243636226
1456709472458625026
1456709597553700872
1456709778290446337
1456710019496488963
1456710109351063556
1456710163113594884
1456710244525088775
1456710250376146952
1456710356701794306
1456710479523590148
1456710569797509129
1456710674092998656
1456710725460713479
1456710855580524546
1456710866750087174
1456710897431453703
1456710908365914116
1456711266328793100
1456711345878020101
1456711358695809024
1456711383907770380
1456711398487035907
1456711404384292870
1456711596223442947
1456711617169793026
1456711995630178312
1456712224064540676
1456712279756615691
1456712345514774530
1456712355170095107
1456712443456073728
1456712616471003141
1456712623710425089
1456712669495533582
1456712737443229696
1456712741641728014
1456712928799772674
1456712980322729991
1456713041043726348
1456713065207009280
1456713326210265100
1456713366945157126
1456713391121313796
1456713408112439302
1456713550873858050
1456713614954467340
1456713718021115913
1456714001950388232
1456714222562205699
1456714227520098315
1456714480746893315
1456714522715172866
1456714758405574660
1456714937074606080
1456715088891715602
1456715155669139462
1456715240029057028
1456715250988830723
1456715269380968459
1456715366978048001
1456715451514433536
1456715521513119760
1456715627402518528
1456715689490796550
1456715805245288456
1456715891731795969
1456715906369921024
1456715941883125770
1456715975944982541
1456716343726723079
1456716394574254087
1456716409338150912
1456716540833714177
1456716602876039180
1456716825731817473
1456716966798888960
1456716976848613384
1456716993223139337
1456717006795771905
1456717028363051019
1456717073317433348
1456717092825272338
1456717118452424707
1456717134143311874
1456717221468594178
1456717221581901824
1456717265739595787
1456717473894391814
1456717480248889354
1456717498800168961
1456717524058398726
1456717613975834624
1456717671668584448
1456717710168137728
1456717745316265985
1456717878313373698
1456717955069353988
1456718291070857222
1456718339036913664
1456718542154383366
1456718577520844802
1456718637541298178
1456718765521977348
1456718869947691011
1456718907461586944
1456718914499588100
1456718953716273153
1456719072519983107
1456719114773348352
1456719137888157701
1456719190623195136
1456719452238659592
1456719500850577410
1456719522497400832
1456719866812043270
1456719961666240516
1456719965034323969
1456720107179216902
1456720374889164800
1456720451653312516
1456720476294631424
1456720479608246279
1456720540790665236
1456720584272920577
1456720687108870144
1456720693928857605
1456720996472434689
1456721026214084609
1456721184075157507
1456721343525883904
1456721358948339720
1456721415890092033
1456721505249804295
1456721505648324616
1456721635973623808
1456721665652523008
1456721690340200451
1456721723085279232
1456721810779746315
1456722094583021576
1456722095388381192
1456722293888065540
1456722302234546177
1456722314184179718
1456722376062873605
1456722586885402630
1456722611715514369
1456722714039836674
1456723041325654018
1456723052558012428
1456723081171374081
1456723099139858438
1456723282900697090
1456723289976541196
1456723366677602305
1456723617211764736
1456723636203700235
1456723736632176640
1456723747663056899
1456723901250252806
1456723943373615111
1456724139860013073
1456724555007934467
1456724789398327298
1456724899569958912
1456724945128632321
1456724945728245761
1456725193641054219
1456725195662798849
1456725346032799756
1456725457487990789
1456725577046626305
1456726069835407369
1456726256213499918
1456726323553095682
1456726387268767745
1456726878195044354
1456727074442461193
1456727173310521348
1456727275102162946
1456727278608584708
1456727412260147203
1456727466286985217
1456727484355989506
1456727520481579026
1456727560604291072
1456727596079714309
1456727711024549891
1456727832906776581
1456728122066415616
1456728687215357954
1456729322153205762
1456729731374764042
1456729916301627397
1456729938158051338
1456730027194785798
1456730207805755399
1456730325128675328
1456730420150558720
1456730688401649668
1456730717493383173
1456730795931013128
1456730828738908163
1456730908870905858
1456731033672421380
1456731322739744774
1456731469070553089
1456731500842528771
1456731513534365699
1456731652332400643
1456731848000802816
1456732022634729473
1456732076053389316
1456732086996508682
1456732126338949120
1456732134769676291
1456732285391101955
1456732420749893639
1456732814682906626
1456732868366020614
1456733093369417735
1456733149396938755
1456733270369087490
1456733305001369608
1456733342238486531
1456733399734005764
1456733434588667911
1456733452917673996
1456733464980557829
1456733480172326916
1456733746795892736
1456733867004637189
1456733931991089154
1456733984952627203
1456734168193413125
1456734173721399299
1456734191396298760
1456734617537503235
1456734770809872386
1456734798282690568
1456735004474712071
1456735037198635015
1456735076948058113
1456735229515862028
1456735353054900227
1456735767221374983
1456735849547173893
1456735876638183425
1456735991109144584
1456736153726509057
1456736277806649349
1456736325072142336
1456736639112425474
1456736684901474304
1456736836940877828
1456736864702844928
1456737007762227205
1456737157557665797
1456737239552065538
1456737546260598787
1456737814591119364
1456737875068735489
1456738216896196610
1456738224701911050
1456738334877827075
1456738342222008323
1456738489706369025
1456738534803402752
1456738575349846016
1456738581343473667
1456738594945708039
1456738662364942340
1456738695374061575
1456738701711757313
1456738746259419151
1456738971879309319
1456738997145718785
1456739026560557059
1456739122572316675
1456739272254541825
1456739324125384707
1456739378684858371
1456739398326751233
1456739476571447300
1456739546570313745
1456739691588321289
1456739887613366275
1456739981268070402
1456740034388889603
1456740088331735045
1456740092542849035
1456740366875496450
1456740512153624580
1456740633884909572
1456740702667243530
1456740846057967616
1456740896083353600
1456740959648108551
1456741130821767168
1456741318323957763
1456741569009180676
1456742005619531781
1456742045628780545
1456742240097914881
1456742568314671110
1456743008649445381
1456743407511085056
1456743519062659073
1456743616911663111
1456743626776608770
1456743824043036675
1456743877730209799
1456744162728894464
1456744176163381248
1456744198623924225
1456744231926706189
1456744311786283011
1456744752813117440
1456744763592482816
1456744926801285124
1456745194796109824
1456745401848061962
1456745548086718473
1456745705045901315
1456745827066470400
1456745888873910272
1456745915444781064
1456745921857789959
1456746070755655687
1456746259079860226
1456746532640858112
1456746864557150215
1456746954889773059
1456747032413097997
1456747114566987779
1456747143927111685
1456747309581152258
1456747424962187264
1456747439407443971
1456747459368030210
1456747460710354945
1456747530176315400
1456747606739197953
1456747657603469316
1456747705573654530
1456747722615054345
1456747923065159683
1456748115554455555
1456748304944009222
1456748396526530560
1456748446166261769
1456748513627344902
1456748613854535688
1456748654983712772
1456748707664203777
1456748763687620614
1456748814807834625
1456748816560914435
1456748890355548168
1456748974044495873
1456749003534598146
1456749006181240839
1456749241188052992
1456749478896078855
1456749550517903363
1456749642792652804
1456749644847923200
1456749772405084170
1456749790981758982
1456750060029493252
1456750190363353094
1456750254250987527
1456750264019525643
1456750300950323205
1456750403597619200
1456750518592696321
1456750716446511109
1456750735253721094
1456750900182200329
1456750934244184077
1456751084458893313
1456751156588388358
1456751278911070216
1456751314134839312
1456751364093141013
1456751392715165700
1456751414328414214
1456751433118748675
1456751489385381891
1456751508519796744
1456751624618233857
1456751655131754508
1456751682306682884
1456751690846285825
1456751716779577347
1456751946673623044
1456752002118127621
1456752002504052746
1456752025362857988
1456752051908718596
1456752073244954624
1456752076533420035
1456752081541402633
1456752101913206788
1456752215343960074
1456752299326513153
1456752354473037825
1456752433389051916
1456752607964368901
1456752762125959170
1456752850374209537
1456752900395446274
1456752908691771394
1456753069379702786
1456753144113745925
1456753266843336705
1456753344106700812
1456753380651675650
1456753389140725765
1456753493633601539
1456753495718207494
1456753767072796679
1456753778250637312
1456753782218448898
1456753859792097282
1456753981359788033
1456754012452229120
1456754022497591299
1456754027300020232
1456754188617064449
1456754591173910530
1456754625206493188
1456755231723773958
1456755332852690950
1456755408635252743
1456755561295405057
1456755568786411537
1456755799116730371
1456755858277273601
1456755915026206729
1456755973314461696
1456756031896305676
1456756032600936457
1456756065652154373
1456756075265335297
1456756101467287555
1456756163698053122
1456756210598748161
1456756213841121281
1456756312944033792
1456756468326227970
1456756613495263238
1456756708638855169
1456756823084519432
1456756895675469825
1456757104996347905
1456757138131341315
1456757354498691073
1456757649039630341
1456757697961934851
1456757858360442884
1456757861254635520
1456757931488292867
1456757991022137346
1456758277040222208
1456758350851592197
1456758807485353985
1456758866914467843
1456759178446479361
1456759220087500802
1456759251829805059
1456759327872598016
1456759347489525761
1456759430301855747
1456759464787255302
1456759568357330956
1456759616193409029
1456759673089036291
1456759759126806536
1456759767003799555
1456759771047120898
1456759847664459777
1456760018980667394
1456760228297461766
1456760240565678084
1456760246672756738
1456760369393852419
1456760379867111433
1456760478659751940
1456760565880262656
1456760834651299841
1456760842272350211
1456760933796220928
1456760983242870792
1456761014511411210
1456761437003603975
1456761722065334283
1456761744085471232
1456761836322312198
1456762012445331469
1456762066694377474
1456762220839329794
1456762227546017794
1456762407968247815
1456762466784907265
1456762542643195907
1456762643784552451
1456762658447888384
1456762843311656960
1456762931924852739
1456763041345802246
1456763372066652162
1456763726229606402
1456763806886027265
1456763829971349508
1456763831665848321
1456764258323214340
1456764309992706051
1456764710804770821
1456765268613603333
1456765353267273728
1456765391523491844
1456765539884453896
1456765543084593152
1456765878893170693
1456766142354124802
1456766170229530625
1456766200302776331
1456766231558635522
1456766356808949766
1456766730508767235
1456766863665508354
1456766968141340678
1456767088484405248
1456767278809337862
1456767358111031301
1456767441867001861
1456767585660329984
1456767609374904320
1456767697421754370
1456767758931316738
1456767784168431634
1456767790640103430
1456767960475971587
1456767983053938693
1456768258871160832
1456768269797322754
1456768291234586625
1456768320695410689
1456768354979487745
1456768365532487681
1456768481072861185
1456768781712334854
1456768799185768451
1456768938679816195
1456768983521181703
1456769606857764870
1456769609864986624
1456769681252102144
1456769802970845190
1456769931232612353
1456770009615720450
1456770061637726216
1456770472071237635
1456770809549127683
1456770966596378631
1456771057407434752
1456771093344120836
1456771155797454854
1456771258067025924
1456771347133210628
1456771430872489985
1456771513865195520
1456771591316987906
1456771647227121665
1456771742202949634
1456772116217479169
1456772117869916166
1456772486012493825
1456772564433313795
1456772621668859905
1456772922727620609
1456773233148153860
1456773285815914498
1456773568876929030
1456773749945028613
1456773851619209225
1456773899534831618
1456774040878727168
1456774118691459073
1456774337483055106
1456774730908831750
1456775035826458636
1456775095461031938
1456775121545347074
1456775199244890117
1456775274217947137
1456775463800508417
1456775828046598152
1456776060012568580
1456776187418664965
1456776481602899975
1456776918133575681
1456777161650540547
1456777641743331328
1456777771682832391
1456778381446557697
1456778847786000388
1456779422757961734
1456779561677561859
1456779976607469572
1456780534751784961
1456780600543694849
1456780783125946368
1456781085262577668
1456781253898907652
1456781259473043463
1456781274358632449
1456781357116317697
1456781868972613633
1456781930805010432
1456782092776452096
1456782228562849797
1456782351741210627
1456782839891038218
1456782851878227968
1456782986330796034
1456783091456901120
1456783107290329090
1456783109068922887
1456783160646246407
1456783315852152840
1456783484572237827
1456783556903153665
1456783707101093900
1456783743264313345
1456783959506001922
1456784342450151425
1456784771703529478
1456784890096148487
1456785007108927488
1456785284331343875
1456785472949309445
1456785561121738753
1456785603035648004
1456785744056524808
1456786066954932225
1456786078338322442
1456786333003915273
1456786401630961666
1456786530299699214
1456786714555453441
1456786747099070465
1456786773116432385
1456786953073004549
1456787038414516227
1456787134254403589
1456787188088143874
1456787266312052742
1456787375640690688
1456787422033842177
1456787645850292231
1456787672022781956
1456788052685336578
1456788084532654085
1456788089049862146
1456788095932768261
1456788147803619329
1456788211926192129
1456788884378079235
1456788918200795138
1456788990451986437
1456789209667317761
1456789405319024648
1456789804683829250
1456789937290821632
1456790017682989060
1456790325733769217
1456790581582209025
1456790654021947394
1456790729393520640
1456790795479142401
1456790886667505664
1456791490399805442
1456791610222592003
1456791854901465088
1456791871418769416
1456791912086650886
1456791930147246080
1456791945829920771
1456791995108761607
1456792048951037953
1456792203750043648
1456792309408931842
1456792338966138883
1456792477881487361
1456792816441495554
1456792853854703618
1456792993264926720
1456793069278347270
1456793516491804675
1456793757966348290
1456793760021590019
1456793855794335745
1456793961985679363
1456794018659115009
1456794092034211841
1456794183956586499
1456794287455162370
1456794457840357378
1456794477268504578
1456794680482582528
1456794961870008323
1456795156619816965
1456795547268882436
1456795671504293892
1456795742568435712
1456796128456818694
1456796136920993800
1456796163827437569
1456796228365209600
1456796325413015557
1456796695136817157
1456796736572252166
1456796834735722497
1456796839987097604
1456797069851701250
1456797209933058051
1456797368532230145
1456797685940432898
1456798368730992643
1456798542257852419
1456798904788336644
1456799029032013824
1456799083763535875
1456799284221841412
1456799323946209281
1456799554699939842
1456799891817173001
1456800458035585024
1456800522405568513
1456800754149244930
1456801006092759045
1456801119645184005
1456801559786885122
1456801856915656706
1456801950658441219
1456801968710631435
1456802119332339715
1456802327059386371
1456802464267706370
1456802984621318144
1456802998068420608
1456803156894134273
1456803306697859076
1456803633811660812
1456803972275113984
1456804125199503362
1456804316954734600
1456804319894937609
1456804840743579648
1456805259863601153
1456805668506292227
1456805937168125957
1456806129216991238
1456806316047994882
1456806472269144065
1456806575667097608
1456806658466746371
1456806754755489792
1456807074453544966
1456807243043770372
1456807284026355713
1456807417350529029
1456807426964049923
1456807646674268164
1456807668451000324
1456807785455357954
1456807798747148290
1456807942330716166
1456807969396457474
1456807982021451779
1456808442438447113
1456808444267155457
1456808539314343938
1456808780138786818
1456808872388202496
1456808935659393024
1456808956328878092
1456809125183033348
1456809464653287427
1456809658241388547
1456809985493569537
1456810040892051459
1456810077420150787
1456810114321686531
1456810142343761924
1456810380508872708
1456810532523192320
1456810578186366984
1456810587363631106
1456810621924687877
1456810737834369024
1456811026859560963
1456811097705623553
1456811136301555712
1456811329939980289
1456812089230692355
1456812163797065729
1456812220759691265
1456812628739768320
1456812667516117005
1456812857035722753
1456813253913456642
1456813304446398465
1456813306153472012
1456813423988072451
1456813466937872385
1456813515688366086
1456813581379457024
1456813665965985793
1456813702850748421
1456814047563640832
1456814160629669888
1456814194607656960
1456814248085102594
1456814353458479108
1456814479568744454
1456814967999582217
1456815262108323846
1456815584855748610
1456815663633387522
1456816061404389377
1456816310864777224
1456816497716645890
1456816621939531777
1456817059195666436
1456817226217103360
1456817399026667526
1456817793714692101
1456817818092068865
1456817819388153857
1456817960920784897
1456818266823970818
1456818310981558273
1456818362978340866
1456818555492651011
1456819469620154372
1456819633193840642
1456819750131093507
1456819847350870018
1456819904879943685
1456820895520104455
1456821404511326213
1456822643789815808
1456823040860475396
1456823201179262976
1456823237371777025
1456823446323695620
1456823566444470278
1456823679224979462
1456823727287570436
1456823801728040962
1456824446174498818
1456824792624025602
1456825062712033280
1456825189438742528
1456825758912073728
1456826256977272833
1456826805713870853
1456827382795493376
1456827422762885121
1456827767148929026
1456828342028566529
1456829606498086912
1456829717412290562
1456830435619524611
1456830523117031431
1456831323587465217
1456833026416074753
1456833346487693313
1456833588440223746
1456833832162926601
1456833978615296007
1456834124560302081
1456835325410480132
1456835474094321667
1456836073187733506
1456836168046292992
1456836316679729161
1456837771964805123
1456838574075219970
1456838667700420608
1456839186804260867
1456839454870626307
1456839575117172738
1456839637482151938
1456840087090704385
1456840373486059527
1456841068390096898
1456841630783184896
1456842041703350272
1456842131671326721
1456842460580048896
1456842544965304326
1456842992971501570
1456843073766535172
1456843499811131396
1456843537752887298
1456843598108844032
1456843652391751680
1456843809048842245
1456844424810430471
1456844689072558087
1456844883847749634
1456844939854290947
1456845123707363328
1456845612163297280
1456846108584394754
1456846350700720135
1456846545295265797
1456846567978139652
1456846592493772801
1456846652531216385
1456846748085858306
1456846919750205449
1456847041477296131
1456847293848555523
1456847378036580355
1456847466993573889
1456847598761955335
1456848947138514946
1456848998237675526
1456850615347265537
1456850957074006016
1456851505382780933
1456851912813211650
1456852263289430018
1456852285036847108
1456852399935524865
1456853730763046917
1456854141708423171
1456854216685887490
1456855057564065794
1456855351525982208
1456857969187069955
1456858064905293824
1456858374381965318
1456859426275606529
1456860951697707010
1456861311757848576
1456861731792191488
1456862112047792136
1456862514189414402
1456863435849756672
1456863606155382788
1456864558732255233
1456867145351143424
1456868598257958912
1456868721956474882
1456870215900299264
1456870341679198209
1456870948305391617
1456871487722360833
1456872803827912707
1456873149455286280
1456873179188658179
1456874424691482626
1456874510418788362
1456874558535966720
1456875434856095746
1456875458704797704
1456877140318699526
1456877522935848964
1456877895771725824
1456878267990831106
1456878929277489153
1456881363039129605
1456881519134343179
1456882524072853505
1456882812171296769
1456883201771724800
1456883538339385345
1456885465219416066
1456888401240621056
1456888777163476995
1456890369929617408
1456890854103207936
1456890878258302977
1456892384030048256
1456893322576859137
1456893600952827908
1456894371911979012
1456898552865644545
1456899143004196869
1456900153693118467
1456901420725194757
1456901959378604034
1456902968452681730
1456903029978980355
1456903456195756037
1456907061015552006
1456908084119543813
1456908971651043329
1456910435177877506
1456911220683034627
1456911346847604740
1456914403337678850
1456915171935391749
1456915381231181824
1456917221964386304
1456917516790517762
1456917581693079559
1456917598017179650
1456918032568160260
1456918386819190784
1456919676051763205
1456921957992210437
1456923548551942147
1456924166918217729
1456927447958630402
1456927754054770692
1456927766516011010
1456928487667900420
1456928743608496135
1456928971757604870
1456929155807854596
1456929908219863041
1456930716181164035
1456932236998098944
1456933010759208967
1456933376359862272
1456933386430435330
1456934355159375882
1456934362923114497
1456934796995739651
1456935009881923586
1456935015804280837
1456935121324548098
1456935508437880836
1456936158953418756
1456936236984176642
1456937121307049985
1456937644114464771
1456937653400653826
1456938159992889346
1456938377559818241
1456939301384695816
1456939519656214528
1456940463726940160
1456940643939459074
1456940645935984642
1456941122455023616
1456941411429978112
1456941919846666240
1456942831784775685
1456942867381903360
1456943037414772740
1456943121502142472
1456943316617121793
1456944909357830145
1456944950738919427
1456945521487056900
1456945772314955777
1456945787829637131
1456946899496341507
1456947033105854469
1456947053813194755
1456947076273688580
1456947907240894466
1456949210742497282
1456949357161422853
1456949434311446532
1456949559863742464
1456949571163197440
1456949715480743936
1456949809491980291
1456949998617337865
1456950437677084675
1456950754078461957
1456950890821210116
1456951094198874113
1456951842525663233
1456955180323414016
1456955359931731969
1456955963903201289
1456956122104045568
1456956211413323779
1456956539000872964
1456956762360143875
1456956794434166787
1456957170012999681
1456957220709675018
1456957509575577606
1456958018126495744
1456958118353584130
1456960233096503300
1456960465947533312
1456961080207437835
1456961972277334016
1456962224589783041
1456962946840543241
1456963386860736525
1456963415474311179
1456963834393079813
1456963841376636929
1456963877875372039
1456964002244870147
1456964056892444672
1456964103877144576
1456964215793725448
1456964270558744579
1456964367350697984
1456964800156667908
1456964879022272513
1456966500494069760
1456966673215508488
1456967244500676608
1456968275607293963
1456968445703118850
1456968506466082816
1456968542956490753
1456968556533460998
1456968561839247367
1456968720090222595
1456968747877642242
1456968930417856516
1456968962433032195
1456969000903086080
1456969458921230336
1456969699376443393
1456971126257684480
1456971402771320837
1456971686222331906
1456971901528682503
1456972956261765129
1456974614995800064
1456974906101575686
1456975775656153089
1456975905755176971
1456976047681982468
1456976853340655619
1456977125869826055
1456977195424010243
1456978071035207688
1456978092472295426
1456978268192706565
1456978659160567813
1456978702248472578
1456978776005435399
1456978914555809797
1456979390689054720
1456979688518262789
1456979702799749123
1456980864437391363
1456980877523791878
1456980906414071811
1456981753663471624
1456981766195990533
1456982064310341647
1456982347212070921
1456982498051858436
1456982542272372742
1456982854672416769
1456983137628655619
1456984009112793089
1456984181825736716
1456984275492945920
1456984483912196099
1456984804319170562
1456985210860589059
1456985271476523015
1456985420848377857
1456985910495485958
1456986518879236103
1456986680913694721
1456987055192477703
1456987069197082633
1456987314635345925
1456987773194407936
1456987965595467776
1456988103084847116
1456988127118209025
1456988148617994241
1456988203009724419
1456988333742170115
1456988410657259524
1456988957204525058
1456989609548820481
1456990232176472071
1456990669667405824
1456991026976002056
1456991539419303943
1456991577998602250
1456991629378670600
1456992094862647303
1456992240052563971
1456992662976860163
1456992695113723915
1456993107652792335
1456993406450913294
1456993807187197955
1456993988536320001
1456994036070371338
1456994243910668291
1456994248507674625
1456994477369823233
1456994508034433026
1456994646282969089
1456994740486893572
1456994827401371650
1456995301147901958
1456995613984247810
1456995936148799498
1456995953257287682
1456996187266068483
1456996410507681795
1456996423958994953
1456996487771066377
1456996611561828361
1456996683380822021
1456996925396242437
1456997007856341000
1456997419879739397
1456997447142629377
1456997534820339718
1456997591095250952
1456997639518568456
1456997682665324544
1456997748482379784
1456997817529118730
1456997830862655489
1456998044617121800
1456998170374938631
1456998446037147656
1456998605794029571
1456999002503794692
1456999079808995331
1456999130535014411
1456999214643220481
1456999500187410437
1456999602570153986
1456999729926000649
1456999740760023045
1456999749224181771
1457000040342474754
1457000499073490947
1457001223941459974
1457001260364795907
1457001712972148745
1457001845264629763
1457002264997072909
1457002347297652743
1457002468844388353
1457003471626850311
1457003472906248203
1457003708693286921
1457003718348476420
1457003793393061890
1457003864369082369
1457003915921313796
1457004172902125570
1457004377097576450
1457004786788745217
1457005791576133640
1457006948088492035
1457006988047503362
1457007655701159945
1457007704396939271
1457007719899090945
1457007903747895300
1457007911704711169
1457007925193543685
1457008362965671942
1457008434067410946
1457009486762332165
1457010180026216450
1457010200829997058
1457011153867919373
1457011327818506248
1457012420833071110
1457013358683729921
1457014346677108739
1457014582799749121
1457014910383181838
1457014915403821056
1457015051513069571
1457015310997929990
1457016278569426946
1457016328334757894
1457016486850179077
1457017083598938118
1457017090951376900
1457017281024778240
1457017440421007363
1457017758416347136
1457018230346817548
1457018647105376267
1457018655716298752
1457018727816261636
1457019080431456259
1457019571307626500
1457020888948350977
1457020899870142468
1457022014468808707
1457022813802434562
1457023123300106241
1457023426263089156
1457024176523415560
1457024713532661768
1457025748313780234
1457025800964689921
1457025908481662976
1457026857665273858
1457026899167879178
1457027257306914820
1457028309145964547
1457028442067771400
1457028455401394178
1457028489341714442
1457028640080867335
1457028805189677056
1457028915000659969
1457028921866682368
1457029927836999684
1457030075115835402
1457030117012672515
1457030290900193282
1457030457820958726
1457031392462782475
1457032138541264908
1457032612330024960
1457033728035852292
1457034200515817484
1457034627638497286
1457034953141612547
1457035470588813319
1457035479296184320
1457035861112074240
1457036050921140227
1457036182139846659
1457038218591813633
1457039080508768262
1457039448957505536
1457039851241361408
1457040747581124618
1457040810302578688
1457040824353665024
1457041521488838659
1457042009374478348
1457042118401306631
1457042334567305223
1457042546060836866
1457042617502404609
1457043732646223876
1457044693586485256
1457045292403073030
1457045475325009922
1457045490252517383
1457046306493501440
1457046378266324996
1457046927267307529
1457048151072804864
1457048501712408576
1457049525663768580
1457049777531727872
1457050153706217477
1457050525069938701
1457050805102469122
1457050809703743498
1457051062263762949
1457051210821906432
1457051271072976904
1457051897114730496
1457052014148341760
1457052208382554113
1457052280310538243
1457054166170275840
1457054511609044998
1457054564037898243
1457055562923864064
1457056729825480707
1457056995538661376
1457057049355997187
1457058121210281989
1457058224159526915
1457058258477142025
1457058818932842508
1457059188631351305
1457059932507942923
1457060989917147137
1457061468478885891
1457061495783792646
1457061867130695681
1457062056482459652
1457062429876269057
1457062733703229444
1457066570732146689
1457066615363751938
1457070913858543620
1457070965427302400
1457071725993201676
1457072473741033472
1457073372026843137
1457073385582780421
1457073693759361028
1457074021632077832
1457074640807890948
1457075665702952963
1457076618808070144
1457077009931243529
1457077597381169154
1457077644302774274
1457077845788803074
1457077949878792192
1457078611916242946
1457079531655901184
1457080354636980237
1457080518869061632
1457081679563030530
1457081687771385860
1457082968984457223
1457083762576175111
1457083827441000451
1457084684740046857
1457087526460526599
1457087859555373057
1457088111402438660
1457089015669219330
1457089354770288641
1457090215785402370
1457091335576375300
1457095607500169217
1457095807337787393
1457095892910051329
1457096389213757442
1457099558849236993
1457099756925165568
1457099977205895171
1457099999733506068
1457101384680083461
1457102651884281856
1457103069569822721
1457103214025773060
1457104646237941763
1457104904036683786
1457105226100445186
1457106328514662410
1457106398580551680
1457109914799669252
1457109940041134085
1457110319289954306
1457111161141268481
1457112380903763972
1457112769044549634
1457116727708241921
1457117155980464128
1457117239497445379
1457117289917161473
1457119038946041858
1457123975054512129
1457124815995908098
1457125520383037447
1457126135251283973
1457129426232164356
1457130330746351628
1457131713621110791
1457131718368968710
1457133713775644673
1457133866783854605
1457135760457490440
1457138680980672518
1457139193646301191
1457139248327503873
1457143474713673735
1457146339175903234
1457147677259481091
1457147941118959617
1457147979262042115
1457148509329690625
1457148708211015687
1457148887354023940
1457149045550555144
1457149836692795395
1457150033116073992
1457150708248162307
1457150846232403970
1457150961877721091
1457152208353431560
1457152295762792454
1457152608704073732
1457153775152603136
1457154057584394246
1457154223947358211
1457154694946516995
1457155472532856835
1457155945767780353
1457156194125164548
1457156469829382146
1457157525208510468
1457157903761100809
1457157958480109572
1457158111907631112
1457161118976286721
1457161790220034051
1457162743040069633
1457165408184774666
1457166752832442374
1457167044240105472
1457172842185822209
1457174659808604161
1457178296299532289
1457180276946210820
1457180633386586116
1457183323730718722
1457183801176698881
1457185166644838403
1457185893245202437
1457188759758270469
1457190998837108741
1457191835680612355
1457193057984471044
1457193889643720706
1457194485167886343
1457195655651233793
1457204151897657345
1457208100860145671
1457216916557377541
1457217405810212864
1457217666398101504
1457220189888696326
1457220500103516162
1457220916564295684
1457221851399208961
1457222398269341698
1457227361733079043
1457227392230035456
1457228721459449857
1457231228508250112
1457235044448210947
1457235981363400707
1457236319172694018
1457239465639006210
1457244217239998473
1457245382124179464
1457250809284988930
1457255564044431362
1457257847977250823
1457266376435896323
1457274927443218432
1457287189956415494
1457297886887104515
1457308771336826881
1457314359747784704
1457316141634932736
1457325049430618113
1457328589158817794
1457331497891999748
1457333492799315981
1457335211021197313
1457338985743888400
1457339078903533576
1457339291630190601
1457339411654393858
1457341446118330376
1457342383385944068
1457342771304484876
1457343031309438978
1457343392585850880
1457345820794052611
1457347864867262466
1457355144849412101
1457355921462546432
1457355998201585669
1457357314713800715
1457357542120624135
1457357584583823361
1457357860887687170
1457357972116361224
1457358689543860230
1457359526601109505
1457360467672793088
1457362468259336192
1457362595946635294
1457362748602339328
1457363856360103940
1457364153224552455
1457364460633530376
1457365030131879940
1457365112893870086
1457367852340625411
1457368806884577285
1457369152818237443
1457370551442452487
1457370738126643200
1457371662966480897
1457371759783682050
1457371797851095040
1457373244898648075
1457375041230934020
1457376281427955712
1457378250972450820
1457379183521419265
1457379242023571461
1457379534655967234
1457380116107968518
1457380327832408064
1457381658391457794
1457382675228991494
1457384862541885446
1457385740090941450
1457386145998721024
1457389207324921858
1457391166282866700
1457392837746700294
1457393964693155851
1457393978060464128
1457394142833696770
1457394754581192705
1457395262800891905
1457395930676801543
1457397416911642630
1457397880986161158
1457398830144671744
1457401231626940418
1457401653292937222
1457401933686317056
1457404544703401998
1457412295781404679
1457413588872798209
1457415555447730185
1457420041100607498
1457420903923523585
1457421373979115525
1457424825358618638
1457425225382088720
1457426766113525776
1457428295419584515
1457430113620922369
1457432714844389377
1457432775431229456
1457433561745793025
1457434795928178688
1457436685784977432
1457438650367627272
1457440272783134723
1457441341420490762
1457447272984334339
1457449491624198144
1457464145054511109
1457464450299174914
1457465686834417665
1457471332560502785
1457472817453322249
1457476227816693762
1457476234376515584
1457476730831220736
1457477653544333316
1457478584268906503
1457479387343998977
1457480976087621635
1457492012014444547
1457504186661318656
1457506074534285317
1457507259919978506
1457511766146043907
1457515123199905793
1457516392194969601
1457522926232735748
1457524444763541504
1457524604130390020
1457533330186977288
1457541422081404931
1457542380031250434
1457543114336374784
1457550791112278016
1457555871270064133
1457557340614397953
1457559460180856833
1457572992670707713
1457573420795785227
1457573929858568196
1457576661696778241
1457578639369785344
1457580422448226304
1457580823771848708
1457582130104471559
1457596613048745987
1457623331444756481
1457626177288425473
1457645749097861121
1457667409796599813
1457678033742180354
1457678205138128901
1457685786313338880
1457688847228211202
1457689078158213122
1457695046933925891
1457696877026160642
1457701186379796481
1457702704747253767
1457704521858265093
1457706562789773312
1457717663346487297
1457720956890148868
1457721408256086016
1457728200520478722
1457730096069029893
1457744166977482766
1457744487225171970
1457751396439236621
1457754401850855430
1457755936794165250
1457759731515330574
1457762461264744456
1457772356609327107
1457787854734516229
1457788049585172486
1457794475657293834
1457799355398688768
1457799734979006466
1457805548620034059
1457809324097654790
1457809938181361666
1457820819866931208
1457823057737826304
1457827026644127749
1457856599049977857
1457859452908998658
1457861687072018434
1457865370304385025
1457890081600000006
1457925345810677767
1457927438923706368
1457934310858805250
1457944578342850565
1457949938520936448
1457966044576899078
1457989201715154950
1458020465365110787
1458082246531895311
1458107905929056265
1458115697406402572
1458126318852349954
1458126401035505674
1458129578761797633
1458131057245663238
1458131444530917376
1458134843888439301
1458159243106869249
1458198575205212168
1458227088050229256
1458248367759314953
1458306885686218754
1458389096708120582
1458400163442081794
1458448461620252672
1458478268231868424
1458488892827570184
1458502454136430595
1458514023297818626
1458518989408247817
1458525788509249547
1458526018256449541
1458530519604420608
1458531512584974348
1458548187275448325
1458554521165172737
1458556607910924289
1458559912380878850
1458561940641484807
1458569131612114945
1458584435222360068
1458588890445475843
1458612751597588485
1458625145103212546
1458730108261437441
1458773627139145735
1458786091943792640
1458790040671248386
1459138401601560588
1459143804007686152
1459155558792142871
1459180223115657225
1459193653419720706
1459197041280700423
1459197770494005261
1459268214509166596
1459275191238873089
1459394806317125633
1459587336531030017
1459626174942875650
1459660596497063936
1459662688376836097
1459793189536034824
1459818193225191428
1460104412614074369
1460275830374948865
1460281457818025984
1460765463538020356
1460765639514206209
1461176821068795907
1461375759424147464
1461430846762766346
1462884874017144836
1462905729543725060
1463182492572151808
1463182965744168965
1463499650489540620
1463640392138575872
1467285771207991300
1468391395530584068
1469517304513712129
1470554151105011720
1471560758349733888
1472727489868967936
1472764995876311042
1473166834744455169
1473253585622376450
1473436888987963392
1476261921695412225
1476530385408471042
1477473723565236228
1477717258310987782
1478150565322530816
1478159616806686727
1478628667181907969
1478898292721262592
1479133568559419392
1486814048494698503
1486814092522369024
1486815279929774081
1486829395620814852