1456718978123018241
1456720731690184710
1456720817899847682
1456720938406453253
1456721590909947905
1456721660434739206
1456721753317773322
1456721870821146635
1456721902702112768
1456722029378297859
1456722717672157185
1456723215032668163
1456723623457148930
1456723701190254606
1456724771115356166
1456724894524182531
1456725336746569731
1456728945726943233
1456729632397578250
1456729768313831432
1456730041925128197
1456732600572125187
1456735766554583051
1456736706036654084
1456746684701151235
1456747967218532352
1456750751653392387
1456751301753139203
1456751962288918529
1456764091134103552
1456766349653467139
1456770236493959168
1456778010217091077
1456779975747518474
1456792805980901376
1456794647603265537
1456801017387958272
1456802228031868930
1456803425614716929
1456835375826153473
1456863034857738240
1456879139785412610
1456913340316463104
1456921920188919810
1456930564167004165
1456949394079580170
1456959323129610247
1456959406487314435
1456961893516541952
1456968992938151937
1457022969562152965
1457034132710510597
1457041797541027847
1457045249168187395
1457059422497230850
1457128962757386241
1457166636323164165
1457189897576468483
1457296269853011968
1457355438752550912
1457374618734497804
1457441219924140034
1457479830115692545
1457707965742526477
1457902039577464835
1458066553954504709
1458083042166247433
1459265522634313733
1456747868736278528
1458081795598135309