1462895424747057160
1462895884702822403
1462896007318937608
1462896945102561289
1462897046864769028
1462897898618855430
1462898118735839238
1462899700928028674
1462903323212849155
1462904222333259777
1462907342220058630
1462908705855315969
1462908726159970304
1462908950542786565
1462910598266732560
1462910897266085891
1462911190372429824
1462911821577211904
1462919184388706313
1462924006919741446
1462924861555228676
1462928240234971139
1462928383701131267
1462937723103285249
1462941723055775748
1462952631018602496
1462953357966991361
1462959024350109704
1462985773830090760
1462993226512711681
1462994393032544263
1462996569129734148
1463029420386574338
1463035531185451012
1463035612382969860
1463054882483621894
1463089624952324100
1463095476337659910
1463113675716317191
1463121742432546823
1463126231965130759
1463133049747435521
1463134633156034562
1463138011302928385
1463150203498762245
1463155499189346317
1463156059078635520
1463159531245117456
1463171830265655312
1463187282589065218
1463187516140363776
1463191943924625425
1463198055566479369
1463203297246867457
1463208223624814599
1463211769984425984
1463219286739230726
1463231779653914625
1463237049654255618
1463237664715403266
1463250129918599171
1463253553359769607
1463313751969517569
1463342228504465409
1463446758164340739
1463702059014930432
1463883783439007752
1464110578977280005
1464111981657563136
1468662649588228096
1469355450315554822
1463583180506767361
1463874318895656963
1463932403332825093
1464111576299024386
1464268811591426052
1464273270858043394
1464299190658506760
1464320618006990854
1464362088214769664
1464452188898578432
1464671491925192709
1464942459084054538
1464947633659650049
1464990942419587073
1465713579189936139
1466070322596261897
1466087106250481670
1466544428827303939
1466804541526093830
1466908013483241477
1467337269778522117
1467396574024241152
1467556731974787076
1467705522497409026
1467922456933507084
1468261655557586953
1468274144395476992
1468297826241187844
1468403165355720709
1468562726645608457
1468893737661124610
1468971966870822912
1469218589261578240
1469219160769056769
1469332441403826179
1469335283917148160
1469650282351058951
1469691645121683467
1469693521938591750
1469699267245875204
1469721494074925065
1469724191670820876
1469748389688627207
1469823037528805383
1470047984951996420
1470049383009955843
1470064280947023884
1470065629491175427
1470137909235884032
1470168193016676360
1470206495207927810
1470441061537488896
1470716150216544263
1470803649450369028
1470831410420269063
1470856811993567233
1470857624887386115
1471160416399237128
1471161473116381195
1471267839629742088
1471267866582388736
1471528169819803650
1471583872894869506
1471806787951251457
1472460650244886530
1473393803201503238
1473677225358671876
1474071483710414872