1455625383185981440
1455625560667873280
1455625603927855108
1455625759259705344
1455626626692259843
1455626771613642753
1455627047762423808
1455627302998462466
1455627332962635777
1455627423656157201
1455627866205532163
1455628709315158019
1455628720345993218
1455629527472869383
1455629749443653632
1455631623635062786
1455631838064480256
1455635267621171202
1455651971520679940
1455665271092523018
1455669083156922375
1455672487698583553
1455674703276806150
1455675845750804482
1455682247860834304
1455686832843157505
1455697606429102085
1455710311789572108
1455735871836233734
1455738853923319808
1455742316191309827
1455742514850320387
1455742948478496769
1455749172330733570
1455758549171138566
1455777534923186176
1455783030191181826
1455792020660834307
1455796813001379842
1455814088978669576
1455841653978247172
1455878677774876675
1455880804681191433
1455895725431087109
1455971755823181824
1455972898179538944
1455976365480546304
1455990882688249863
1456022978387349505
1456254117840445441
1456448212550791174
1456645115137728516
1456666439243477006
1456869329492971520
1456969506497122317
1456990000017514498
1457131195309907969
1457132700343672835
1457674009441624069
1458169540270034944