1463916780250927106
1463885551346589704
1463885973104824331
1463886543483985927
1463886871549853703
1463886909847990272
1463886960783728643
1463887179910836225
1463887546958561288
1463887549651431425
1463887617410408450
1463888808307572749
1463889804047917056
1463890046029746184
1463890061984862213
1463890115395301386
1463890565683052545
1463890980088823819
1463891289573928971
1463892397297913866
1463892622682955778
1463893485296177166
1463894095194210308
1463894228044595205
1463895920593051652
1463896069792804875
1463901202161278977
1463903325800308743
1463903395266416649
1463904659995873280
1463905718579437573
1463905996460335116
1463906496886964224
1463907937068457986
1463908706312146953
1463908759315660800
1463909098206941184
1463909594065870861
1463910413553311754
1463911546611027973
1463913090983026696
1463916552542035971
1463916995892678656
1463921346493267977
1463921765139296257
1463923204720898049
1463927529291403264
1463930660008124425
1463934665266327555
1463938397228126211
1463941275694952448
1463944560535609350
1463946226131357701
1463950999249379354
1463951038260547585
1463953400706449414
1463953830975000587
1463955755615281156
1463957431013318668
1463961330403229697
1463962947802312706
1463967385204015108
1463967487213584385
1463970033416159242
1463975122155585541
1463975387579486208
1463979667141152775
1463988869079126026
1463989743587373057
1463999441929531399
1464008306511564803
1464011247137878034
1464017578662064141
1464022638263619585
1464022947140714497
1464024205700190211
1464031650925404162
1464031761860542465
1464031878814605314
1464031994669682693
1464032107697741828
1464032595520413706
1464033043866218496
1464036328803348486
1464036404627914753
1464036432981413889
1464036540343013381
1464036715891511298
1464037758649917440
1464044849531867139
1464048766424653826
1464049810357600259
1464054111557632002
1464054446791528456
1464054907795816448
1464059689788841985
1464066655651344403
1464067517748551681
1464071723456864256
1464072830442635264
1464073027079983106
1464077274571886602
1464077773446729728
1464079932926087177
1464080804133359623
1464081626384801794
1464082586989436933
1464082656199540745
1464084790521516035
1464085439401320451
1464097205548056580
1464097341938417669
1464099250069983260
1464100588443025408
1464103593384894469
1464116557567692804
1464119188696543249
1464120644782624774
1464122941482938399
1464125069160898560
1464139687401070596
1464162921815101440
1464167394461503492
1464168452852273153
1464185059003482114
1464193494772162565
1464195869167829029
1464200779519168512
1464206091315605504
1464210574078840832
1464211189651628039
1464218393511403537
1464225684843282434
1464232282223529989
1464232956323500035
1464234859770040322
1464237045585489924
1464237806562254848
1464262397733003268
1464266711889293320
1464268621211914248
1464277009815724035
1464280134513537025
1464295157411418117
1464321255444672512
1464322031298629636
1464322692165820416
1464341406642839560
1464343457447780355
1464387922053025805
1464423703526051843
1464754981345669122
1464790064748277761
1464802062726746115
1465143042575409158
1465307295840092162
1465364402157363204
1465395134179254279
1465405089191968773
1465748384514457610
1466462113317146625
1474081654075531267