1460386845393571852
1460586998171947015
1460312917086191621
1460314785711636484
1460316361461174273
1460319390356971528
1460326765415612425
1460329254756007942
1460332880421277700
1460350381339422728
1460559381880131586
1460599289160286213
1460620967995133955
1460626656704581632
1460639546199228426
1460641561440657416
1460704258790236168
1460944782423998468
1460986210621349893
1461014691233337346
1461024122977280005
1461057912089071626
1461336009669500936
1461722673336270852
1462211577390768134
1462905504167043077
1460333311822372869
1460531946254131201
1460722083168620548