1458465277906067463
1458466073951576070
1458466119438815245
1458466692938543113
1458467634069057541
1458468406026506240
1458469314152079361
1458469612719329280
1458470337457295361
1458470707801776128
1458471583245287427
1458471915190833152
1458481324067598353
1458483868240056324
1458484637014106112
1458488759830212608
1458489854505934851
1458496579523026947
1458497620712861697
1458510344335204353
1458519164105199620
1458519830705754112
1458521207993769984
1458524219868807169
1458536841922158597
1458546449231269892
1458563272593092615
1458706131837149186
1458785232803573775
1458993355589832748
1459165161785368576
1459352075687456769
1467936885054058498