1456326367818264582
1456326646827528199
1456326847227174919
1456327818145673225
1456328155472465924
1456328750149382146
1456328779866025984
1456328951014506500
1456328958929162243
1456330953069113349
1456331060791422979
1456334578076065801
1456336969768701955
1456637187512930309
1456666209584361481
1457077882325454862
1458080505631584270
1456337462570061849
1456337868947955713
1456340002326020097
1456341273963634690
1456357567517577223
1456416872124100615
1456417357803446279
1456418414814244868
1456419828084903938
1456467729716711429
1456469309379674115
1456517192531447825
1456520907598467088
1456531570991505411
1456534049015492609
1456534322723262470
1456542174875578368
1456573469135671298
1457342002685640711
1457877588022497280
1458396518189178888
1459171644023328773
1465268884320235526
1465330394757275649
1465986230202650629
1465999010221670404